din_instante,id_subsistema,nom_subsistema,id_estado,nom_estado,cod_modalidadeoperacao,nom_tipousina,nom_tipocombustivel,nom_usina,id_ons,ceg,val_geracao
"2022-02-15 00:00:00",N,NORTE,RR,RORAIMA,"TIPO I",TÉRMICA,Gás,"Jaguatirica II",RRJII,UTE.GN.RR.044619-0.01,0
"2022-02-15 01:00:00",N,NORTE,RR,RORAIMA,"TIPO I",TÉRMICA,Gás,"Jaguatirica II",RRJII,UTE.GN.RR.044619-0.01,666600000
"2022-02-15 02:00:00",N,NORTE,RR,RORAIMA,"TIPO I",TÉRMICA,Gás,"Jaguatirica II",RRJII,UTE.GN.RR.044619-0.01,4230900000
"2022-02-15 03:00:00",N,NORTE,RR,RORAIMA,"TIPO I",TÉRMICA,Gás,"Jaguatirica II",RRJII,UTE.GN.RR.044619-0.01,4792400000
"2022-02-15 04:00:00",N,NORTE,RR,RORAIMA,"TIPO I",TÉRMICA,Gás,"Jaguatirica II",RRJII,UTE.GN.RR.044619-0.01,4790800000
"2022-02-15 05:00:00",N,NORTE,RR,RORAIMA,"TIPO I",TÉRMICA,Gás,"Jaguatirica II",RRJII,UTE.GN.RR.044619-0.01,4441600000
"2022-02-15 06:00:00",N,NORTE,RR,RORAIMA,"TIPO I",TÉRMICA,Gás,"Jaguatirica II",RRJII,UTE.GN.RR.044619-0.01,606400000
"2022-02-15 07:00:00",N,NORTE,RR,RORAIMA,"TIPO I",TÉRMICA,Gás,"Jaguatirica II",RRJII,UTE.GN.RR.044619-0.01,0
"2022-02-15 08:00:00",N,NORTE,RR,RORAIMA,"TIPO I",TÉRMICA,Gás,"Jaguatirica II",RRJII,UTE.GN.RR.044619-0.01,0
"2022-02-15 09:00:00",N,NORTE,RR,RORAIMA,"TIPO I",TÉRMICA,Gás,"Jaguatirica II",RRJII,UTE.GN.RR.044619-0.01,0
"2022-02-15 10:00:00",N,NORTE,RR,RORAIMA,"TIPO I",TÉRMICA,Gás,"Jaguatirica II",RRJII,UTE.GN.RR.044619-0.01,0
"2022-02-15 11:00:00",N,NORTE,RR,RORAIMA,"TIPO I",TÉRMICA,Gás,"Jaguatirica II",RRJII,UTE.GN.RR.044619-0.01,0
"2022-02-15 12:00:00",N,NORTE,RR,RORAIMA,"TIPO I",TÉRMICA,Gás,"Jaguatirica II",RRJII,UTE.GN.RR.044619-0.01,0
"2022-02-15 13:00:00",N,NORTE,RR,RORAIMA,"TIPO I",TÉRMICA,Gás,"Jaguatirica II",RRJII,UTE.GN.RR.044619-0.01,0
"2022-02-15 14:00:00",N,NORTE,RR,RORAIMA,"TIPO I",TÉRMICA,Gás,"Jaguatirica II",RRJII,UTE.GN.RR.044619-0.01,0
"2022-02-15 15:00:00",N,NORTE,RR,RORAIMA,"TIPO I",TÉRMICA,Gás,"Jaguatirica II",RRJII,UTE.GN.RR.044619-0.01,0
"2022-02-15 16:00:00",N,NORTE,RR,RORAIMA,"TIPO I",TÉRMICA,Gás,"Jaguatirica II",RRJII,UTE.GN.RR.044619-0.01,0
"2022-02-15 17:00:00",N,NORTE,RR,RORAIMA,"TIPO I",TÉRMICA,Gás,"Jaguatirica II",RRJII,UTE.GN.RR.044619-0.01,0
"2022-02-15 18:00:00",N,NORTE,RR,RORAIMA,"TIPO I",TÉRMICA,Gás,"Jaguatirica II",RRJII,UTE.GN.RR.044619-0.01,0
"2022-02-15 19:00:00",N,NORTE,RR,RORAIMA,"TIPO I",TÉRMICA,Gás,"Jaguatirica II",RRJII,UTE.GN.RR.044619-0.01,0
"2022-02-15 20:00:00",N,NORTE,RR,RORAIMA,"TIPO I",TÉRMICA,Gás,"Jaguatirica II",RRJII,UTE.GN.RR.044619-0.01,0
"2022-02-15 21:00:00",N,NORTE,RR,RORAIMA,"TIPO I",TÉRMICA,Gás,"Jaguatirica II",RRJII,UTE.GN.RR.044619-0.01,0
"2022-02-15 22:00:00",N,NORTE,RR,RORAIMA,"TIPO I",TÉRMICA,Gás,"Jaguatirica II",RRJII,UTE.GN.RR.044619-0.01,0
"2022-02-15 23:00:00",N,NORTE,RR,RORAIMA,"TIPO I",TÉRMICA,Gás,"Jaguatirica II",RRJII,UTE.GN.RR.044619-0.01,0
"2022-02-16 00:00:00",N,NORTE,RR,RORAIMA,"TIPO I",TÉRMICA,Gás,"Jaguatirica II",RRJII,UTE.GN.RR.044619-0.01,0
"2022-02-16 01:00:00",N,NORTE,RR,RORAIMA,"TIPO I",TÉRMICA,Gás,"Jaguatirica II",RRJII,UTE.GN.RR.044619-0.01,0
"2022-02-16 02:00:00",N,NORTE,RR,RORAIMA,"TIPO I",TÉRMICA,Gás,"Jaguatirica II",RRJII,UTE.GN.RR.044619-0.01,0
"2022-02-16 03:00:00",N,NORTE,RR,RORAIMA,"TIPO I",TÉRMICA,Gás,"Jaguatirica II",RRJII,UTE.GN.RR.044619-0.01,0
"2022-02-16 04:00:00",N,NORTE,RR,RORAIMA,"TIPO I",TÉRMICA,Gás,"Jaguatirica II",RRJII,UTE.GN.RR.044619-0.01,0
"2022-02-16 05:00:00",N,NORTE,RR,RORAIMA,"TIPO I",TÉRMICA,Gás,"Jaguatirica II",RRJII,UTE.GN.RR.044619-0.01,0
"2022-02-16 06:00:00",N,NORTE,RR,RORAIMA,"TIPO I",TÉRMICA,Gás,"Jaguatirica II",RRJII,UTE.GN.RR.044619-0.01,0
"2022-02-16 07:00:00",N,NORTE,RR,RORAIMA,"TIPO I",TÉRMICA,Gás,"Jaguatirica II",RRJII,UTE.GN.RR.044619-0.01,0
"2022-02-16 08:00:00",N,NORTE,RR,RORAIMA,"TIPO I",TÉRMICA,Gás,"Jaguatirica II",RRJII,UTE.GN.RR.044619-0.01,0
"2022-02-16 09:00:00",N,NORTE,RR,RORAIMA,"TIPO I",TÉRMICA,Gás,"Jaguatirica II",RRJII,UTE.GN.RR.044619-0.01,0
"2022-02-16 10:00:00",N,NORTE,RR,RORAIMA,"TIPO I",TÉRMICA,Gás,"Jaguatirica II",RRJII,UTE.GN.RR.044619-0.01,0
"2022-02-16 11:00:00",N,NORTE,RR,RORAIMA,"TIPO I",TÉRMICA,Gás,"Jaguatirica II",RRJII,UTE.GN.RR.044619-0.01,0
"2022-02-16 12:00:00",N,NORTE,RR,RORAIMA,"TIPO I",TÉRMICA,Gás,"Jaguatirica II",RRJII,UTE.GN.RR.044619-0.01,0
"2022-02-16 13:00:00",N,NORTE,RR,RORAIMA,"TIPO I",TÉRMICA,Gás,"Jaguatirica II",RRJII,UTE.GN.RR.044619-0.01,0
"2022-02-16 14:00:00",N,NORTE,RR,RORAIMA,"TIPO I",TÉRMICA,Gás,"Jaguatirica II",RRJII,UTE.GN.RR.044619-0.01,0
"2022-02-16 15:00:00",N,NORTE,RR,RORAIMA,"TIPO I",TÉRMICA,Gás,"Jaguatirica II",RRJII,UTE.GN.RR.044619-0.01,0
"2022-02-16 16:00:00",N,NORTE,RR,RORAIMA,"TIPO I",TÉRMICA,Gás,"Jaguatirica II",RRJII,UTE.GN.RR.044619-0.01,0
"2022-02-16 17:00:00",N,NORTE,RR,RORAIMA,"TIPO I",TÉRMICA,Gás,"Jaguatirica II",RRJII,UTE.GN.RR.044619-0.01,0
"2022-02-16 18:00:00",N,NORTE,RR,RORAIMA,"TIPO I",TÉRMICA,Gás,"Jaguatirica II",RRJII,UTE.GN.RR.044619-0.01,0
"2022-02-16 19:00:00",N,NORTE,RR,RORAIMA,"TIPO I",TÉRMICA,Gás,"Jaguatirica II",RRJII,UTE.GN.RR.044619-0.01,0
"2022-02-16 20:00:00",N,NORTE,RR,RORAIMA,"TIPO I",TÉRMICA,Gás,"Jaguatirica II",RRJII,UTE.GN.RR.044619-0.01,0
"2022-02-16 21:00:00",N,NORTE,RR,RORAIMA,"TIPO I",TÉRMICA,Gás,"Jaguatirica II",RRJII,UTE.GN.RR.044619-0.01,0
"2022-02-16 22:00:00",N,NORTE,RR,RORAIMA,"TIPO I",TÉRMICA,Gás,"Jaguatirica II",RRJII,UTE.GN.RR.044619-0.01,0
"2022-02-16 23:00:00",N,NORTE,RR,RORAIMA,"TIPO I",TÉRMICA,Gás,"Jaguatirica II",RRJII,UTE.GN.RR.044619-0.01,0
"2022-02-17 00:00:00",N,NORTE,RR,RORAIMA,"TIPO I",TÉRMICA,Gás,"Jaguatirica II",RRJII,UTE.GN.RR.044619-0.01,0
"2022-02-17 01:00:00",N,NORTE,RR,RORAIMA,"TIPO I",TÉRMICA,Gás,"Jaguatirica II",RRJII,UTE.GN.RR.044619-0.01,3177600000
"2022-02-17 02:00:00",N,NORTE,RR,RORAIMA,"TIPO I",TÉRMICA,Gás,"Jaguatirica II",RRJII,UTE.GN.RR.044619-0.01,4797000000
"2022-02-17 03:00:00",N,NORTE,RR,RORAIMA,"TIPO I",TÉRMICA,Gás,"Jaguatirica II",RRJII,UTE.GN.RR.044619-0.01,4793900000
"2022-02-17 04:00:00",N,NORTE,RR,RORAIMA,"TIPO I",TÉRMICA,Gás,"Jaguatirica II",RRJII,UTE.GN.RR.044619-0.01,4793100000
"2022-02-17 05:00:00",N,NORTE,RR,RORAIMA,"TIPO I",TÉRMICA,Gás,"Jaguatirica II",RRJII,UTE.GN.RR.044619-0.01,4795400000
"2022-02-17 06:00:00",N,NORTE,RR,RORAIMA,"TIPO I",TÉRMICA,Gás,"Jaguatirica II",RRJII,UTE.GN.RR.044619-0.01,4792800000
"2022-02-17 07:00:00",N,NORTE,RR,RORAIMA,"TIPO I",TÉRMICA,Gás,"Jaguatirica II",RRJII,UTE.GN.RR.044619-0.01,4793000000
"2022-02-17 08:00:00",N,NORTE,RR,RORAIMA,"TIPO I",TÉRMICA,Gás,"Jaguatirica II",RRJII,UTE.GN.RR.044619-0.01,4794200000
"2022-02-17 09:00:00",N,NORTE,RR,RORAIMA,"TIPO I",TÉRMICA,Gás,"Jaguatirica II",RRJII,UTE.GN.RR.044619-0.01,4797800000
"2022-02-17 10:00:00",N,NORTE,RR,RORAIMA,"TIPO I",TÉRMICA,Gás,"Jaguatirica II",RRJII,UTE.GN.RR.044619-0.01,4792900000
"2022-02-17 11:00:00",N,NORTE,RR,RORAIMA,"TIPO I",TÉRMICA,Gás,"Jaguatirica II",RRJII,UTE.GN.RR.044619-0.01,4791800000
"2022-02-17 12:00:00",N,NORTE,RR,RORAIMA,"TIPO I",TÉRMICA,Gás,"Jaguatirica II",RRJII,UTE.GN.RR.044619-0.01,4794400000
"2022-02-17 13:00:00",N,NORTE,RR,RORAIMA,"TIPO I",TÉRMICA,Gás,"Jaguatirica II",RRJII,UTE.GN.RR.044619-0.01,4723200000
"2022-02-17 14:00:00",N,NORTE,RR,RORAIMA,"TIPO I",TÉRMICA,Gás,"Jaguatirica II",RRJII,UTE.GN.RR.044619-0.01,4655300000
"2022-02-17 15:00:00",N,NORTE,RR,RORAIMA,"TIPO I",TÉRMICA,Gás,"Jaguatirica II",RRJII,UTE.GN.RR.044619-0.01,4794600000
"2022-02-17 16:00:00",N,NORTE,RR,RORAIMA,"TIPO I",TÉRMICA,Gás,"Jaguatirica II",RRJII,UTE.GN.RR.044619-0.01,4793900000
"2022-02-17 17:00:00",N,NORTE,RR,RORAIMA,"TIPO I",TÉRMICA,Gás,"Jaguatirica II",RRJII,UTE.GN.RR.044619-0.01,4795000000
"2022-02-17 18:00:00",N,NORTE,RR,RORAIMA,"TIPO I",TÉRMICA,Gás,"Jaguatirica II",RRJII,UTE.GN.RR.044619-0.01,4795300000
"2022-02-17 19:00:00",N,NORTE,RR,RORAIMA,"TIPO I",TÉRMICA,Gás,"Jaguatirica II",RRJII,UTE.GN.RR.044619-0.01,4804400000
"2022-02-17 20:00:00",N,NORTE,RR,RORAIMA,"TIPO I",TÉRMICA,Gás,"Jaguatirica II",RRJII,UTE.GN.RR.044619-0.01,4793300000
"2022-02-17 21:00:00",N,NORTE,RR,RORAIMA,"TIPO I",TÉRMICA,Gás,"Jaguatirica II",RRJII,UTE.GN.RR.044619-0.01,4790700000
"2022-02-17 22:00:00",N,NORTE,RR,RORAIMA,"TIPO I",TÉRMICA,Gás,"Jaguatirica II",RRJII,UTE.GN.RR.044619-0.01,4800100000
"2022-02-17 23:00:00",N,NORTE,RR,RORAIMA,"TIPO I",TÉRMICA,Gás,"Jaguatirica II",RRJII,UTE.GN.RR.044619-0.01,4790500000
"2022-02-18 00:00:00",N,NORTE,RR,RORAIMA,"TIPO I",TÉRMICA,Gás,"Jaguatirica II",RRJII,UTE.GN.RR.044619-0.01,4794600000
"2022-02-18 01:00:00",N,NORTE,RR,RORAIMA,"TIPO I",TÉRMICA,Gás,"Jaguatirica II",RRJII,UTE.GN.RR.044619-0.01,4794200000
"2022-02-18 02:00:00",N,NORTE,RR,RORAIMA,"TIPO I",TÉRMICA,Gás,"Jaguatirica II",RRJII,UTE.GN.RR.044619-0.01,4792700000
"2022-02-18 03:00:00",N,NORTE,RR,RORAIMA,"TIPO I",TÉRMICA,Gás,"Jaguatirica II",RRJII,UTE.GN.RR.044619-0.01,4794300000
"2022-02-18 04:00:00",N,NORTE,RR,RORAIMA,"TIPO I",TÉRMICA,Gás,"Jaguatirica II",RRJII,UTE.GN.RR.044619-0.01,4791000000
"2022-02-18 05:00:00",N,NORTE,RR,RORAIMA,"TIPO I",TÉRMICA,Gás,"Jaguatirica II",RRJII,UTE.GN.RR.044619-0.01,4793600000
"2022-02-18 06:00:00",N,NORTE,RR,RORAIMA,"TIPO I",TÉRMICA,Gás,"Jaguatirica II",RRJII,UTE.GN.RR.044619-0.01,4792700000
"2022-02-18 07:00:00",N,NORTE,RR,RORAIMA,"TIPO I",TÉRMICA,Gás,"Jaguatirica II",RRJII,UTE.GN.RR.044619-0.01,4788800000
"2022-02-18 08:00:00",N,NORTE,RR,RORAIMA,"TIPO I",TÉRMICA,Gás,"Jaguatirica II",RRJII,UTE.GN.RR.044619-0.01,4795500000
"2022-02-18 09:00:00",N,NORTE,RR,RORAIMA,"TIPO I",TÉRMICA,Gás,"Jaguatirica II",RRJII,UTE.GN.RR.044619-0.01,4831400000
"2022-02-18 10:00:00",N,NORTE,RR,RORAIMA,"TIPO I",TÉRMICA,Gás,"Jaguatirica II",RRJII,UTE.GN.RR.044619-0.01,4816300000
"2022-02-18 11:00:00",N,NORTE,RR,RORAIMA,"TIPO I",TÉRMICA,Gás,"Jaguatirica II",RRJII,UTE.GN.RR.044619-0.01,4800500000
"2022-02-18 12:00:00",N,NORTE,RR,RORAIMA,"TIPO I",TÉRMICA,Gás,"Jaguatirica II",RRJII,UTE.GN.RR.044619-0.01,4791900000
"2022-02-18 13:00:00",N,NORTE,RR,RORAIMA,"TIPO I",TÉRMICA,Gás,"Jaguatirica II",RRJII,UTE.GN.RR.044619-0.01,4801000000
"2022-02-18 14:00:00",N,NORTE,RR,RORAIMA,"TIPO I",TÉRMICA,Gás,"Jaguatirica II",RRJII,UTE.GN.RR.044619-0.01,4813900000
"2022-02-18 15:00:00",N,NORTE,RR,RORAIMA,"TIPO I",TÉRMICA,Gás,"Jaguatirica II",RRJII,UTE.GN.RR.044619-0.01,4793700000
"2022-02-18 16:00:00",N,NORTE,RR,RORAIMA,"TIPO I",TÉRMICA,Gás,"Jaguatirica II",RRJII,UTE.GN.RR.044619-0.01,4792700000
"2022-02-18 17:00:00",N,NORTE,RR,RORAIMA,"TIPO I",TÉRMICA,Gás,"Jaguatirica II",RRJII,UTE.GN.RR.044619-0.01,4794400000
"2022-02-18 18:00:00",N,NORTE,RR,RORAIMA,"TIPO I",TÉRMICA,Gás,"Jaguatirica II",RRJII,UTE.GN.RR.044619-0.01,4793600000
"2022-02-18 19:00:00",N,NORTE,RR,RORAIMA,"TIPO I",TÉRMICA,Gás,"Jaguatirica II",RRJII,UTE.GN.RR.044619-0.01,4791900000
"2022-02-18 20:00:00",N,NORTE,RR,RORAIMA,"TIPO I",TÉRMICA,Gás,"Jaguatirica II",RRJII,UTE.GN.RR.044619-0.01,4795200000
"2022-02-18 21:00:00",N,NORTE,RR,RORAIMA,"TIPO I",TÉRMICA,Gás,"Jaguatirica II",RRJII,UTE.GN.RR.044619-0.01,4791400000
"2022-02-18 22:00:00",N,NORTE,RR,RORAIMA,"TIPO I",TÉRMICA,Gás,"Jaguatirica II",RRJII,UTE.GN.RR.044619-0.01,4793100000
"2022-02-18 23:00:00",N,NORTE,RR,RORAIMA,"TIPO I",TÉRMICA,Gás,"Jaguatirica II",RRJII,UTE.GN.RR.044619-0.01,4791300000
"2022-02-19 00:00:00",N,NORTE,RR,RORAIMA,"TIPO I",TÉRMICA,Gás,"Jaguatirica II",RRJII,UTE.GN.RR.044619-0.01,4791500000
"2022-02-19 01:00:00",N,NORTE,RR,RORAIMA,"TIPO I",TÉRMICA,Gás,"Jaguatirica II",RRJII,UTE.GN.RR.044619-0.01,4794900000
"2022-02-19 02:00:00",N,NORTE,RR,RORAIMA,"TIPO I",TÉRMICA,Gás,"Jaguatirica II",RRJII,UTE.GN.RR.044619-0.01,4791800000
"2022-02-19 03:00:00",N,NORTE,RR,RORAIMA,"TIPO I",TÉRMICA,Gás,"Jaguatirica II",RRJII,UTE.GN.RR.044619-0.01,4792300000
"2022-02-19 04:00:00",N,NORTE,RR,RORAIMA,"TIPO I",TÉRMICA,Gás,"Jaguatirica II",RRJII,UTE.GN.RR.044619-0.01,4791400000
"2022-02-19 05:00:00",N,NORTE,RR,RORAIMA,"TIPO I",TÉRMICA,Gás,"Jaguatirica II",RRJII,UTE.GN.RR.044619-0.01,4790700000
"2022-02-19 06:00:00",N,NORTE,RR,RORAIMA,"TIPO I",TÉRMICA,Gás,"Jaguatirica II",RRJII,UTE.GN.RR.044619-0.01,4792500000
"2022-02-19 07:00:00",N,NORTE,RR,RORAIMA,"TIPO I",TÉRMICA,Gás,"Jaguatirica II",RRJII,UTE.GN.RR.044619-0.01,4787900000
"2022-02-19 08:00:00",N,NORTE,RR,RORAIMA,"TIPO I",TÉRMICA,Gás,"Jaguatirica II",RRJII,UTE.GN.RR.044619-0.01,4789200000
"2022-02-19 09:00:00",N,NORTE,RR,RORAIMA,"TIPO I",TÉRMICA,Gás,"Jaguatirica II",RRJII,UTE.GN.RR.044619-0.01,4792600000
"2022-02-19 10:00:00",N,NORTE,RR,RORAIMA,"TIPO I",TÉRMICA,Gás,"Jaguatirica II",RRJII,UTE.GN.RR.044619-0.01,4791900000
"2022-02-19 11:00:00",N,NORTE,RR,RORAIMA,"TIPO I",TÉRMICA,Gás,"Jaguatirica II",RRJII,UTE.GN.RR.044619-0.01,4793700000
"2022-02-19 12:00:00",N,NORTE,RR,RORAIMA,"TIPO I",TÉRMICA,Gás,"Jaguatirica II",RRJII,UTE.GN.RR.044619-0.01,4791500000
"2022-02-19 13:00:00",N,NORTE,RR,RORAIMA,"TIPO I",TÉRMICA,Gás,"Jaguatirica II",RRJII,UTE.GN.RR.044619-0.01,4793300000
"2022-02-19 14:00:00",N,NORTE,RR,RORAIMA,"TIPO I",TÉRMICA,Gás,"Jaguatirica II",RRJII,UTE.GN.RR.044619-0.01,4800300000
"2022-02-19 15:00:00",N,NORTE,RR,RORAIMA,"TIPO I",TÉRMICA,Gás,"Jaguatirica II",RRJII,UTE.GN.RR.044619-0.01,4793200000
"2022-02-19 16:00:00",N,NORTE,RR,RORAIMA,"TIPO I",TÉRMICA,Gás,"Jaguatirica II",RRJII,UTE.GN.RR.044619-0.01,4801000000
"2022-02-19 17:00:00",N,NORTE,RR,RORAIMA,"TIPO I",TÉRMICA,Gás,"Jaguatirica II",RRJII,UTE.GN.RR.044619-0.01,4791100000
"2022-02-19 18:00:00",N,NORTE,RR,RORAIMA,"TIPO I",TÉRMICA,Gás,"Jaguatirica II",RRJII,UTE.GN.RR.044619-0.01,4793000000
"2022-02-19 19:00:00",N,NORTE,RR,RORAIMA,"TIPO I",TÉRMICA,Gás,"Jaguatirica II",RRJII,UTE.GN.RR.044619-0.01,4790900000
"2022-02-19 20:00:00",N,NORTE,RR,RORAIMA,"TIPO I",TÉRMICA,Gás,"Jaguatirica II",RRJII,UTE.GN.RR.044619-0.01,4808400000
"2022-02-19 21:00:00",N,NORTE,RR,RORAIMA,"TIPO I",TÉRMICA,Gás,"Jaguatirica II",RRJII,UTE.GN.RR.044619-0.01,4795400000
"2022-02-19 22:00:00",N,NORTE,RR,RORAIMA,"TIPO I",TÉRMICA,Gás,"Jaguatirica II",RRJII,UTE.GN.RR.044619-0.01,4796200000
"2022-02-19 23:00:00",N,NORTE,RR,RORAIMA,"TIPO I",TÉRMICA,Gás,"Jaguatirica II",RRJII,UTE.GN.RR.044619-0.01,4808900000
"2022-02-20 00:00:00",N,NORTE,RR,RORAIMA,"TIPO I",TÉRMICA,Gás,"Jaguatirica II",RRJII,UTE.GN.RR.044619-0.01,4806800000
"2022-02-20 01:00:00",N,NORTE,RR,RORAIMA,"TIPO I",TÉRMICA,Gás,"Jaguatirica II",RRJII,UTE.GN.RR.044619-0.01,4792600000
"2022-02-20 02:00:00",N,NORTE,RR,RORAIMA,"TIPO I",TÉRMICA,Gás,"Jaguatirica II",RRJII,UTE.GN.RR.044619-0.01,4792000000
"2022-02-20 03:00:00",N,NORTE,RR,RORAIMA,"TIPO I",TÉRMICA,Gás,"Jaguatirica II",RRJII,UTE.GN.RR.044619-0.01,4791200000
"2022-02-20 04:00:00",N,NORTE,RR,RORAIMA,"TIPO I",TÉRMICA,Gás,"Jaguatirica II",RRJII,UTE.GN.RR.044619-0.01,4793100000
"2022-02-20 05:00:00",N,NORTE,RR,RORAIMA,"TIPO I",TÉRMICA,Gás,"Jaguatirica II",RRJII,UTE.GN.RR.044619-0.01,4791200000
"2022-02-20 06:00:00",N,NORTE,RR,RORAIMA,"TIPO I",TÉRMICA,Gás,"Jaguatirica II",RRJII,UTE.GN.RR.044619-0.01,4789900000
"2022-02-20 07:00:00",N,NORTE,RR,RORAIMA,"TIPO I",TÉRMICA,Gás,"Jaguatirica II",RRJII,UTE.GN.RR.044619-0.01,4789900000
"2022-02-20 08:00:00",N,NORTE,RR,RORAIMA,"TIPO I",TÉRMICA,Gás,"Jaguatirica II",RRJII,UTE.GN.RR.044619-0.01,4789600000
"2022-02-20 09:00:00",N,NORTE,RR,RORAIMA,"TIPO I",TÉRMICA,Gás,"Jaguatirica II",RRJII,UTE.GN.RR.044619-0.01,4791900000
"2022-02-20 10:00:00",N,NORTE,RR,RORAIMA,"TIPO I",TÉRMICA,Gás,"Jaguatirica II",RRJII,UTE.GN.RR.044619-0.01,4791500000
"2022-02-20 11:00:00",N,NORTE,RR,RORAIMA,"TIPO I",TÉRMICA,Gás,"Jaguatirica II",RRJII,UTE.GN.RR.044619-0.01,4790700000
"2022-02-20 12:00:00",N,NORTE,RR,RORAIMA,"TIPO I",TÉRMICA,Gás,"Jaguatirica II",RRJII,UTE.GN.RR.044619-0.01,4791300000
"2022-02-20 13:00:00",N,NORTE,RR,RORAIMA,"TIPO I",TÉRMICA,Gás,"Jaguatirica II",RRJII,UTE.GN.RR.044619-0.01,4810900000
"2022-02-20 14:00:00",N,NORTE,RR,RORAIMA,"TIPO I",TÉRMICA,Gás,"Jaguatirica II",RRJII,UTE.GN.RR.044619-0.01,4810500000
"2022-02-20 15:00:00",N,NORTE,RR,RORAIMA,"TIPO I",TÉRMICA,Gás,"Jaguatirica II",RRJII,UTE.GN.RR.044619-0.01,4791300000
"2022-02-20 16:00:00",N,NORTE,RR,RORAIMA,"TIPO I",TÉRMICA,Gás,"Jaguatirica II",RRJII,UTE.GN.RR.044619-0.01,4791600000
"2022-02-20 17:00:00",N,NORTE,RR,RORAIMA,"TIPO I",TÉRMICA,Gás,"Jaguatirica II",RRJII,UTE.GN.RR.044619-0.01,4793400000
"2022-02-20 18:00:00",N,NORTE,RR,RORAIMA,"TIPO I",TÉRMICA,Gás,"Jaguatirica II",RRJII,UTE.GN.RR.044619-0.01,4791400000
"2022-02-20 19:00:00",N,NORTE,RR,RORAIMA,"TIPO I",TÉRMICA,Gás,"Jaguatirica II",RRJII,UTE.GN.RR.044619-0.01,4807400000
"2022-02-20 20:00:00",N,NORTE,RR,RORAIMA,"TIPO I",TÉRMICA,Gás,"Jaguatirica II",RRJII,UTE.GN.RR.044619-0.01,4790400000
"2022-02-20 21:00:00",N,NORTE,RR,RORAIMA,"TIPO I",TÉRMICA,Gás,"Jaguatirica II",RRJII,UTE.GN.RR.044619-0.01,4792500000
"2022-02-20 22:00:00",N,NORTE,RR,RORAIMA,"TIPO I",TÉRMICA,Gás,"Jaguatirica II",RRJII,UTE.GN.RR.044619-0.01,4797700000
"2022-02-20 23:00:00",N,NORTE,RR,RORAIMA,"TIPO I",TÉRMICA,Gás,"Jaguatirica II",RRJII,UTE.GN.RR.044619-0.01,4794200000
"2022-02-21 00:00:00",N,NORTE,RR,RORAIMA,"TIPO I",TÉRMICA,Gás,"Jaguatirica II",RRJII,UTE.GN.RR.044619-0.01,4791700000
"2022-02-21 01:00:00",N,NORTE,RR,RORAIMA,"TIPO I",TÉRMICA,Gás,"Jaguatirica II",RRJII,UTE.GN.RR.044619-0.01,4789700000
"2022-02-21 02:00:00",N,NORTE,RR,RORAIMA,"TIPO I",TÉRMICA,Gás,"Jaguatirica II",RRJII,UTE.GN.RR.044619-0.01,4782500000
"2022-02-21 03:00:00",N,NORTE,RR,RORAIMA,"TIPO I",TÉRMICA,Gás,"Jaguatirica II",RRJII,UTE.GN.RR.044619-0.01,4791300000
"2022-02-21 04:00:00",N,NORTE,RR,RORAIMA,"TIPO I",TÉRMICA,Gás,"Jaguatirica II",RRJII,UTE.GN.RR.044619-0.01,4788200000
"2022-02-21 05:00:00",N,NORTE,RR,RORAIMA,"TIPO I",TÉRMICA,Gás,"Jaguatirica II",RRJII,UTE.GN.RR.044619-0.01,4791900000
"2022-02-21 06:00:00",N,NORTE,RR,RORAIMA,"TIPO I",TÉRMICA,Gás,"Jaguatirica II",RRJII,UTE.GN.RR.044619-0.01,4788200000
"2022-02-21 07:00:00",N,NORTE,RR,RORAIMA,"TIPO I",TÉRMICA,Gás,"Jaguatirica II",RRJII,UTE.GN.RR.044619-0.01,4792700000
"2022-02-21 08:00:00",N,NORTE,RR,RORAIMA,"TIPO I",TÉRMICA,Gás,"Jaguatirica II",RRJII,UTE.GN.RR.044619-0.01,4791700000
"2022-02-21 09:00:00",N,NORTE,RR,RORAIMA,"TIPO I",TÉRMICA,Gás,"Jaguatirica II",RRJII,UTE.GN.RR.044619-0.01,4791600000
"2022-02-21 10:00:00",N,NORTE,RR,RORAIMA,"TIPO I",TÉRMICA,Gás,"Jaguatirica II",RRJII,UTE.GN.RR.044619-0.01,4796800000
"2022-02-21 11:00:00",N,NORTE,RR,RORAIMA,"TIPO I",TÉRMICA,Gás,"Jaguatirica II",RRJII,UTE.GN.RR.044619-0.01,4800300000
"2022-02-21 12:00:00",N,NORTE,RR,RORAIMA,"TIPO I",TÉRMICA,Gás,"Jaguatirica II",RRJII,UTE.GN.RR.044619-0.01,4806200000
"2022-02-21 13:00:00",N,NORTE,RR,RORAIMA,"TIPO I",TÉRMICA,Gás,"Jaguatirica II",RRJII,UTE.GN.RR.044619-0.01,4791400000
"2022-02-21 14:00:00",N,NORTE,RR,RORAIMA,"TIPO I",TÉRMICA,Gás,"Jaguatirica II",RRJII,UTE.GN.RR.044619-0.01,3829300000
"2022-02-21 15:00:00",N,NORTE,RR,RORAIMA,"TIPO I",TÉRMICA,Gás,"Jaguatirica II",RRJII,UTE.GN.RR.044619-0.01,3396500000
"2022-02-21 16:00:00",N,NORTE,RR,RORAIMA,"TIPO I",TÉRMICA,Gás,"Jaguatirica II",RRJII,UTE.GN.RR.044619-0.01,3351300000
"2022-02-21 17:00:00",N,NORTE,RR,RORAIMA,"TIPO I",TÉRMICA,Gás,"Jaguatirica II",RRJII,UTE.GN.RR.044619-0.01,3345100000
"2022-02-21 18:00:00",N,NORTE,RR,RORAIMA,"TIPO I",TÉRMICA,Gás,"Jaguatirica II",RRJII,UTE.GN.RR.044619-0.01,3340900000
"2022-02-21 19:00:00",N,NORTE,RR,RORAIMA,"TIPO I",TÉRMICA,Gás,"Jaguatirica II",RRJII,UTE.GN.RR.044619-0.01,3419700000
"2022-02-21 20:00:00",N,NORTE,RR,RORAIMA,"TIPO I",TÉRMICA,Gás,"Jaguatirica II",RRJII,UTE.GN.RR.044619-0.01,3348100000
"2022-02-21 21:00:00",N,NORTE,RR,RORAIMA,"TIPO I",TÉRMICA,Gás,"Jaguatirica II",RRJII,UTE.GN.RR.044619-0.01,3408300000
"2022-02-21 22:00:00",N,NORTE,RR,RORAIMA,"TIPO I",TÉRMICA,Gás,"Jaguatirica II",RRJII,UTE.GN.RR.044619-0.01,3493000000
"2022-02-21 23:00:00",N,NORTE,RR,RORAIMA,"TIPO I",TÉRMICA,Gás,"Jaguatirica II",RRJII,UTE.GN.RR.044619-0.01,3494800000
"2022-02-22 00:00:00",N,NORTE,RR,RORAIMA,"TIPO I",TÉRMICA,Gás,"Jaguatirica II",RRJII,UTE.GN.RR.044619-0.01,3492600000
"2022-02-22 01:00:00",N,NORTE,RR,RORAIMA,"TIPO I",TÉRMICA,Gás,"Jaguatirica II",RRJII,UTE.GN.RR.044619-0.01,3494500000
"2022-02-22 02:00:00",N,NORTE,RR,RORAIMA,"TIPO I",TÉRMICA,Gás,"Jaguatirica II",RRJII,UTE.GN.RR.044619-0.01,3493300000
"2022-02-22 03:00:00",N,NORTE,RR,RORAIMA,"TIPO I",TÉRMICA,Gás,"Jaguatirica II",RRJII,UTE.GN.RR.044619-0.01,3494100000
"2022-02-22 04:00:00",N,NORTE,RR,RORAIMA,"TIPO I",TÉRMICA,Gás,"Jaguatirica II",RRJII,UTE.GN.RR.044619-0.01,3493600000
"2022-02-22 05:00:00",N,NORTE,RR,RORAIMA,"TIPO I",TÉRMICA,Gás,"Jaguatirica II",RRJII,UTE.GN.RR.044619-0.01,3489400000
"2022-02-22 06:00:00",N,NORTE,RR,RORAIMA,"TIPO I",TÉRMICA,Gás,"Jaguatirica II",RRJII,UTE.GN.RR.044619-0.01,3492300000
"2022-02-22 07:00:00",N,NORTE,RR,RORAIMA,"TIPO I",TÉRMICA,Gás,"Jaguatirica II",RRJII,UTE.GN.RR.044619-0.01,3519500000
"2022-02-22 08:00:00",N,NORTE,RR,RORAIMA,"TIPO I",TÉRMICA,Gás,"Jaguatirica II",RRJII,UTE.GN.RR.044619-0.01,3524700000
"2022-02-22 09:00:00",N,NORTE,RR,RORAIMA,"TIPO I",TÉRMICA,Gás,"Jaguatirica II",RRJII,UTE.GN.RR.044619-0.01,3525600000
"2022-02-22 10:00:00",N,NORTE,RR,RORAIMA,"TIPO I",TÉRMICA,Gás,"Jaguatirica II",RRJII,UTE.GN.RR.044619-0.01,3504200000
"2022-02-22 11:00:00",N,NORTE,RR,RORAIMA,"TIPO I",TÉRMICA,Gás,"Jaguatirica II",RRJII,UTE.GN.RR.044619-0.01,3526000000
"2022-02-22 12:00:00",N,NORTE,RR,RORAIMA,"TIPO I",TÉRMICA,Gás,"Jaguatirica II",RRJII,UTE.GN.RR.044619-0.01,3495000000
"2022-02-22 13:00:00",N,NORTE,RR,RORAIMA,"TIPO I",TÉRMICA,Gás,"Jaguatirica II",RRJII,UTE.GN.RR.044619-0.01,3560000000
"2022-02-22 14:00:00",N,NORTE,RR,RORAIMA,"TIPO I",TÉRMICA,Gás,"Jaguatirica II",RRJII,UTE.GN.RR.044619-0.01,3585500000
"2022-02-22 15:00:00",N,NORTE,RR,RORAIMA,"TIPO I",TÉRMICA,Gás,"Jaguatirica II",RRJII,UTE.GN.RR.044619-0.01,3565700000
"2022-02-22 16:00:00",N,NORTE,RR,RORAIMA,"TIPO I",TÉRMICA,Gás,"Jaguatirica II",RRJII,UTE.GN.RR.044619-0.01,3494900000
"2022-02-22 17:00:00",N,NORTE,RR,RORAIMA,"TIPO I",TÉRMICA,Gás,"Jaguatirica II",RRJII,UTE.GN.RR.044619-0.01,3493900000
"2022-02-22 18:00:00",N,NORTE,RR,RORAIMA,"TIPO I",TÉRMICA,Gás,"Jaguatirica II",RRJII,UTE.GN.RR.044619-0.01,3489700000
"2022-02-22 19:00:00",N,NORTE,RR,RORAIMA,"TIPO I",TÉRMICA,Gás,"Jaguatirica II",RRJII,UTE.GN.RR.044619-0.01,3425800000
"2022-02-22 20:00:00",N,NORTE,RR,RORAIMA,"TIPO I",TÉRMICA,Gás,"Jaguatirica II",RRJII,UTE.GN.RR.044619-0.01,3375800000
"2022-02-22 21:00:00",N,NORTE,RR,RORAIMA,"TIPO I",TÉRMICA,Gás,"Jaguatirica II",RRJII,UTE.GN.RR.044619-0.01,3500400000
"2022-02-22 22:00:00",N,NORTE,RR,RORAIMA,"TIPO I",TÉRMICA,Gás,"Jaguatirica II",RRJII,UTE.GN.RR.044619-0.01,3493800000
"2022-02-22 23:00:00",N,NORTE,RR,RORAIMA,"TIPO I",TÉRMICA,Gás,"Jaguatirica II",RRJII,UTE.GN.RR.044619-0.01,3462100000
"2022-02-23 00:00:00",N,NORTE,RR,RORAIMA,"TIPO I",TÉRMICA,Gás,"Jaguatirica II",RRJII,UTE.GN.RR.044619-0.01,3463300000
"2022-02-23 01:00:00",N,NORTE,RR,RORAIMA,"TIPO I",TÉRMICA,Gás,"Jaguatirica II",RRJII,UTE.GN.RR.044619-0.01,3474600000
"2022-02-23 02:00:00",N,NORTE,RR,RORAIMA,"TIPO I",TÉRMICA,Gás,"Jaguatirica II",RRJII,UTE.GN.RR.044619-0.01,3471900000
"2022-02-23 03:00:00",N,NORTE,RR,RORAIMA,"TIPO I",TÉRMICA,Gás,"Jaguatirica II",RRJII,UTE.GN.RR.044619-0.01,3472900000
"2022-02-23 04:00:00",N,NORTE,RR,RORAIMA,"TIPO I",TÉRMICA,Gás,"Jaguatirica II",RRJII,UTE.GN.RR.044619-0.01,3468500000
"2022-02-23 05:00:00",N,NORTE,RR,RORAIMA,"TIPO I",TÉRMICA,Gás,"Jaguatirica II",RRJII,UTE.GN.RR.044619-0.01,3472600000
"2022-02-23 06:00:00",N,NORTE,RR,RORAIMA,"TIPO I",TÉRMICA,Gás,"Jaguatirica II",RRJII,UTE.GN.RR.044619-0.01,3475300000
"2022-02-23 07:00:00",N,NORTE,RR,RORAIMA,"TIPO I",TÉRMICA,Gás,"Jaguatirica II",RRJII,UTE.GN.RR.044619-0.01,3472200000
"2022-02-23 08:00:00",N,NORTE,RR,RORAIMA,"TIPO I",TÉRMICA,Gás,"Jaguatirica II",RRJII,UTE.GN.RR.044619-0.01,3483900000
"2022-02-23 09:00:00",N,NORTE,RR,RORAIMA,"TIPO I",TÉRMICA,Gás,"Jaguatirica II",RRJII,UTE.GN.RR.044619-0.01,3562600000
"2022-02-23 10:00:00",N,NORTE,RR,RORAIMA,"TIPO I",TÉRMICA,Gás,"Jaguatirica II",RRJII,UTE.GN.RR.044619-0.01,3534900000
"2022-02-23 11:00:00",N,NORTE,RR,RORAIMA,"TIPO I",TÉRMICA,Gás,"Jaguatirica II",RRJII,UTE.GN.RR.044619-0.01,3517900000
"2022-02-23 12:00:00",N,NORTE,RR,RORAIMA,"TIPO I",TÉRMICA,Gás,"Jaguatirica II",RRJII,UTE.GN.RR.044619-0.01,3527100000
"2022-02-23 13:00:00",N,NORTE,RR,RORAIMA,"TIPO I",TÉRMICA,Gás,"Jaguatirica II",RRJII,UTE.GN.RR.044619-0.01,3498900000
"2022-02-23 14:00:00",N,NORTE,RR,RORAIMA,"TIPO I",TÉRMICA,Gás,"Jaguatirica II",RRJII,UTE.GN.RR.044619-0.01,3617800000
"2022-02-23 15:00:00",N,NORTE,RR,RORAIMA,"TIPO I",TÉRMICA,Gás,"Jaguatirica II",RRJII,UTE.GN.RR.044619-0.01,3508100000
"2022-02-23 16:00:00",N,NORTE,RR,RORAIMA,"TIPO I",TÉRMICA,Gás,"Jaguatirica II",RRJII,UTE.GN.RR.044619-0.01,3492100000
"2022-02-23 17:00:00",N,NORTE,RR,RORAIMA,"TIPO I",TÉRMICA,Gás,"Jaguatirica II",RRJII,UTE.GN.RR.044619-0.01,3488500000
"2022-02-23 18:00:00",N,NORTE,RR,RORAIMA,"TIPO I",TÉRMICA,Gás,"Jaguatirica II",RRJII,UTE.GN.RR.044619-0.01,3500800000
"2022-02-23 19:00:00",N,NORTE,RR,RORAIMA,"TIPO I",TÉRMICA,Gás,"Jaguatirica II",RRJII,UTE.GN.RR.044619-0.01,3507700000
"2022-02-23 20:00:00",N,NORTE,RR,RORAIMA,"TIPO I",TÉRMICA,Gás,"Jaguatirica II",RRJII,UTE.GN.RR.044619-0.01,3503200000
"2022-02-23 21:00:00",N,NORTE,RR,RORAIMA,"TIPO I",TÉRMICA,Gás,"Jaguatirica II",RRJII,UTE.GN.RR.044619-0.01,3501600000
"2022-02-23 22:00:00",N,NORTE,RR,RORAIMA,"TIPO I",TÉRMICA,Gás,"Jaguatirica II",RRJII,UTE.GN.RR.044619-0.01,3517800000
"2022-02-23 23:00:00",N,NORTE,RR,RORAIMA,"TIPO I",TÉRMICA,Gás,"Jaguatirica II",RRJII,UTE.GN.RR.044619-0.01,3532300000
"2022-02-24 00:00:00",N,NORTE,RR,RORAIMA,"TIPO I",TÉRMICA,Gás,"Jaguatirica II",RRJII,UTE.GN.RR.044619-0.01,3499200000
"2022-02-24 01:00:00",N,NORTE,RR,RORAIMA,"TIPO I",TÉRMICA,Gás,"Jaguatirica II",RRJII,UTE.GN.RR.044619-0.01,1105500000
"2022-02-24 02:00:00",N,NORTE,RR,RORAIMA,"TIPO I",TÉRMICA,Gás,"Jaguatirica II",RRJII,UTE.GN.RR.044619-0.01,95300000
"2022-02-24 03:00:00",N,NORTE,RR,RORAIMA,"TIPO I",TÉRMICA,Gás,"Jaguatirica II",RRJII,UTE.GN.RR.044619-0.01,0
"2022-02-24 04:00:00",N,NORTE,RR,RORAIMA,"TIPO I",TÉRMICA,Gás,"Jaguatirica II",RRJII,UTE.GN.RR.044619-0.01,0
"2022-02-24 05:00:00",N,NORTE,RR,RORAIMA,"TIPO I",TÉRMICA,Gás,"Jaguatirica II",RRJII,UTE.GN.RR.044619-0.01,0
"2022-02-24 06:00:00",N,NORTE,RR,RORAIMA,"TIPO I",TÉRMICA,Gás,"Jaguatirica II",RRJII,UTE.GN.RR.044619-0.01,0
"2022-02-24 07:00:00",N,NORTE,RR,RORAIMA,"TIPO I",TÉRMICA,Gás,"Jaguatirica II",RRJII,UTE.GN.RR.044619-0.01,0
"2022-02-24 08:00:00",N,NORTE,RR,RORAIMA,"TIPO I",TÉRMICA,Gás,"Jaguatirica II",RRJII,UTE.GN.RR.044619-0.01,375800000
"2022-02-24 09:00:00",N,NORTE,RR,RORAIMA,"TIPO I",TÉRMICA,Gás,"Jaguatirica II",RRJII,UTE.GN.RR.044619-0.01,1179800000
"2022-02-24 10:00:00",N,NORTE,RR,RORAIMA,"TIPO I",TÉRMICA,Gás,"Jaguatirica II",RRJII,UTE.GN.RR.044619-0.01,1166200000
"2022-02-24 11:00:00",N,NORTE,RR,RORAIMA,"TIPO I",TÉRMICA,Gás,"Jaguatirica II",RRJII,UTE.GN.RR.044619-0.01,581500000
"2022-02-24 12:00:00",N,NORTE,RR,RORAIMA,"TIPO I",TÉRMICA,Gás,"Jaguatirica II",RRJII,UTE.GN.RR.044619-0.01,172100000
"2022-02-24 13:00:00",N,NORTE,RR,RORAIMA,"TIPO I",TÉRMICA,Gás,"Jaguatirica II",RRJII,UTE.GN.RR.044619-0.01,524000000
"2022-02-24 14:00:00",N,NORTE,RR,RORAIMA,"TIPO I",TÉRMICA,Gás,"Jaguatirica II",RRJII,UTE.GN.RR.044619-0.01,1209700000
"2022-02-24 15:00:00",N,NORTE,RR,RORAIMA,"TIPO I",TÉRMICA,Gás,"Jaguatirica II",RRJII,UTE.GN.RR.044619-0.01,1197400000
"2022-02-24 16:00:00",N,NORTE,RR,RORAIMA,"TIPO I",TÉRMICA,Gás,"Jaguatirica II",RRJII,UTE.GN.RR.044619-0.01,180800000
"2022-02-24 17:00:00",N,NORTE,RR,RORAIMA,"TIPO I",TÉRMICA,Gás,"Jaguatirica II",RRJII,UTE.GN.RR.044619-0.01,0
"2022-02-24 18:00:00",N,NORTE,RR,RORAIMA,"TIPO I",TÉRMICA,Gás,"Jaguatirica II",RRJII,UTE.GN.RR.044619-0.01,0
"2022-02-24 19:00:00",N,NORTE,RR,RORAIMA,"TIPO I",TÉRMICA,Gás,"Jaguatirica II",RRJII,UTE.GN.RR.044619-0.01,0
"2022-02-24 20:00:00",N,NORTE,RR,RORAIMA,"TIPO I",TÉRMICA,Gás,"Jaguatirica II",RRJII,UTE.GN.RR.044619-0.01,0
"2022-02-24 21:00:00",N,NORTE,RR,RORAIMA,"TIPO I",TÉRMICA,Gás,"Jaguatirica II",RRJII,UTE.GN.RR.044619-0.01,0
"2022-02-24 22:00:00",N,NORTE,RR,RORAIMA,"TIPO I",TÉRMICA,Gás,"Jaguatirica II",RRJII,UTE.GN.RR.044619-0.01,0
"2022-02-24 23:00:00",N,NORTE,RR,RORAIMA,"TIPO I",TÉRMICA,Gás,"Jaguatirica II",RRJII,UTE.GN.RR.044619-0.01,0
"2022-02-25 00:00:00",N,NORTE,RR,RORAIMA,"TIPO I",TÉRMICA,Gás,"Jaguatirica II",RRJII,UTE.GN.RR.044619-0.01,0
"2022-02-25 01:00:00",N,NORTE,RR,RORAIMA,"TIPO I",TÉRMICA,Gás,"Jaguatirica II",RRJII,UTE.GN.RR.044619-0.01,0
"2022-02-25 02:00:00",N,NORTE,RR,RORAIMA,"TIPO I",TÉRMICA,Gás,"Jaguatirica II",RRJII,UTE.GN.RR.044619-0.01,0
"2022-02-25 03:00:00",N,NORTE,RR,RORAIMA,"TIPO I",TÉRMICA,Gás,"Jaguatirica II",RRJII,UTE.GN.RR.044619-0.01,0
"2022-02-25 04:00:00",N,NORTE,RR,RORAIMA,"TIPO I",TÉRMICA,Gás,"Jaguatirica II",RRJII,UTE.GN.RR.044619-0.01,0
"2022-02-25 05:00:00",N,NORTE,RR,RORAIMA,"TIPO I",TÉRMICA,Gás,"Jaguatirica II",RRJII,UTE.GN.RR.044619-0.01,0
"2022-02-25 06:00:00",N,NORTE,RR,RORAIMA,"TIPO I",TÉRMICA,Gás,"Jaguatirica II",RRJII,UTE.GN.RR.044619-0.01,0
"2022-02-25 07:00:00",N,NORTE,RR,RORAIMA,"TIPO I",TÉRMICA,Gás,"Jaguatirica II",RRJII,UTE.GN.RR.044619-0.01,0
"2022-02-25 08:00:00",N,NORTE,RR,RORAIMA,"TIPO I",TÉRMICA,Gás,"Jaguatirica II",RRJII,UTE.GN.RR.044619-0.01,0
"2022-02-25 09:00:00",N,NORTE,RR,RORAIMA,"TIPO I",TÉRMICA,Gás,"Jaguatirica II",RRJII,UTE.GN.RR.044619-0.01,0
"2022-02-25 10:00:00",N,NORTE,RR,RORAIMA,"TIPO I",TÉRMICA,Gás,"Jaguatirica II",RRJII,UTE.GN.RR.044619-0.01,20900000
"2022-02-25 11:00:00",N,NORTE,RR,RORAIMA,"TIPO I",TÉRMICA,Gás,"Jaguatirica II",RRJII,UTE.GN.RR.044619-0.01,0
"2022-02-25 12:00:00",N,NORTE,RR,RORAIMA,"TIPO I",TÉRMICA,Gás,"Jaguatirica II",RRJII,UTE.GN.RR.044619-0.01,196000000
"2022-02-25 13:00:00",N,NORTE,RR,RORAIMA,"TIPO I",TÉRMICA,Gás,"Jaguatirica II",RRJII,UTE.GN.RR.044619-0.01,299900000
"2022-02-25 14:00:00",N,NORTE,RR,RORAIMA,"TIPO I",TÉRMICA,Gás,"Jaguatirica II",RRJII,UTE.GN.RR.044619-0.01,632100000
"2022-02-25 15:00:00",N,NORTE,RR,RORAIMA,"TIPO I",TÉRMICA,Gás,"Jaguatirica II",RRJII,UTE.GN.RR.044619-0.01,1200700000
"2022-02-25 16:00:00",N,NORTE,RR,RORAIMA,"TIPO I",TÉRMICA,Gás,"Jaguatirica II",RRJII,UTE.GN.RR.044619-0.01,1220300000
"2022-02-25 17:00:00",N,NORTE,RR,RORAIMA,"TIPO I",TÉRMICA,Gás,"Jaguatirica II",RRJII,UTE.GN.RR.044619-0.01,1131500000
"2022-02-25 18:00:00",N,NORTE,RR,RORAIMA,"TIPO I",TÉRMICA,Gás,"Jaguatirica II",RRJII,UTE.GN.RR.044619-0.01,67300000
"2022-02-25 19:00:00",N,NORTE,RR,RORAIMA,"TIPO I",TÉRMICA,Gás,"Jaguatirica II",RRJII,UTE.GN.RR.044619-0.01,0
"2022-02-25 20:00:00",N,NORTE,RR,RORAIMA,"TIPO I",TÉRMICA,Gás,"Jaguatirica II",RRJII,UTE.GN.RR.044619-0.01,0
"2022-02-25 21:00:00",N,NORTE,RR,RORAIMA,"TIPO I",TÉRMICA,Gás,"Jaguatirica II",RRJII,UTE.GN.RR.044619-0.01,0
"2022-02-25 22:00:00",N,NORTE,RR,RORAIMA,"TIPO I",TÉRMICA,Gás,"Jaguatirica II",RRJII,UTE.GN.RR.044619-0.01,0
"2022-02-25 23:00:00",N,NORTE,RR,RORAIMA,"TIPO I",TÉRMICA,Gás,"Jaguatirica II",RRJII,UTE.GN.RR.044619-0.01,0
"2022-02-26 00:00:00",N,NORTE,RR,RORAIMA,"TIPO I",TÉRMICA,Gás,"Jaguatirica II",RRJII,UTE.GN.RR.044619-0.01,0
"2022-02-26 01:00:00",N,NORTE,RR,RORAIMA,"TIPO I",TÉRMICA,Gás,"Jaguatirica II",RRJII,UTE.GN.RR.044619-0.01,0
"2022-02-26 02:00:00",N,NORTE,RR,RORAIMA,"TIPO I",TÉRMICA,Gás,"Jaguatirica II",RRJII,UTE.GN.RR.044619-0.01,0
"2022-02-26 03:00:00",N,NORTE,RR,RORAIMA,"TIPO I",TÉRMICA,Gás,"Jaguatirica II",RRJII,UTE.GN.RR.044619-0.01,0
"2022-02-26 04:00:00",N,NORTE,RR,RORAIMA,"TIPO I",TÉRMICA,Gás,"Jaguatirica II",RRJII,UTE.GN.RR.044619-0.01,0
"2022-02-26 05:00:00",N,NORTE,RR,RORAIMA,"TIPO I",TÉRMICA,Gás,"Jaguatirica II",RRJII,UTE.GN.RR.044619-0.01,0
"2022-02-26 06:00:00",N,NORTE,RR,RORAIMA,"TIPO I",TÉRMICA,Gás,"Jaguatirica II",RRJII,UTE.GN.RR.044619-0.01,0
"2022-02-26 07:00:00",N,NORTE,RR,RORAIMA,"TIPO I",TÉRMICA,Gás,"Jaguatirica II",RRJII,UTE.GN.RR.044619-0.01,0
"2022-02-26 08:00:00",N,NORTE,RR,RORAIMA,"TIPO I",TÉRMICA,Gás,"Jaguatirica II",RRJII,UTE.GN.RR.044619-0.01,0
"2022-02-26 09:00:00",N,NORTE,RR,RORAIMA,"TIPO I",TÉRMICA,Gás,"Jaguatirica II",RRJII,UTE.GN.RR.044619-0.01,0
"2022-02-26 10:00:00",N,NORTE,RR,RORAIMA,"TIPO I",TÉRMICA,Gás,"Jaguatirica II",RRJII,UTE.GN.RR.044619-0.01,0
"2022-02-26 11:00:00",N,NORTE,RR,RORAIMA,"TIPO I",TÉRMICA,Gás,"Jaguatirica II",RRJII,UTE.GN.RR.044619-0.01,0
"2022-02-26 12:00:00",N,NORTE,RR,RORAIMA,"TIPO I",TÉRMICA,Gás,"Jaguatirica II",RRJII,UTE.GN.RR.044619-0.01,0
"2022-02-26 13:00:00",N,NORTE,RR,RORAIMA,"TIPO I",TÉRMICA,Gás,"Jaguatirica II",RRJII,UTE.GN.RR.044619-0.01,0
"2022-02-26 14:00:00",N,NORTE,RR,RORAIMA,"TIPO I",TÉRMICA,Gás,"Jaguatirica II",RRJII,UTE.GN.RR.044619-0.01,0
"2022-02-26 15:00:00",N,NORTE,RR,RORAIMA,"TIPO I",TÉRMICA,Gás,"Jaguatirica II",RRJII,UTE.GN.RR.044619-0.01,0
"2022-02-26 16:00:00",N,NORTE,RR,RORAIMA,"TIPO I",TÉRMICA,Gás,"Jaguatirica II",RRJII,UTE.GN.RR.044619-0.01,0
"2022-02-26 17:00:00",N,NORTE,RR,RORAIMA,"TIPO I",TÉRMICA,Gás,"Jaguatirica II",RRJII,UTE.GN.RR.044619-0.01,0
"2022-02-26 18:00:00",N,NORTE,RR,RORAIMA,"TIPO I",TÉRMICA,Gás,"Jaguatirica II",RRJII,UTE.GN.RR.044619-0.01,0
"2022-02-26 19:00:00",N,NORTE,RR,RORAIMA,"TIPO I",TÉRMICA,Gás,"Jaguatirica II",RRJII,UTE.GN.RR.044619-0.01,0
"2022-02-26 20:00:00",N,NORTE,RR,RORAIMA,"TIPO I",TÉRMICA,Gás,"Jaguatirica II",RRJII,UTE.GN.RR.044619-0.01,0
"2022-02-26 21:00:00",N,NORTE,RR,RORAIMA,"TIPO I",TÉRMICA,Gás,"Jaguatirica II",RRJII,UTE.GN.RR.044619-0.01,0
"2022-02-26 22:00:00",N,NORTE,RR,RORAIMA,"TIPO I",TÉRMICA,Gás,"Jaguatirica II",RRJII,UTE.GN.RR.044619-0.01,0
"2022-02-26 23:00:00",N,NORTE,RR,RORAIMA,"TIPO I",TÉRMICA,Gás,"Jaguatirica II",RRJII,UTE.GN.RR.044619-0.01,0
"2022-02-27 00:00:00",N,NORTE,RR,RORAIMA,"TIPO I",TÉRMICA,Gás,"Jaguatirica II",RRJII,UTE.GN.RR.044619-0.01,0
"2022-02-27 01:00:00",N,NORTE,RR,RORAIMA,"TIPO I",TÉRMICA,Gás,"Jaguatirica II",RRJII,UTE.GN.RR.044619-0.01,0
"2022-02-27 02:00:00",N,NORTE,RR,RORAIMA,"TIPO I",TÉRMICA,Gás,"Jaguatirica II",RRJII,UTE.GN.RR.044619-0.01,0
"2022-02-27 03:00:00",N,NORTE,RR,RORAIMA,"TIPO I",TÉRMICA,Gás,"Jaguatirica II",RRJII,UTE.GN.RR.044619-0.01,0
"2022-02-27 04:00:00",N,NORTE,RR,RORAIMA,"TIPO I",TÉRMICA,Gás,"Jaguatirica II",RRJII,UTE.GN.RR.044619-0.01,0
"2022-02-27 05:00:00",N,NORTE,RR,RORAIMA,"TIPO I",TÉRMICA,Gás,"Jaguatirica II",RRJII,UTE.GN.RR.044619-0.01,0
"2022-02-27 06:00:00",N,NORTE,RR,RORAIMA,"TIPO I",TÉRMICA,Gás,"Jaguatirica II",RRJII,UTE.GN.RR.044619-0.01,0
"2022-02-27 07:00:00",N,NORTE,RR,RORAIMA,"TIPO I",TÉRMICA,Gás,"Jaguatirica II",RRJII,UTE.GN.RR.044619-0.01,0
"2022-02-27 08:00:00",N,NORTE,RR,RORAIMA,"TIPO I",TÉRMICA,Gás,"Jaguatirica II",RRJII,UTE.GN.RR.044619-0.01,0
"2022-02-27 09:00:00",N,NORTE,RR,RORAIMA,"TIPO I",TÉRMICA,Gás,"Jaguatirica II",RRJII,UTE.GN.RR.044619-0.01,0
"2022-02-27 10:00:00",N,NORTE,RR,RORAIMA,"TIPO I",TÉRMICA,Gás,"Jaguatirica II",RRJII,UTE.GN.RR.044619-0.01,0
"2022-02-27 11:00:00",N,NORTE,RR,RORAIMA,"TIPO I",TÉRMICA,Gás,"Jaguatirica II",RRJII,UTE.GN.RR.044619-0.01,0
"2022-02-27 12:00:00",N,NORTE,RR,RORAIMA,"TIPO I",TÉRMICA,Gás,"Jaguatirica II",RRJII,UTE.GN.RR.044619-0.01,0
"2022-02-27 13:00:00",N,NORTE,RR,RORAIMA,"TIPO I",TÉRMICA,Gás,"Jaguatirica II",RRJII,UTE.GN.RR.044619-0.01,0
"2022-02-27 14:00:00",N,NORTE,RR,RORAIMA,"TIPO I",TÉRMICA,Gás,"Jaguatirica II",RRJII,UTE.GN.RR.044619-0.01,0
"2022-02-27 15:00:00",N,NORTE,RR,RORAIMA,"TIPO I",TÉRMICA,Gás,"Jaguatirica II",RRJII,UTE.GN.RR.044619-0.01,0
"2022-02-27 16:00:00",N,NORTE,RR,RORAIMA,"TIPO I",TÉRMICA,Gás,"Jaguatirica II",RRJII,UTE.GN.RR.044619-0.01,0
"2022-02-27 17:00:00",N,NORTE,RR,RORAIMA,"TIPO I",TÉRMICA,Gás,"Jaguatirica II",RRJII,UTE.GN.RR.044619-0.01,0
"2022-02-27 18:00:00",N,NORTE,RR,RORAIMA,"TIPO I",TÉRMICA,Gás,"Jaguatirica II",RRJII,UTE.GN.RR.044619-0.01,0
"2022-02-27 19:00:00",N,NORTE,RR,RORAIMA,"TIPO I",TÉRMICA,Gás,"Jaguatirica II",RRJII,UTE.GN.RR.044619-0.01,0
"2022-02-27 20:00:00",N,NORTE,RR,RORAIMA,"TIPO I",TÉRMICA,Gás,"Jaguatirica II",RRJII,UTE.GN.RR.044619-0.01,0
"2022-02-27 21:00:00",N,NORTE,RR,RORAIMA,"TIPO I",TÉRMICA,Gás,"Jaguatirica II",RRJII,UTE.GN.RR.044619-0.01,0
"2022-02-27 22:00:00",N,NORTE,RR,RORAIMA,"TIPO I",TÉRMICA,Gás,"Jaguatirica II",RRJII,UTE.GN.RR.044619-0.01,0
"2022-02-27 23:00:00",N,NORTE,RR,RORAIMA,"TIPO I",TÉRMICA,Gás,"Jaguatirica II",RRJII,UTE.GN.RR.044619-0.01,0
"2022-02-28 00:00:00",N,NORTE,RR,RORAIMA,"TIPO I",TÉRMICA,Gás,"Jaguatirica II",RRJII,UTE.GN.RR.044619-0.01,0
"2022-02-28 01:00:00",N,NORTE,RR,RORAIMA,"TIPO I",TÉRMICA,Gás,"Jaguatirica II",RRJII,UTE.GN.RR.044619-0.01,0
"2022-02-28 02:00:00",N,NORTE,RR,RORAIMA,"TIPO I",TÉRMICA,Gás,"Jaguatirica II",RRJII,UTE.GN.RR.044619-0.01,0
"2022-02-28 03:00:00",N,NORTE,RR,RORAIMA,"TIPO I",TÉRMICA,Gás,"Jaguatirica II",RRJII,UTE.GN.RR.044619-0.01,0
"2022-02-28 04:00:00",N,NORTE,RR,RORAIMA,"TIPO I",TÉRMICA,Gás,"Jaguatirica II",RRJII,UTE.GN.RR.044619-0.01,0
"2022-02-28 05:00:00",N,NORTE,RR,RORAIMA,"TIPO I",TÉRMICA,Gás,"Jaguatirica II",RRJII,UTE.GN.RR.044619-0.01,0
"2022-02-28 06:00:00",N,NORTE,RR,RORAIMA,"TIPO I",TÉRMICA,Gás,"Jaguatirica II",RRJII,UTE.GN.RR.044619-0.01,0
"2022-02-28 07:00:00",N,NORTE,RR,RORAIMA,"TIPO I",TÉRMICA,Gás,"Jaguatirica II",RRJII,UTE.GN.RR.044619-0.01,0
"2022-02-28 08:00:00",N,NORTE,RR,RORAIMA,"TIPO I",TÉRMICA,Gás,"Jaguatirica II",RRJII,UTE.GN.RR.044619-0.01,0
"2022-02-28 09:00:00",N,NORTE,RR,RORAIMA,"TIPO I",TÉRMICA,Gás,"Jaguatirica II",RRJII,UTE.GN.RR.044619-0.01,0
"2022-02-28 10:00:00",N,NORTE,RR,RORAIMA,"TIPO I",TÉRMICA,Gás,"Jaguatirica II",RRJII,UTE.GN.RR.044619-0.01,0
"2022-02-28 11:00:00",N,NORTE,RR,RORAIMA,"TIPO I",TÉRMICA,Gás,"Jaguatirica II",RRJII,UTE.GN.RR.044619-0.01,0
"2022-02-28 12:00:00",N,NORTE,RR,RORAIMA,"TIPO I",TÉRMICA,Gás,"Jaguatirica II",RRJII,UTE.GN.RR.044619-0.01,0
"2022-02-28 13:00:00",N,NORTE,RR,RORAIMA,"TIPO I",TÉRMICA,Gás,"Jaguatirica II",RRJII,UTE.GN.RR.044619-0.01,0
"2022-02-28 14:00:00",N,NORTE,RR,RORAIMA,"TIPO I",TÉRMICA,Gás,"Jaguatirica II",RRJII,UTE.GN.RR.044619-0.01,0
"2022-02-28 15:00:00",N,NORTE,RR,RORAIMA,"TIPO I",TÉRMICA,Gás,"Jaguatirica II",RRJII,UTE.GN.RR.044619-0.01,0
"2022-02-28 16:00:00",N,NORTE,RR,RORAIMA,"TIPO I",TÉRMICA,Gás,"Jaguatirica II",RRJII,UTE.GN.RR.044619-0.01,0
"2022-02-28 17:00:00",N,NORTE,RR,RORAIMA,"TIPO I",TÉRMICA,Gás,"Jaguatirica II",RRJII,UTE.GN.RR.044619-0.01,0
"2022-02-28 18:00:00",N,NORTE,RR,RORAIMA,"TIPO I",TÉRMICA,Gás,"Jaguatirica II",RRJII,UTE.GN.RR.044619-0.01,0
"2022-02-28 19:00:00",N,NORTE,RR,RORAIMA,"TIPO I",TÉRMICA,Gás,"Jaguatirica II",RRJII,UTE.GN.RR.044619-0.01,0
"2022-02-28 20:00:00",N,NORTE,RR,RORAIMA,"TIPO I",TÉRMICA,Gás,"Jaguatirica II",RRJII,UTE.GN.RR.044619-0.01,0
"2022-02-28 21:00:00",N,NORTE,RR,RORAIMA,"TIPO I",TÉRMICA,Gás,"Jaguatirica II",RRJII,UTE.GN.RR.044619-0.01,0
"2022-02-28 22:00:00",N,NORTE,RR,RORAIMA,"TIPO I",TÉRMICA,Gás,"Jaguatirica II",RRJII,UTE.GN.RR.044619-0.01,0
"2022-02-28 23:00:00",N,NORTE,RR,RORAIMA,"TIPO I",TÉRMICA,Gás,"Jaguatirica II",RRJII,UTE.GN.RR.044619-0.01,0
"2022-03-01 00:00:00",N,NORTE,RR,RORAIMA,"TIPO I",TÉRMICA,Gás,"Jaguatirica II",RRJII,UTE.GN.RR.044619-0.01,0
"2022-03-01 01:00:00",N,NORTE,RR,RORAIMA,"TIPO I",TÉRMICA,Gás,"Jaguatirica II",RRJII,UTE.GN.RR.044619-0.01,0
"2022-03-01 02:00:00",N,NORTE,RR,RORAIMA,"TIPO I",TÉRMICA,Gás,"Jaguatirica II",RRJII,UTE.GN.RR.044619-0.01,0
"2022-03-01 03:00:00",N,NORTE,RR,RORAIMA,"TIPO I",TÉRMICA,Gás,"Jaguatirica II",RRJII,UTE.GN.RR.044619-0.01,0
"2022-03-01 04:00:00",N,NORTE,RR,RORAIMA,"TIPO I",TÉRMICA,Gás,"Jaguatirica II",RRJII,UTE.GN.RR.044619-0.01,0
"2022-03-01 05:00:00",N,NORTE,RR,RORAIMA,"TIPO I",TÉRMICA,Gás,"Jaguatirica II",RRJII,UTE.GN.RR.044619-0.01,0
"2022-03-01 06:00:00",N,NORTE,RR,RORAIMA,"TIPO I",TÉRMICA,Gás,"Jaguatirica II",RRJII,UTE.GN.RR.044619-0.01,0
"2022-03-01 07:00:00",N,NORTE,RR,RORAIMA,"TIPO I",TÉRMICA,Gás,"Jaguatirica II",RRJII,UTE.GN.RR.044619-0.01,0
"2022-03-01 08:00:00",N,NORTE,RR,RORAIMA,"TIPO I",TÉRMICA,Gás,"Jaguatirica II",RRJII,UTE.GN.RR.044619-0.01,0
"2022-03-01 09:00:00",N,NORTE,RR,RORAIMA,"TIPO I",TÉRMICA,Gás,"Jaguatirica II",RRJII,UTE.GN.RR.044619-0.01,0
"2022-03-01 10:00:00",N,NORTE,RR,RORAIMA,"TIPO I",TÉRMICA,Gás,"Jaguatirica II",RRJII,UTE.GN.RR.044619-0.01,0
"2022-03-01 11:00:00",N,NORTE,RR,RORAIMA,"TIPO I",TÉRMICA,Gás,"Jaguatirica II",RRJII,UTE.GN.RR.044619-0.01,0
"2022-03-01 12:00:00",N,NORTE,RR,RORAIMA,"TIPO I",TÉRMICA,Gás,"Jaguatirica II",RRJII,UTE.GN.RR.044619-0.01,0
"2022-03-01 13:00:00",N,NORTE,RR,RORAIMA,"TIPO I",TÉRMICA,Gás,"Jaguatirica II",RRJII,UTE.GN.RR.044619-0.01,0
"2022-03-01 14:00:00",N,NORTE,RR,RORAIMA,"TIPO I",TÉRMICA,Gás,"Jaguatirica II",RRJII,UTE.GN.RR.044619-0.01,0
"2022-03-01 15:00:00",N,NORTE,RR,RORAIMA,"TIPO I",TÉRMICA,Gás,"Jaguatirica II",RRJII,UTE.GN.RR.044619-0.01,0
"2022-03-01 16:00:00",N,NORTE,RR,RORAIMA,"TIPO I",TÉRMICA,Gás,"Jaguatirica II",RRJII,UTE.GN.RR.044619-0.01,0
"2022-03-01 17:00:00",N,NORTE,RR,RORAIMA,"TIPO I",TÉRMICA,Gás,"Jaguatirica II",RRJII,UTE.GN.RR.044619-0.01,0
"2022-03-01 18:00:00",N,NORTE,RR,RORAIMA,"TIPO I",TÉRMICA,Gás,"Jaguatirica II",RRJII,UTE.GN.RR.044619-0.01,0
"2022-03-01 19:00:00",N,NORTE,RR,RORAIMA,"TIPO I",TÉRMICA,Gás,"Jaguatirica II",RRJII,UTE.GN.RR.044619-0.01,0
"2022-03-01 20:00:00",N,NORTE,RR,RORAIMA,"TIPO I",TÉRMICA,Gás,"Jaguatirica II",RRJII,UTE.GN.RR.044619-0.01,0
"2022-03-01 21:00:00",N,NORTE,RR,RORAIMA,"TIPO I",TÉRMICA,Gás,"Jaguatirica II",RRJII,UTE.GN.RR.044619-0.01,0
"2022-03-01 22:00:00",N,NORTE,RR,RORAIMA,"TIPO I",TÉRMICA,Gás,"Jaguatirica II",RRJII,UTE.GN.RR.044619-0.01,0
"2022-03-01 23:00:00",N,NORTE,RR,RORAIMA,"TIPO I",TÉRMICA,Gás,"Jaguatirica II",RRJII,UTE.GN.RR.044619-0.01,0
"2022-03-02 00:00:00",N,NORTE,RR,RORAIMA,"TIPO I",TÉRMICA,Gás,"Jaguatirica II",RRJII,UTE.GN.RR.044619-0.01,0
"2022-03-02 01:00:00",N,NORTE,RR,RORAIMA,"TIPO I",TÉRMICA,Gás,"Jaguatirica II",RRJII,UTE.GN.RR.044619-0.01,0
"2022-03-02 02:00:00",N,NORTE,RR,RORAIMA,"TIPO I",TÉRMICA,Gás,"Jaguatirica II",RRJII,UTE.GN.RR.044619-0.01,0
"2022-03-02 03:00:00",N,NORTE,RR,RORAIMA,"TIPO I",TÉRMICA,Gás,"Jaguatirica II",RRJII,UTE.GN.RR.044619-0.01,0
"2022-03-02 04:00:00",N,NORTE,RR,RORAIMA,"TIPO I",TÉRMICA,Gás,"Jaguatirica II",RRJII,UTE.GN.RR.044619-0.01,0
"2022-03-02 05:00:00",N,NORTE,RR,RORAIMA,"TIPO I",TÉRMICA,Gás,"Jaguatirica II",RRJII,UTE.GN.RR.044619-0.01,0
"2022-03-02 06:00:00",N,NORTE,RR,RORAIMA,"TIPO I",TÉRMICA,Gás,"Jaguatirica II",RRJII,UTE.GN.RR.044619-0.01,0
"2022-03-02 07:00:00",N,NORTE,RR,RORAIMA,"TIPO I",TÉRMICA,Gás,"Jaguatirica II",RRJII,UTE.GN.RR.044619-0.01,0
"2022-03-02 08:00:00",N,NORTE,RR,RORAIMA,"TIPO I",TÉRMICA,Gás,"Jaguatirica II",RRJII,UTE.GN.RR.044619-0.01,0
"2022-03-02 09:00:00",N,NORTE,RR,RORAIMA,"TIPO I",TÉRMICA,Gás,"Jaguatirica II",RRJII,UTE.GN.RR.044619-0.01,0
"2022-03-02 10:00:00",N,NORTE,RR,RORAIMA,"TIPO I",TÉRMICA,Gás,"Jaguatirica II",RRJII,UTE.GN.RR.044619-0.01,0
"2022-03-02 11:00:00",N,NORTE,RR,RORAIMA,"TIPO I",TÉRMICA,Gás,"Jaguatirica II",RRJII,UTE.GN.RR.044619-0.01,0
"2022-03-02 12:00:00",N,NORTE,RR,RORAIMA,"TIPO I",TÉRMICA,Gás,"Jaguatirica II",RRJII,UTE.GN.RR.044619-0.01,0
"2022-03-02 13:00:00",N,NORTE,RR,RORAIMA,"TIPO I",TÉRMICA,Gás,"Jaguatirica II",RRJII,UTE.GN.RR.044619-0.01,0
"2022-03-02 14:00:00",N,NORTE,RR,RORAIMA,"TIPO I",TÉRMICA,Gás,"Jaguatirica II",RRJII,UTE.GN.RR.044619-0.01,0
"2022-03-02 15:00:00",N,NORTE,RR,RORAIMA,"TIPO I",TÉRMICA,Gás,"Jaguatirica II",RRJII,UTE.GN.RR.044619-0.01,0
"2022-03-02 16:00:00",N,NORTE,RR,RORAIMA,"TIPO I",TÉRMICA,Gás,"Jaguatirica II",RRJII,UTE.GN.RR.044619-0.01,0
"2022-03-02 17:00:00",N,NORTE,RR,RORAIMA,"TIPO I",TÉRMICA,Gás,"Jaguatirica II",RRJII,UTE.GN.RR.044619-0.01,0
"2022-03-02 18:00:00",N,NORTE,RR,RORAIMA,"TIPO I",TÉRMICA,Gás,"Jaguatirica II",RRJII,UTE.GN.RR.044619-0.01,0
"2022-03-02 19:00:00",N,NORTE,RR,RORAIMA,"TIPO I",TÉRMICA,Gás,"Jaguatirica II",RRJII,UTE.GN.RR.044619-0.01,0
"2022-03-02 20:00:00",N,NORTE,RR,RORAIMA,"TIPO I",TÉRMICA,Gás,"Jaguatirica II",RRJII,UTE.GN.RR.044619-0.01,0
"2022-03-02 21:00:00",N,NORTE,RR,RORAIMA,"TIPO I",TÉRMICA,Gás,"Jaguatirica II",RRJII,UTE.GN.RR.044619-0.01,0
"2022-03-02 22:00:00",N,NORTE,RR,RORAIMA,"TIPO I",TÉRMICA,Gás,"Jaguatirica II",RRJII,UTE.GN.RR.044619-0.01,0
"2022-03-02 23:00:00",N,NORTE,RR,RORAIMA,"TIPO I",TÉRMICA,Gás,"Jaguatirica II",RRJII,UTE.GN.RR.044619-0.01,0
"2022-03-03 00:00:00",N,NORTE,RR,RORAIMA,"TIPO I",TÉRMICA,Gás,"Jaguatirica II",RRJII,UTE.GN.RR.044619-0.01,0
"2022-03-03 01:00:00",N,NORTE,RR,RORAIMA,"TIPO I",TÉRMICA,Gás,"Jaguatirica II",RRJII,UTE.GN.RR.044619-0.01,0
"2022-03-03 02:00:00",N,NORTE,RR,RORAIMA,"TIPO I",TÉRMICA,Gás,"Jaguatirica II",RRJII,UTE.GN.RR.044619-0.01,0
"2022-03-03 03:00:00",N,NORTE,RR,RORAIMA,"TIPO I",TÉRMICA,Gás,"Jaguatirica II",RRJII,UTE.GN.RR.044619-0.01,0
"2022-03-03 04:00:00",N,NORTE,RR,RORAIMA,"TIPO I",TÉRMICA,Gás,"Jaguatirica II",RRJII,UTE.GN.RR.044619-0.01,0
"2022-03-03 05:00:00",N,NORTE,RR,RORAIMA,"TIPO I",TÉRMICA,Gás,"Jaguatirica II",RRJII,UTE.GN.RR.044619-0.01,0
"2022-03-03 06:00:00",N,NORTE,RR,RORAIMA,"TIPO I",TÉRMICA,Gás,"Jaguatirica II",RRJII,UTE.GN.RR.044619-0.01,0
"2022-03-03 07:00:00",N,NORTE,RR,RORAIMA,"TIPO I",TÉRMICA,Gás,"Jaguatirica II",RRJII,UTE.GN.RR.044619-0.01,0
"2022-03-03 08:00:00",N,NORTE,RR,RORAIMA,"TIPO I",TÉRMICA,Gás,"Jaguatirica II",RRJII,UTE.GN.RR.044619-0.01,0
"2022-03-03 09:00:00",N,NORTE,RR,RORAIMA,"TIPO I",TÉRMICA,Gás,"Jaguatirica II",RRJII,UTE.GN.RR.044619-0.01,0
"2022-03-03 10:00:00",N,NORTE,RR,RORAIMA,"TIPO I",TÉRMICA,Gás,"Jaguatirica II",RRJII,UTE.GN.RR.044619-0.01,0
"2022-03-03 11:00:00",N,NORTE,RR,RORAIMA,"TIPO I",TÉRMICA,Gás,"Jaguatirica II",RRJII,UTE.GN.RR.044619-0.01,0
"2022-03-03 12:00:00",N,NORTE,RR,RORAIMA,"TIPO I",TÉRMICA,Gás,"Jaguatirica II",RRJII,UTE.GN.RR.044619-0.01,0
"2022-03-03 13:00:00",N,NORTE,RR,RORAIMA,"TIPO I",TÉRMICA,Gás,"Jaguatirica II",RRJII,UTE.GN.RR.044619-0.01,0
"2022-03-03 14:00:00",N,NORTE,RR,RORAIMA,"TIPO I",TÉRMICA,Gás,"Jaguatirica II",RRJII,UTE.GN.RR.044619-0.01,0
"2022-03-03 15:00:00",N,NORTE,RR,RORAIMA,"TIPO I",TÉRMICA,Gás,"Jaguatirica II",RRJII,UTE.GN.RR.044619-0.01,0
"2022-03-03 16:00:00",N,NORTE,RR,RORAIMA,"TIPO I",TÉRMICA,Gás,"Jaguatirica II",RRJII,UTE.GN.RR.044619-0.01,0
"2022-03-03 17:00:00",N,NORTE,RR,RORAIMA,"TIPO I",TÉRMICA,Gás,"Jaguatirica II",RRJII,UTE.GN.RR.044619-0.01,0
"2022-03-03 18:00:00",N,NORTE,RR,RORAIMA,"TIPO I",TÉRMICA,Gás,"Jaguatirica II",RRJII,UTE.GN.RR.044619-0.01,0
"2022-03-03 19:00:00",N,NORTE,RR,RORAIMA,"TIPO I",TÉRMICA,Gás,"Jaguatirica II",RRJII,UTE.GN.RR.044619-0.01,0
"2022-03-03 20:00:00",N,NORTE,RR,RORAIMA,"TIPO I",TÉRMICA,Gás,"Jaguatirica II",RRJII,UTE.GN.RR.044619-0.01,0
"2022-03-03 21:00:00",N,NORTE,RR,RORAIMA,"TIPO I",TÉRMICA,Gás,"Jaguatirica II",RRJII,UTE.GN.RR.044619-0.01,0
"2022-03-03 22:00:00",N,NORTE,RR,RORAIMA,"TIPO I",TÉRMICA,Gás,"Jaguatirica II",RRJII,UTE.GN.RR.044619-0.01,0
"2022-03-03 23:00:00",N,NORTE,RR,RORAIMA,"TIPO I",TÉRMICA,Gás,"Jaguatirica II",RRJII,UTE.GN.RR.044619-0.01,0
"2022-03-04 00:00:00",N,NORTE,RR,RORAIMA,"TIPO I",TÉRMICA,Gás,"Jaguatirica II",RRJII,UTE.GN.RR.044619-0.01,0
"2022-03-04 01:00:00",N,NORTE,RR,RORAIMA,"TIPO I",TÉRMICA,Gás,"Jaguatirica II",RRJII,UTE.GN.RR.044619-0.01,0
"2022-03-04 02:00:00",N,NORTE,RR,RORAIMA,"TIPO I",TÉRMICA,Gás,"Jaguatirica II",RRJII,UTE.GN.RR.044619-0.01,0
"2022-03-04 03:00:00",N,NORTE,RR,RORAIMA,"TIPO I",TÉRMICA,Gás,"Jaguatirica II",RRJII,UTE.GN.RR.044619-0.01,0
"2022-03-04 04:00:00",N,NORTE,RR,RORAIMA,"TIPO I",TÉRMICA,Gás,"Jaguatirica II",RRJII,UTE.GN.RR.044619-0.01,0
"2022-03-04 05:00:00",N,NORTE,RR,RORAIMA,"TIPO I",TÉRMICA,Gás,"Jaguatirica II",RRJII,UTE.GN.RR.044619-0.01,0
"2022-03-04 06:00:00",N,NORTE,RR,RORAIMA,"TIPO I",TÉRMICA,Gás,"Jaguatirica II",RRJII,UTE.GN.RR.044619-0.01,0
"2022-03-04 07:00:00",N,NORTE,RR,RORAIMA,"TIPO I",TÉRMICA,Gás,"Jaguatirica II",RRJII,UTE.GN.RR.044619-0.01,0
"2022-03-04 08:00:00",N,NORTE,RR,RORAIMA,"TIPO I",TÉRMICA,Gás,"Jaguatirica II",RRJII,UTE.GN.RR.044619-0.01,0
"2022-03-04 09:00:00",N,NORTE,RR,RORAIMA,"TIPO I",TÉRMICA,Gás,"Jaguatirica II",RRJII,UTE.GN.RR.044619-0.01,0
"2022-03-04 10:00:00",N,NORTE,RR,RORAIMA,"TIPO I",TÉRMICA,Gás,"Jaguatirica II",RRJII,UTE.GN.RR.044619-0.01,0
"2022-03-04 11:00:00",N,NORTE,RR,RORAIMA,"TIPO I",TÉRMICA,Gás,"Jaguatirica II",RRJII,UTE.GN.RR.044619-0.01,0
"2022-03-04 12:00:00",N,NORTE,RR,RORAIMA,"TIPO I",TÉRMICA,Gás,"Jaguatirica II",RRJII,UTE.GN.RR.044619-0.01,0
"2022-03-04 13:00:00",N,NORTE,RR,RORAIMA,"TIPO I",TÉRMICA,Gás,"Jaguatirica II",RRJII,UTE.GN.RR.044619-0.01,0
"2022-03-04 14:00:00",N,NORTE,RR,RORAIMA,"TIPO I",TÉRMICA,Gás,"Jaguatirica II",RRJII,UTE.GN.RR.044619-0.01,0
"2022-03-04 15:00:00",N,NORTE,RR,RORAIMA,"TIPO I",TÉRMICA,Gás,"Jaguatirica II",RRJII,UTE.GN.RR.044619-0.01,0
"2022-03-04 16:00:00",N,NORTE,RR,RORAIMA,"TIPO I",TÉRMICA,Gás,"Jaguatirica II",RRJII,UTE.GN.RR.044619-0.01,0
"2022-03-04 17:00:00",N,NORTE,RR,RORAIMA,"TIPO I",TÉRMICA,Gás,"Jaguatirica II",RRJII,UTE.GN.RR.044619-0.01,0
"2022-03-04 18:00:00",N,NORTE,RR,RORAIMA,"TIPO I",TÉRMICA,Gás,"Jaguatirica II",RRJII,UTE.GN.RR.044619-0.01,0
"2022-03-04 19:00:00",N,NORTE,RR,RORAIMA,"TIPO I",TÉRMICA,Gás,"Jaguatirica II",RRJII,UTE.GN.RR.044619-0.01,0
"2022-03-04 20:00:00",N,NORTE,RR,RORAIMA,"TIPO I",TÉRMICA,Gás,"Jaguatirica II",RRJII,UTE.GN.RR.044619-0.01,0
"2022-03-04 21:00:00",N,NORTE,RR,RORAIMA,"TIPO I",TÉRMICA,Gás,"Jaguatirica II",RRJII,UTE.GN.RR.044619-0.01,0
"2022-03-04 22:00:00",N,NORTE,RR,RORAIMA,"TIPO I",TÉRMICA,Gás,"Jaguatirica II",RRJII,UTE.GN.RR.044619-0.01,0
"2022-03-04 23:00:00",N,NORTE,RR,RORAIMA,"TIPO I",TÉRMICA,Gás,"Jaguatirica II",RRJII,UTE.GN.RR.044619-0.01,0
"2022-03-05 00:00:00",N,NORTE,RR,RORAIMA,"TIPO I",TÉRMICA,Gás,"Jaguatirica II",RRJII,UTE.GN.RR.044619-0.01,0
"2022-03-05 01:00:00",N,NORTE,RR,RORAIMA,"TIPO I",TÉRMICA,Gás,"Jaguatirica II",RRJII,UTE.GN.RR.044619-0.01,0
"2022-03-05 02:00:00",N,NORTE,RR,RORAIMA,"TIPO I",TÉRMICA,Gás,"Jaguatirica II",RRJII,UTE.GN.RR.044619-0.01,0
"2022-03-05 03:00:00",N,NORTE,RR,RORAIMA,"TIPO I",TÉRMICA,Gás,"Jaguatirica II",RRJII,UTE.GN.RR.044619-0.01,0
"2022-03-05 04:00:00",N,NORTE,RR,RORAIMA,"TIPO I",TÉRMICA,Gás,"Jaguatirica II",RRJII,UTE.GN.RR.044619-0.01,0
"2022-03-05 05:00:00",N,NORTE,RR,RORAIMA,"TIPO I",TÉRMICA,Gás,"Jaguatirica II",RRJII,UTE.GN.RR.044619-0.01,0
"2022-03-05 06:00:00",N,NORTE,RR,RORAIMA,"TIPO I",TÉRMICA,Gás,"Jaguatirica II",RRJII,UTE.GN.RR.044619-0.01,0
"2022-03-05 07:00:00",N,NORTE,RR,RORAIMA,"TIPO I",TÉRMICA,Gás,"Jaguatirica II",RRJII,UTE.GN.RR.044619-0.01,0
"2022-03-05 08:00:00",N,NORTE,RR,RORAIMA,"TIPO I",TÉRMICA,Gás,"Jaguatirica II",RRJII,UTE.GN.RR.044619-0.01,0
"2022-03-05 09:00:00",N,NORTE,RR,RORAIMA,"TIPO I",TÉRMICA,Gás,"Jaguatirica II",RRJII,UTE.GN.RR.044619-0.01,0
"2022-03-05 10:00:00",N,NORTE,RR,RORAIMA,"TIPO I",TÉRMICA,Gás,"Jaguatirica II",RRJII,UTE.GN.RR.044619-0.01,0
"2022-03-05 11:00:00",N,NORTE,RR,RORAIMA,"TIPO I",TÉRMICA,Gás,"Jaguatirica II",RRJII,UTE.GN.RR.044619-0.01,0
"2022-03-05 12:00:00",N,NORTE,RR,RORAIMA,"TIPO I",TÉRMICA,Gás,"Jaguatirica II",RRJII,UTE.GN.RR.044619-0.01,0
"2022-03-05 13:00:00",N,NORTE,RR,RORAIMA,"TIPO I",TÉRMICA,Gás,"Jaguatirica II",RRJII,UTE.GN.RR.044619-0.01,0
"2022-03-05 14:00:00",N,NORTE,RR,RORAIMA,"TIPO I",TÉRMICA,Gás,"Jaguatirica II",RRJII,UTE.GN.RR.044619-0.01,0
"2022-03-05 15:00:00",N,NORTE,RR,RORAIMA,"TIPO I",TÉRMICA,Gás,"Jaguatirica II",RRJII,UTE.GN.RR.044619-0.01,0
"2022-03-05 16:00:00",N,NORTE,RR,RORAIMA,"TIPO I",TÉRMICA,Gás,"Jaguatirica II",RRJII,UTE.GN.RR.044619-0.01,0
"2022-03-05 17:00:00",N,NORTE,RR,RORAIMA,"TIPO I",TÉRMICA,Gás,"Jaguatirica II",RRJII,UTE.GN.RR.044619-0.01,0
"2022-03-05 18:00:00",N,NORTE,RR,RORAIMA,"TIPO I",TÉRMICA,Gás,"Jaguatirica II",RRJII,UTE.GN.RR.044619-0.01,0
"2022-03-05 19:00:00",N,NORTE,RR,RORAIMA,"TIPO I",TÉRMICA,Gás,"Jaguatirica II",RRJII,UTE.GN.RR.044619-0.01,0
"2022-03-05 20:00:00",N,NORTE,RR,RORAIMA,"TIPO I",TÉRMICA,Gás,"Jaguatirica II",RRJII,UTE.GN.RR.044619-0.01,0
"2022-03-05 21:00:00",N,NORTE,RR,RORAIMA,"TIPO I",TÉRMICA,Gás,"Jaguatirica II",RRJII,UTE.GN.RR.044619-0.01,0
"2022-03-05 22:00:00",N,NORTE,RR,RORAIMA,"TIPO I",TÉRMICA,Gás,"Jaguatirica II",RRJII,UTE.GN.RR.044619-0.01,0
"2022-03-05 23:00:00",N,NORTE,RR,RORAIMA,"TIPO I",TÉRMICA,Gás,"Jaguatirica II",RRJII,UTE.GN.RR.044619-0.01,0
"2022-03-06 00:00:00",N,NORTE,RR,RORAIMA,"TIPO I",TÉRMICA,Gás,"Jaguatirica II",RRJII,UTE.GN.RR.044619-0.01,0
"2022-03-06 01:00:00",N,NORTE,RR,RORAIMA,"TIPO I",TÉRMICA,Gás,"Jaguatirica II",RRJII,UTE.GN.RR.044619-0.01,0
"2022-03-06 02:00:00",N,NORTE,RR,RORAIMA,"TIPO I",TÉRMICA,Gás,"Jaguatirica II",RRJII,UTE.GN.RR.044619-0.01,0
"2022-03-06 03:00:00",N,NORTE,RR,RORAIMA,"TIPO I",TÉRMICA,Gás,"Jaguatirica II",RRJII,UTE.GN.RR.044619-0.01,0
"2022-03-06 04:00:00",N,NORTE,RR,RORAIMA,"TIPO I",TÉRMICA,Gás,"Jaguatirica II",RRJII,UTE.GN.RR.044619-0.01,0
"2022-03-06 05:00:00",N,NORTE,RR,RORAIMA,"TIPO I",TÉRMICA,Gás,"Jaguatirica II",RRJII,UTE.GN.RR.044619-0.01,0
"2022-03-06 06:00:00",N,NORTE,RR,RORAIMA,"TIPO I",TÉRMICA,Gás,"Jaguatirica II",RRJII,UTE.GN.RR.044619-0.01,0
"2022-03-06 07:00:00",N,NORTE,RR,RORAIMA,"TIPO I",TÉRMICA,Gás,"Jaguatirica II",RRJII,UTE.GN.RR.044619-0.01,0
"2022-03-06 08:00:00",N,NORTE,RR,RORAIMA,"TIPO I",TÉRMICA,Gás,"Jaguatirica II",RRJII,UTE.GN.RR.044619-0.01,0
"2022-03-06 09:00:00",N,NORTE,RR,RORAIMA,"TIPO I",TÉRMICA,Gás,"Jaguatirica II",RRJII,UTE.GN.RR.044619-0.01,0
"2022-03-06 10:00:00",N,NORTE,RR,RORAIMA,"TIPO I",TÉRMICA,Gás,"Jaguatirica II",RRJII,UTE.GN.RR.044619-0.01,0
"2022-03-06 11:00:00",N,NORTE,RR,RORAIMA,"TIPO I",TÉRMICA,Gás,"Jaguatirica II",RRJII,UTE.GN.RR.044619-0.01,0
"2022-03-06 12:00:00",N,NORTE,RR,RORAIMA,"TIPO I",TÉRMICA,Gás,"Jaguatirica II",RRJII,UTE.GN.RR.044619-0.01,0
"2022-03-06 13:00:00",N,NORTE,RR,RORAIMA,"TIPO I",TÉRMICA,Gás,"Jaguatirica II",RRJII,UTE.GN.RR.044619-0.01,0
"2022-03-06 14:00:00",N,NORTE,RR,RORAIMA,"TIPO I",TÉRMICA,Gás,"Jaguatirica II",RRJII,UTE.GN.RR.044619-0.01,0
"2022-03-06 15:00:00",N,NORTE,RR,RORAIMA,"TIPO I",TÉRMICA,Gás,"Jaguatirica II",RRJII,UTE.GN.RR.044619-0.01,0
"2022-03-06 16:00:00",N,NORTE,RR,RORAIMA,"TIPO I",TÉRMICA,Gás,"Jaguatirica II",RRJII,UTE.GN.RR.044619-0.01,0
"2022-03-06 17:00:00",N,NORTE,RR,RORAIMA,"TIPO I",TÉRMICA,Gás,"Jaguatirica II",RRJII,UTE.GN.RR.044619-0.01,0
"2022-03-06 18:00:00",N,NORTE,RR,RORAIMA,"TIPO I",TÉRMICA,Gás,"Jaguatirica II",RRJII,UTE.GN.RR.044619-0.01,0
"2022-03-06 19:00:00",N,NORTE,RR,RORAIMA,"TIPO I",TÉRMICA,Gás,"Jaguatirica II",RRJII,UTE.GN.RR.044619-0.01,0
"2022-03-06 20:00:00",N,NORTE,RR,RORAIMA,"TIPO I",TÉRMICA,Gás,"Jaguatirica II",RRJII,UTE.GN.RR.044619-0.01,0
"2022-03-06 21:00:00",N,NORTE,RR,RORAIMA,"TIPO I",TÉRMICA,Gás,"Jaguatirica II",RRJII,UTE.GN.RR.044619-0.01,0
"2022-03-06 22:00:00",N,NORTE,RR,RORAIMA,"TIPO I",TÉRMICA,Gás,"Jaguatirica II",RRJII,UTE.GN.RR.044619-0.01,0
"2022-03-06 23:00:00",N,NORTE,RR,RORAIMA,"TIPO I",TÉRMICA,Gás,"Jaguatirica II",RRJII,UTE.GN.RR.044619-0.01,0
"2022-03-07 00:00:00",N,NORTE,RR,RORAIMA,"TIPO I",TÉRMICA,Gás,"Jaguatirica II",RRJII,UTE.GN.RR.044619-0.01,0
"2022-03-07 01:00:00",N,NORTE,RR,RORAIMA,"TIPO I",TÉRMICA,Gás,"Jaguatirica II",RRJII,UTE.GN.RR.044619-0.01,0
"2022-03-07 02:00:00",N,NORTE,RR,RORAIMA,"TIPO I",TÉRMICA,Gás,"Jaguatirica II",RRJII,UTE.GN.RR.044619-0.01,0
"2022-03-07 03:00:00",N,NORTE,RR,RORAIMA,"TIPO I",TÉRMICA,Gás,"Jaguatirica II",RRJII,UTE.GN.RR.044619-0.01,0
"2022-03-07 04:00:00",N,NORTE,RR,RORAIMA,"TIPO I",TÉRMICA,Gás,"Jaguatirica II",RRJII,UTE.GN.RR.044619-0.01,0
"2022-03-07 05:00:00",N,NORTE,RR,RORAIMA,"TIPO I",TÉRMICA,Gás,"Jaguatirica II",RRJII,UTE.GN.RR.044619-0.01,0
"2022-03-07 06:00:00",N,NORTE,RR,RORAIMA,"TIPO I",TÉRMICA,Gás,"Jaguatirica II",RRJII,UTE.GN.RR.044619-0.01,0
"2022-03-07 07:00:00",N,NORTE,RR,RORAIMA,"TIPO I",TÉRMICA,Gás,"Jaguatirica II",RRJII,UTE.GN.RR.044619-0.01,0
"2022-03-07 08:00:00",N,NORTE,RR,RORAIMA,"TIPO I",TÉRMICA,Gás,"Jaguatirica II",RRJII,UTE.GN.RR.044619-0.01,0
"2022-03-07 09:00:00",N,NORTE,RR,RORAIMA,"TIPO I",TÉRMICA,Gás,"Jaguatirica II",RRJII,UTE.GN.RR.044619-0.01,0
"2022-03-07 10:00:00",N,NORTE,RR,RORAIMA,"TIPO I",TÉRMICA,Gás,"Jaguatirica II",RRJII,UTE.GN.RR.044619-0.01,60600000
"2022-03-07 11:00:00",N,NORTE,RR,RORAIMA,"TIPO I",TÉRMICA,Gás,"Jaguatirica II",RRJII,UTE.GN.RR.044619-0.01,124600000
"2022-03-07 12:00:00",N,NORTE,RR,RORAIMA,"TIPO I",TÉRMICA,Gás,"Jaguatirica II",RRJII,UTE.GN.RR.044619-0.01,1061100000
"2022-03-07 13:00:00",N,NORTE,RR,RORAIMA,"TIPO I",TÉRMICA,Gás,"Jaguatirica II",RRJII,UTE.GN.RR.044619-0.01,838500000
"2022-03-07 14:00:00",N,NORTE,RR,RORAIMA,"TIPO I",TÉRMICA,Gás,"Jaguatirica II",RRJII,UTE.GN.RR.044619-0.01,1336800000
"2022-03-07 15:00:00",N,NORTE,RR,RORAIMA,"TIPO I",TÉRMICA,Gás,"Jaguatirica II",RRJII,UTE.GN.RR.044619-0.01,1360100000
"2022-03-07 16:00:00",N,NORTE,RR,RORAIMA,"TIPO I",TÉRMICA,Gás,"Jaguatirica II",RRJII,UTE.GN.RR.044619-0.01,1365300000
"2022-03-07 17:00:00",N,NORTE,RR,RORAIMA,"TIPO I",TÉRMICA,Gás,"Jaguatirica II",RRJII,UTE.GN.RR.044619-0.01,1378400000
"2022-03-07 18:00:00",N,NORTE,RR,RORAIMA,"TIPO I",TÉRMICA,Gás,"Jaguatirica II",RRJII,UTE.GN.RR.044619-0.01,1303000000
"2022-03-07 19:00:00",N,NORTE,RR,RORAIMA,"TIPO I",TÉRMICA,Gás,"Jaguatirica II",RRJII,UTE.GN.RR.044619-0.01,885800000
"2022-03-07 20:00:00",N,NORTE,RR,RORAIMA,"TIPO I",TÉRMICA,Gás,"Jaguatirica II",RRJII,UTE.GN.RR.044619-0.01,1348500000
"2022-03-07 21:00:00",N,NORTE,RR,RORAIMA,"TIPO I",TÉRMICA,Gás,"Jaguatirica II",RRJII,UTE.GN.RR.044619-0.01,1336800000
"2022-03-07 22:00:00",N,NORTE,RR,RORAIMA,"TIPO I",TÉRMICA,Gás,"Jaguatirica II",RRJII,UTE.GN.RR.044619-0.01,1353800000
"2022-03-07 23:00:00",N,NORTE,RR,RORAIMA,"TIPO I",TÉRMICA,Gás,"Jaguatirica II",RRJII,UTE.GN.RR.044619-0.01,1347400000
"2022-03-08 00:00:00",N,NORTE,RR,RORAIMA,"TIPO I",TÉRMICA,Gás,"Jaguatirica II",RRJII,UTE.GN.RR.044619-0.01,2110900000
"2022-03-08 01:00:00",N,NORTE,RR,RORAIMA,"TIPO I",TÉRMICA,Gás,"Jaguatirica II",RRJII,UTE.GN.RR.044619-0.01,2131300000
"2022-03-08 02:00:00",N,NORTE,RR,RORAIMA,"TIPO I",TÉRMICA,Gás,"Jaguatirica II",RRJII,UTE.GN.RR.044619-0.01,1453500000
"2022-03-08 03:00:00",N,NORTE,RR,RORAIMA,"TIPO I",TÉRMICA,Gás,"Jaguatirica II",RRJII,UTE.GN.RR.044619-0.01,1436700000
"2022-03-08 04:00:00",N,NORTE,RR,RORAIMA,"TIPO I",TÉRMICA,Gás,"Jaguatirica II",RRJII,UTE.GN.RR.044619-0.01,1397400000
"2022-03-08 05:00:00",N,NORTE,RR,RORAIMA,"TIPO I",TÉRMICA,Gás,"Jaguatirica II",RRJII,UTE.GN.RR.044619-0.01,1384100000
"2022-03-08 06:00:00",N,NORTE,RR,RORAIMA,"TIPO I",TÉRMICA,Gás,"Jaguatirica II",RRJII,UTE.GN.RR.044619-0.01,1385700000
"2022-03-08 07:00:00",N,NORTE,RR,RORAIMA,"TIPO I",TÉRMICA,Gás,"Jaguatirica II",RRJII,UTE.GN.RR.044619-0.01,1382200000
"2022-03-08 08:00:00",N,NORTE,RR,RORAIMA,"TIPO I",TÉRMICA,Gás,"Jaguatirica II",RRJII,UTE.GN.RR.044619-0.01,1396600000
"2022-03-08 09:00:00",N,NORTE,RR,RORAIMA,"TIPO I",TÉRMICA,Gás,"Jaguatirica II",RRJII,UTE.GN.RR.044619-0.01,1391000000
"2022-03-08 10:00:00",N,NORTE,RR,RORAIMA,"TIPO I",TÉRMICA,Gás,"Jaguatirica II",RRJII,UTE.GN.RR.044619-0.01,1390200000
"2022-03-08 11:00:00",N,NORTE,RR,RORAIMA,"TIPO I",TÉRMICA,Gás,"Jaguatirica II",RRJII,UTE.GN.RR.044619-0.01,1404500000
"2022-03-08 12:00:00",N,NORTE,RR,RORAIMA,"TIPO I",TÉRMICA,Gás,"Jaguatirica II",RRJII,UTE.GN.RR.044619-0.01,1301600000
"2022-03-08 13:00:00",N,NORTE,RR,RORAIMA,"TIPO I",TÉRMICA,Gás,"Jaguatirica II",RRJII,UTE.GN.RR.044619-0.01,944300000
"2022-03-08 14:00:00",N,NORTE,RR,RORAIMA,"TIPO I",TÉRMICA,Gás,"Jaguatirica II",RRJII,UTE.GN.RR.044619-0.01,1385100000
"2022-03-08 15:00:00",N,NORTE,RR,RORAIMA,"TIPO I",TÉRMICA,Gás,"Jaguatirica II",RRJII,UTE.GN.RR.044619-0.01,1383200000
"2022-03-08 16:00:00",N,NORTE,RR,RORAIMA,"TIPO I",TÉRMICA,Gás,"Jaguatirica II",RRJII,UTE.GN.RR.044619-0.01,1386000000
"2022-03-08 17:00:00",N,NORTE,RR,RORAIMA,"TIPO I",TÉRMICA,Gás,"Jaguatirica II",RRJII,UTE.GN.RR.044619-0.01,1386600000
"2022-03-08 18:00:00",N,NORTE,RR,RORAIMA,"TIPO I",TÉRMICA,Gás,"Jaguatirica II",RRJII,UTE.GN.RR.044619-0.01,1149800000
"2022-03-08 19:00:00",N,NORTE,RR,RORAIMA,"TIPO I",TÉRMICA,Gás,"Jaguatirica II",RRJII,UTE.GN.RR.044619-0.01,1327400000
"2022-03-08 20:00:00",N,NORTE,RR,RORAIMA,"TIPO I",TÉRMICA,Gás,"Jaguatirica II",RRJII,UTE.GN.RR.044619-0.01,1410600000
"2022-03-08 21:00:00",N,NORTE,RR,RORAIMA,"TIPO I",TÉRMICA,Gás,"Jaguatirica II",RRJII,UTE.GN.RR.044619-0.01,1399000000
"2022-03-08 22:00:00",N,NORTE,RR,RORAIMA,"TIPO I",TÉRMICA,Gás,"Jaguatirica II",RRJII,UTE.GN.RR.044619-0.01,1398300000
"2022-03-08 23:00:00",N,NORTE,RR,RORAIMA,"TIPO I",TÉRMICA,Gás,"Jaguatirica II",RRJII,UTE.GN.RR.044619-0.01,1410000000
"2022-03-09 00:00:00",N,NORTE,RR,RORAIMA,"TIPO I",TÉRMICA,Gás,"Jaguatirica II",RRJII,UTE.GN.RR.044619-0.01,2172100000
"2022-03-09 01:00:00",N,NORTE,RR,RORAIMA,"TIPO I",TÉRMICA,Gás,"Jaguatirica II",RRJII,UTE.GN.RR.044619-0.01,2025600000
"2022-03-09 02:00:00",N,NORTE,RR,RORAIMA,"TIPO I",TÉRMICA,Gás,"Jaguatirica II",RRJII,UTE.GN.RR.044619-0.01,1412600000
"2022-03-09 03:00:00",N,NORTE,RR,RORAIMA,"TIPO I",TÉRMICA,Gás,"Jaguatirica II",RRJII,UTE.GN.RR.044619-0.01,1396200000
"2022-03-09 04:00:00",N,NORTE,RR,RORAIMA,"TIPO I",TÉRMICA,Gás,"Jaguatirica II",RRJII,UTE.GN.RR.044619-0.01,1399900000
"2022-03-09 05:00:00",N,NORTE,RR,RORAIMA,"TIPO I",TÉRMICA,Gás,"Jaguatirica II",RRJII,UTE.GN.RR.044619-0.01,1403800000
"2022-03-09 06:00:00",N,NORTE,RR,RORAIMA,"TIPO I",TÉRMICA,Gás,"Jaguatirica II",RRJII,UTE.GN.RR.044619-0.01,1406600000
"2022-03-09 07:00:00",N,NORTE,RR,RORAIMA,"TIPO I",TÉRMICA,Gás,"Jaguatirica II",RRJII,UTE.GN.RR.044619-0.01,1397600000
"2022-03-09 08:00:00",N,NORTE,RR,RORAIMA,"TIPO I",TÉRMICA,Gás,"Jaguatirica II",RRJII,UTE.GN.RR.044619-0.01,1396900000
"2022-03-09 09:00:00",N,NORTE,RR,RORAIMA,"TIPO I",TÉRMICA,Gás,"Jaguatirica II",RRJII,UTE.GN.RR.044619-0.01,1406900000
"2022-03-09 10:00:00",N,NORTE,RR,RORAIMA,"TIPO I",TÉRMICA,Gás,"Jaguatirica II",RRJII,UTE.GN.RR.044619-0.01,1393800000
"2022-03-09 11:00:00",N,NORTE,RR,RORAIMA,"TIPO I",TÉRMICA,Gás,"Jaguatirica II",RRJII,UTE.GN.RR.044619-0.01,1401400000
"2022-03-09 12:00:00",N,NORTE,RR,RORAIMA,"TIPO I",TÉRMICA,Gás,"Jaguatirica II",RRJII,UTE.GN.RR.044619-0.01,1542700000
"2022-03-09 13:00:00",N,NORTE,RR,RORAIMA,"TIPO I",TÉRMICA,Gás,"Jaguatirica II",RRJII,UTE.GN.RR.044619-0.01,2385700000
"2022-03-09 14:00:00",N,NORTE,RR,RORAIMA,"TIPO I",TÉRMICA,Gás,"Jaguatirica II",RRJII,UTE.GN.RR.044619-0.01,2380300000
"2022-03-09 15:00:00",N,NORTE,RR,RORAIMA,"TIPO I",TÉRMICA,Gás,"Jaguatirica II",RRJII,UTE.GN.RR.044619-0.01,2384300000
"2022-03-09 16:00:00",N,NORTE,RR,RORAIMA,"TIPO I",TÉRMICA,Gás,"Jaguatirica II",RRJII,UTE.GN.RR.044619-0.01,2382700000
"2022-03-09 17:00:00",N,NORTE,RR,RORAIMA,"TIPO I",TÉRMICA,Gás,"Jaguatirica II",RRJII,UTE.GN.RR.044619-0.01,2384800000
"2022-03-09 18:00:00",N,NORTE,RR,RORAIMA,"TIPO I",TÉRMICA,Gás,"Jaguatirica II",RRJII,UTE.GN.RR.044619-0.01,2241200000
"2022-03-09 19:00:00",N,NORTE,RR,RORAIMA,"TIPO I",TÉRMICA,Gás,"Jaguatirica II",RRJII,UTE.GN.RR.044619-0.01,2300500000
"2022-03-09 20:00:00",N,NORTE,RR,RORAIMA,"TIPO I",TÉRMICA,Gás,"Jaguatirica II",RRJII,UTE.GN.RR.044619-0.01,2281600000
"2022-03-09 21:00:00",N,NORTE,RR,RORAIMA,"TIPO I",TÉRMICA,Gás,"Jaguatirica II",RRJII,UTE.GN.RR.044619-0.01,2283300000
"2022-03-09 22:00:00",N,NORTE,RR,RORAIMA,"TIPO I",TÉRMICA,Gás,"Jaguatirica II",RRJII,UTE.GN.RR.044619-0.01,2294000000
"2022-03-09 23:00:00",N,NORTE,RR,RORAIMA,"TIPO I",TÉRMICA,Gás,"Jaguatirica II",RRJII,UTE.GN.RR.044619-0.01,2278900000
"2022-03-10 00:00:00",N,NORTE,RR,RORAIMA,"TIPO I",TÉRMICA,Gás,"Jaguatirica II",RRJII,UTE.GN.RR.044619-0.01,2853200000
"2022-03-10 01:00:00",N,NORTE,RR,RORAIMA,"TIPO I",TÉRMICA,Gás,"Jaguatirica II",RRJII,UTE.GN.RR.044619-0.01,2989600000
"2022-03-10 02:00:00",N,NORTE,RR,RORAIMA,"TIPO I",TÉRMICA,Gás,"Jaguatirica II",RRJII,UTE.GN.RR.044619-0.01,2383900000
"2022-03-10 03:00:00",N,NORTE,RR,RORAIMA,"TIPO I",TÉRMICA,Gás,"Jaguatirica II",RRJII,UTE.GN.RR.044619-0.01,2335400000
"2022-03-10 04:00:00",N,NORTE,RR,RORAIMA,"TIPO I",TÉRMICA,Gás,"Jaguatirica II",RRJII,UTE.GN.RR.044619-0.01,2345500000
"2022-03-10 05:00:00",N,NORTE,RR,RORAIMA,"TIPO I",TÉRMICA,Gás,"Jaguatirica II",RRJII,UTE.GN.RR.044619-0.01,2343000000
"2022-03-10 06:00:00",N,NORTE,RR,RORAIMA,"TIPO I",TÉRMICA,Gás,"Jaguatirica II",RRJII,UTE.GN.RR.044619-0.01,2338100000
"2022-03-10 07:00:00",N,NORTE,RR,RORAIMA,"TIPO I",TÉRMICA,Gás,"Jaguatirica II",RRJII,UTE.GN.RR.044619-0.01,2334300000
"2022-03-10 08:00:00",N,NORTE,RR,RORAIMA,"TIPO I",TÉRMICA,Gás,"Jaguatirica II",RRJII,UTE.GN.RR.044619-0.01,2338700000
"2022-03-10 09:00:00",N,NORTE,RR,RORAIMA,"TIPO I",TÉRMICA,Gás,"Jaguatirica II",RRJII,UTE.GN.RR.044619-0.01,2333500000
"2022-03-10 10:00:00",N,NORTE,RR,RORAIMA,"TIPO I",TÉRMICA,Gás,"Jaguatirica II",RRJII,UTE.GN.RR.044619-0.01,2346900000
"2022-03-10 11:00:00",N,NORTE,RR,RORAIMA,"TIPO I",TÉRMICA,Gás,"Jaguatirica II",RRJII,UTE.GN.RR.044619-0.01,2336900000
"2022-03-10 12:00:00",N,NORTE,RR,RORAIMA,"TIPO I",TÉRMICA,Gás,"Jaguatirica II",RRJII,UTE.GN.RR.044619-0.01,2353600000
"2022-03-10 13:00:00",N,NORTE,RR,RORAIMA,"TIPO I",TÉRMICA,Gás,"Jaguatirica II",RRJII,UTE.GN.RR.044619-0.01,2343900000
"2022-03-10 14:00:00",N,NORTE,RR,RORAIMA,"TIPO I",TÉRMICA,Gás,"Jaguatirica II",RRJII,UTE.GN.RR.044619-0.01,2360900000
"2022-03-10 15:00:00",N,NORTE,RR,RORAIMA,"TIPO I",TÉRMICA,Gás,"Jaguatirica II",RRJII,UTE.GN.RR.044619-0.01,2341000000
"2022-03-10 16:00:00",N,NORTE,RR,RORAIMA,"TIPO I",TÉRMICA,Gás,"Jaguatirica II",RRJII,UTE.GN.RR.044619-0.01,2343300000
"2022-03-10 17:00:00",N,NORTE,RR,RORAIMA,"TIPO I",TÉRMICA,Gás,"Jaguatirica II",RRJII,UTE.GN.RR.044619-0.01,2336700000
"2022-03-10 18:00:00",N,NORTE,RR,RORAIMA,"TIPO I",TÉRMICA,Gás,"Jaguatirica II",RRJII,UTE.GN.RR.044619-0.01,2332300000
"2022-03-10 19:00:00",N,NORTE,RR,RORAIMA,"TIPO I",TÉRMICA,Gás,"Jaguatirica II",RRJII,UTE.GN.RR.044619-0.01,2335700000
"2022-03-10 20:00:00",N,NORTE,RR,RORAIMA,"TIPO I",TÉRMICA,Gás,"Jaguatirica II",RRJII,UTE.GN.RR.044619-0.01,2341700000
"2022-03-10 21:00:00",N,NORTE,RR,RORAIMA,"TIPO I",TÉRMICA,Gás,"Jaguatirica II",RRJII,UTE.GN.RR.044619-0.01,2342100000
"2022-03-10 22:00:00",N,NORTE,RR,RORAIMA,"TIPO I",TÉRMICA,Gás,"Jaguatirica II",RRJII,UTE.GN.RR.044619-0.01,2338500000
"2022-03-10 23:00:00",N,NORTE,RR,RORAIMA,"TIPO I",TÉRMICA,Gás,"Jaguatirica II",RRJII,UTE.GN.RR.044619-0.01,2394700000
"2022-03-11 00:00:00",N,NORTE,RR,RORAIMA,"TIPO I",TÉRMICA,Gás,"Jaguatirica II",RRJII,UTE.GN.RR.044619-0.01,3133100000
"2022-03-11 01:00:00",N,NORTE,RR,RORAIMA,"TIPO I",TÉRMICA,Gás,"Jaguatirica II",RRJII,UTE.GN.RR.044619-0.01,1949700000
"2022-03-11 02:00:00",N,NORTE,RR,RORAIMA,"TIPO I",TÉRMICA,Gás,"Jaguatirica II",RRJII,UTE.GN.RR.044619-0.01,0
"2022-03-11 03:00:00",N,NORTE,RR,RORAIMA,"TIPO I",TÉRMICA,Gás,"Jaguatirica II",RRJII,UTE.GN.RR.044619-0.01,0
"2022-03-11 04:00:00",N,NORTE,RR,RORAIMA,"TIPO I",TÉRMICA,Gás,"Jaguatirica II",RRJII,UTE.GN.RR.044619-0.01,0
"2022-03-11 05:00:00",N,NORTE,RR,RORAIMA,"TIPO I",TÉRMICA,Gás,"Jaguatirica II",RRJII,UTE.GN.RR.044619-0.01,0
"2022-03-11 06:00:00",N,NORTE,RR,RORAIMA,"TIPO I",TÉRMICA,Gás,"Jaguatirica II",RRJII,UTE.GN.RR.044619-0.01,260400000
"2022-03-11 07:00:00",N,NORTE,RR,RORAIMA,"TIPO I",TÉRMICA,Gás,"Jaguatirica II",RRJII,UTE.GN.RR.044619-0.01,1199000000
"2022-03-11 08:00:00",N,NORTE,RR,RORAIMA,"TIPO I",TÉRMICA,Gás,"Jaguatirica II",RRJII,UTE.GN.RR.044619-0.01,1218900000
"2022-03-11 09:00:00",N,NORTE,RR,RORAIMA,"TIPO I",TÉRMICA,Gás,"Jaguatirica II",RRJII,UTE.GN.RR.044619-0.01,1211400000
"2022-03-11 10:00:00",N,NORTE,RR,RORAIMA,"TIPO I",TÉRMICA,Gás,"Jaguatirica II",RRJII,UTE.GN.RR.044619-0.01,1351600000
"2022-03-11 11:00:00",N,NORTE,RR,RORAIMA,"TIPO I",TÉRMICA,Gás,"Jaguatirica II",RRJII,UTE.GN.RR.044619-0.01,1855100000
"2022-03-11 12:00:00",N,NORTE,RR,RORAIMA,"TIPO I",TÉRMICA,Gás,"Jaguatirica II",RRJII,UTE.GN.RR.044619-0.01,1864600000
"2022-03-11 13:00:00",N,NORTE,RR,RORAIMA,"TIPO I",TÉRMICA,Gás,"Jaguatirica II",RRJII,UTE.GN.RR.044619-0.01,1857000000
"2022-03-11 14:00:00",N,NORTE,RR,RORAIMA,"TIPO I",TÉRMICA,Gás,"Jaguatirica II",RRJII,UTE.GN.RR.044619-0.01,1873600000
"2022-03-11 15:00:00",N,NORTE,RR,RORAIMA,"TIPO I",TÉRMICA,Gás,"Jaguatirica II",RRJII,UTE.GN.RR.044619-0.01,1982000000
"2022-03-11 16:00:00",N,NORTE,RR,RORAIMA,"TIPO I",TÉRMICA,Gás,"Jaguatirica II",RRJII,UTE.GN.RR.044619-0.01,1951300000
"2022-03-11 17:00:00",N,NORTE,RR,RORAIMA,"TIPO I",TÉRMICA,Gás,"Jaguatirica II",RRJII,UTE.GN.RR.044619-0.01,1950600000
"2022-03-11 18:00:00",N,NORTE,RR,RORAIMA,"TIPO I",TÉRMICA,Gás,"Jaguatirica II",RRJII,UTE.GN.RR.044619-0.01,1951900000
"2022-03-11 19:00:00",N,NORTE,RR,RORAIMA,"TIPO I",TÉRMICA,Gás,"Jaguatirica II",RRJII,UTE.GN.RR.044619-0.01,1959000000
"2022-03-11 20:00:00",N,NORTE,RR,RORAIMA,"TIPO I",TÉRMICA,Gás,"Jaguatirica II",RRJII,UTE.GN.RR.044619-0.01,1986600000
"2022-03-11 21:00:00",N,NORTE,RR,RORAIMA,"TIPO I",TÉRMICA,Gás,"Jaguatirica II",RRJII,UTE.GN.RR.044619-0.01,1961400000
"2022-03-11 22:00:00",N,NORTE,RR,RORAIMA,"TIPO I",TÉRMICA,Gás,"Jaguatirica II",RRJII,UTE.GN.RR.044619-0.01,1970100000
"2022-03-11 23:00:00",N,NORTE,RR,RORAIMA,"TIPO I",TÉRMICA,Gás,"Jaguatirica II",RRJII,UTE.GN.RR.044619-0.01,1998400000
"2022-03-12 00:00:00",N,NORTE,RR,RORAIMA,"TIPO I",TÉRMICA,Gás,"Jaguatirica II",RRJII,UTE.GN.RR.044619-0.01,2999700000
"2022-03-12 01:00:00",N,NORTE,RR,RORAIMA,"TIPO I",TÉRMICA,Gás,"Jaguatirica II",RRJII,UTE.GN.RR.044619-0.01,3601100000
"2022-03-12 02:00:00",N,NORTE,RR,RORAIMA,"TIPO I",TÉRMICA,Gás,"Jaguatirica II",RRJII,UTE.GN.RR.044619-0.01,3156000000
"2022-03-12 03:00:00",N,NORTE,RR,RORAIMA,"TIPO I",TÉRMICA,Gás,"Jaguatirica II",RRJII,UTE.GN.RR.044619-0.01,3116600000
"2022-03-12 04:00:00",N,NORTE,RR,RORAIMA,"TIPO I",TÉRMICA,Gás,"Jaguatirica II",RRJII,UTE.GN.RR.044619-0.01,3053100000
"2022-03-12 05:00:00",N,NORTE,RR,RORAIMA,"TIPO I",TÉRMICA,Gás,"Jaguatirica II",RRJII,UTE.GN.RR.044619-0.01,3053800000
"2022-03-12 06:00:00",N,NORTE,RR,RORAIMA,"TIPO I",TÉRMICA,Gás,"Jaguatirica II",RRJII,UTE.GN.RR.044619-0.01,3050600000
"2022-03-12 07:00:00",N,NORTE,RR,RORAIMA,"TIPO I",TÉRMICA,Gás,"Jaguatirica II",RRJII,UTE.GN.RR.044619-0.01,2958000000
"2022-03-12 08:00:00",N,NORTE,RR,RORAIMA,"TIPO I",TÉRMICA,Gás,"Jaguatirica II",RRJII,UTE.GN.RR.044619-0.01,2390900000
"2022-03-12 09:00:00",N,NORTE,RR,RORAIMA,"TIPO I",TÉRMICA,Gás,"Jaguatirica II",RRJII,UTE.GN.RR.044619-0.01,2425000000
"2022-03-12 10:00:00",N,NORTE,RR,RORAIMA,"TIPO I",TÉRMICA,Gás,"Jaguatirica II",RRJII,UTE.GN.RR.044619-0.01,2450400000
"2022-03-12 11:00:00",N,NORTE,RR,RORAIMA,"TIPO I",TÉRMICA,Gás,"Jaguatirica II",RRJII,UTE.GN.RR.044619-0.01,2407400000
"2022-03-12 12:00:00",N,NORTE,RR,RORAIMA,"TIPO I",TÉRMICA,Gás,"Jaguatirica II",RRJII,UTE.GN.RR.044619-0.01,2311200000
"2022-03-12 13:00:00",N,NORTE,RR,RORAIMA,"TIPO I",TÉRMICA,Gás,"Jaguatirica II",RRJII,UTE.GN.RR.044619-0.01,3211200000
"2022-03-12 14:00:00",N,NORTE,RR,RORAIMA,"TIPO I",TÉRMICA,Gás,"Jaguatirica II",RRJII,UTE.GN.RR.044619-0.01,4244200000
"2022-03-12 15:00:00",N,NORTE,RR,RORAIMA,"TIPO I",TÉRMICA,Gás,"Jaguatirica II",RRJII,UTE.GN.RR.044619-0.01,4123000000
"2022-03-12 16:00:00",N,NORTE,RR,RORAIMA,"TIPO I",TÉRMICA,Gás,"Jaguatirica II",RRJII,UTE.GN.RR.044619-0.01,4169800000
"2022-03-12 17:00:00",N,NORTE,RR,RORAIMA,"TIPO I",TÉRMICA,Gás,"Jaguatirica II",RRJII,UTE.GN.RR.044619-0.01,3985900000
"2022-03-12 18:00:00",N,NORTE,RR,RORAIMA,"TIPO I",TÉRMICA,Gás,"Jaguatirica II",RRJII,UTE.GN.RR.044619-0.01,4499500000
"2022-03-12 19:00:00",N,NORTE,RR,RORAIMA,"TIPO I",TÉRMICA,Gás,"Jaguatirica II",RRJII,UTE.GN.RR.044619-0.01,4721100000
"2022-03-12 20:00:00",N,NORTE,RR,RORAIMA,"TIPO I",TÉRMICA,Gás,"Jaguatirica II",RRJII,UTE.GN.RR.044619-0.01,4898700000
"2022-03-12 21:00:00",N,NORTE,RR,RORAIMA,"TIPO I",TÉRMICA,Gás,"Jaguatirica II",RRJII,UTE.GN.RR.044619-0.01,4902600000
"2022-03-12 22:00:00",N,NORTE,RR,RORAIMA,"TIPO I",TÉRMICA,Gás,"Jaguatirica II",RRJII,UTE.GN.RR.044619-0.01,4902100000
"2022-03-12 23:00:00",N,NORTE,RR,RORAIMA,"TIPO I",TÉRMICA,Gás,"Jaguatirica II",RRJII,UTE.GN.RR.044619-0.01,4900700000
"2022-03-13 00:00:00",N,NORTE,RR,RORAIMA,"TIPO I",TÉRMICA,Gás,"Jaguatirica II",RRJII,UTE.GN.RR.044619-0.01,4901200000
"2022-03-13 01:00:00",N,NORTE,RR,RORAIMA,"TIPO I",TÉRMICA,Gás,"Jaguatirica II",RRJII,UTE.GN.RR.044619-0.01,4903100000
"2022-03-13 02:00:00",N,NORTE,RR,RORAIMA,"TIPO I",TÉRMICA,Gás,"Jaguatirica II",RRJII,UTE.GN.RR.044619-0.01,4901100000
"2022-03-13 03:00:00",N,NORTE,RR,RORAIMA,"TIPO I",TÉRMICA,Gás,"Jaguatirica II",RRJII,UTE.GN.RR.044619-0.01,4905400000
"2022-03-13 04:00:00",N,NORTE,RR,RORAIMA,"TIPO I",TÉRMICA,Gás,"Jaguatirica II",RRJII,UTE.GN.RR.044619-0.01,4904900000
"2022-03-13 05:00:00",N,NORTE,RR,RORAIMA,"TIPO I",TÉRMICA,Gás,"Jaguatirica II",RRJII,UTE.GN.RR.044619-0.01,4902500000
"2022-03-13 06:00:00",N,NORTE,RR,RORAIMA,"TIPO I",TÉRMICA,Gás,"Jaguatirica II",RRJII,UTE.GN.RR.044619-0.01,4901200000
"2022-03-13 07:00:00",N,NORTE,RR,RORAIMA,"TIPO I",TÉRMICA,Gás,"Jaguatirica II",RRJII,UTE.GN.RR.044619-0.01,4903100000
"2022-03-13 08:00:00",N,NORTE,RR,RORAIMA,"TIPO I",TÉRMICA,Gás,"Jaguatirica II",RRJII,UTE.GN.RR.044619-0.01,4902000000
"2022-03-13 09:00:00",N,NORTE,RR,RORAIMA,"TIPO I",TÉRMICA,Gás,"Jaguatirica II",RRJII,UTE.GN.RR.044619-0.01,4902100000
"2022-03-13 10:00:00",N,NORTE,RR,RORAIMA,"TIPO I",TÉRMICA,Gás,"Jaguatirica II",RRJII,UTE.GN.RR.044619-0.01,4902700000
"2022-03-13 11:00:00",N,NORTE,RR,RORAIMA,"TIPO I",TÉRMICA,Gás,"Jaguatirica II",RRJII,UTE.GN.RR.044619-0.01,4901400000
"2022-03-13 12:00:00",N,NORTE,RR,RORAIMA,"TIPO I",TÉRMICA,Gás,"Jaguatirica II",RRJII,UTE.GN.RR.044619-0.01,4903100000
"2022-03-13 13:00:00",N,NORTE,RR,RORAIMA,"TIPO I",TÉRMICA,Gás,"Jaguatirica II",RRJII,UTE.GN.RR.044619-0.01,4901100000
"2022-03-13 14:00:00",N,NORTE,RR,RORAIMA,"TIPO I",TÉRMICA,Gás,"Jaguatirica II",RRJII,UTE.GN.RR.044619-0.01,4904700000
"2022-03-13 15:00:00",N,NORTE,RR,RORAIMA,"TIPO I",TÉRMICA,Gás,"Jaguatirica II",RRJII,UTE.GN.RR.044619-0.01,4900300000
"2022-03-13 16:00:00",N,NORTE,RR,RORAIMA,"TIPO I",TÉRMICA,Gás,"Jaguatirica II",RRJII,UTE.GN.RR.044619-0.01,4910200000
"2022-03-13 17:00:00",N,NORTE,RR,RORAIMA,"TIPO I",TÉRMICA,Gás,"Jaguatirica II",RRJII,UTE.GN.RR.044619-0.01,4906100000
"2022-03-13 18:00:00",N,NORTE,RR,RORAIMA,"TIPO I",TÉRMICA,Gás,"Jaguatirica II",RRJII,UTE.GN.RR.044619-0.01,4907500000
"2022-03-13 19:00:00",N,NORTE,RR,RORAIMA,"TIPO I",TÉRMICA,Gás,"Jaguatirica II",RRJII,UTE.GN.RR.044619-0.01,4908500000
"2022-03-13 20:00:00",N,NORTE,RR,RORAIMA,"TIPO I",TÉRMICA,Gás,"Jaguatirica II",RRJII,UTE.GN.RR.044619-0.01,4904700000
"2022-03-13 21:00:00",N,NORTE,RR,RORAIMA,"TIPO I",TÉRMICA,Gás,"Jaguatirica II",RRJII,UTE.GN.RR.044619-0.01,4904100000
"2022-03-13 22:00:00",N,NORTE,RR,RORAIMA,"TIPO I",TÉRMICA,Gás,"Jaguatirica II",RRJII,UTE.GN.RR.044619-0.01,4906100000
"2022-03-13 23:00:00",N,NORTE,RR,RORAIMA,"TIPO I",TÉRMICA,Gás,"Jaguatirica II",RRJII,UTE.GN.RR.044619-0.01,4905700000
"2022-03-14 00:00:00",N,NORTE,RR,RORAIMA,"TIPO I",TÉRMICA,Gás,"Jaguatirica II",RRJII,UTE.GN.RR.044619-0.01,4900900000
"2022-03-14 01:00:00",N,NORTE,RR,RORAIMA,"TIPO I",TÉRMICA,Gás,"Jaguatirica II",RRJII,UTE.GN.RR.044619-0.01,4904200000
"2022-03-14 02:00:00",N,NORTE,RR,RORAIMA,"TIPO I",TÉRMICA,Gás,"Jaguatirica II",RRJII,UTE.GN.RR.044619-0.01,4904500000
"2022-03-14 03:00:00",N,NORTE,RR,RORAIMA,"TIPO I",TÉRMICA,Gás,"Jaguatirica II",RRJII,UTE.GN.RR.044619-0.01,4899300000
"2022-03-14 04:00:00",N,NORTE,RR,RORAIMA,"TIPO I",TÉRMICA,Gás,"Jaguatirica II",RRJII,UTE.GN.RR.044619-0.01,4903300000
"2022-03-14 05:00:00",N,NORTE,RR,RORAIMA,"TIPO I",TÉRMICA,Gás,"Jaguatirica II",RRJII,UTE.GN.RR.044619-0.01,4902700000
"2022-03-14 06:00:00",N,NORTE,RR,RORAIMA,"TIPO I",TÉRMICA,Gás,"Jaguatirica II",RRJII,UTE.GN.RR.044619-0.01,4904800000
"2022-03-14 07:00:00",N,NORTE,RR,RORAIMA,"TIPO I",TÉRMICA,Gás,"Jaguatirica II",RRJII,UTE.GN.RR.044619-0.01,3880000000
"2022-03-14 08:00:00",N,NORTE,RR,RORAIMA,"TIPO I",TÉRMICA,Gás,"Jaguatirica II",RRJII,UTE.GN.RR.044619-0.01,3464900000
"2022-03-14 09:00:00",N,NORTE,RR,RORAIMA,"TIPO I",TÉRMICA,Gás,"Jaguatirica II",RRJII,UTE.GN.RR.044619-0.01,4414700000
"2022-03-14 10:00:00",N,NORTE,RR,RORAIMA,"TIPO I",TÉRMICA,Gás,"Jaguatirica II",RRJII,UTE.GN.RR.044619-0.01,4863300000
"2022-03-14 11:00:00",N,NORTE,RR,RORAIMA,"TIPO I",TÉRMICA,Gás,"Jaguatirica II",RRJII,UTE.GN.RR.044619-0.01,4834300000
"2022-03-14 12:00:00",N,NORTE,RR,RORAIMA,"TIPO I",TÉRMICA,Gás,"Jaguatirica II",RRJII,UTE.GN.RR.044619-0.01,4839500000
"2022-03-14 13:00:00",N,NORTE,RR,RORAIMA,"TIPO I",TÉRMICA,Gás,"Jaguatirica II",RRJII,UTE.GN.RR.044619-0.01,4684100000
"2022-03-14 14:00:00",N,NORTE,RR,RORAIMA,"TIPO I",TÉRMICA,Gás,"Jaguatirica II",RRJII,UTE.GN.RR.044619-0.01,4934700000
"2022-03-14 15:00:00",N,NORTE,RR,RORAIMA,"TIPO I",TÉRMICA,Gás,"Jaguatirica II",RRJII,UTE.GN.RR.044619-0.01,4937600000
"2022-03-14 16:00:00",N,NORTE,RR,RORAIMA,"TIPO I",TÉRMICA,Gás,"Jaguatirica II",RRJII,UTE.GN.RR.044619-0.01,4936900000
"2022-03-14 17:00:00",N,NORTE,RR,RORAIMA,"TIPO I",TÉRMICA,Gás,"Jaguatirica II",RRJII,UTE.GN.RR.044619-0.01,4935500000
"2022-03-14 18:00:00",N,NORTE,RR,RORAIMA,"TIPO I",TÉRMICA,Gás,"Jaguatirica II",RRJII,UTE.GN.RR.044619-0.01,4668200000
"2022-03-14 19:00:00",N,NORTE,RR,RORAIMA,"TIPO I",TÉRMICA,Gás,"Jaguatirica II",RRJII,UTE.GN.RR.044619-0.01,4170400000
"2022-03-14 20:00:00",N,NORTE,RR,RORAIMA,"TIPO I",TÉRMICA,Gás,"Jaguatirica II",RRJII,UTE.GN.RR.044619-0.01,4602000000
"2022-03-14 21:00:00",N,NORTE,RR,RORAIMA,"TIPO I",TÉRMICA,Gás,"Jaguatirica II",RRJII,UTE.GN.RR.044619-0.01,4924900000
"2022-03-14 22:00:00",N,NORTE,RR,RORAIMA,"TIPO I",TÉRMICA,Gás,"Jaguatirica II",RRJII,UTE.GN.RR.044619-0.01,5456000000
"2022-03-14 23:00:00",N,NORTE,RR,RORAIMA,"TIPO I",TÉRMICA,Gás,"Jaguatirica II",RRJII,UTE.GN.RR.044619-0.01,5488000000
"2022-03-15 00:00:00",N,NORTE,RR,RORAIMA,"TIPO I",TÉRMICA,Gás,"Jaguatirica II",RRJII,UTE.GN.RR.044619-0.01,5487600000
"2022-03-15 01:00:00",N,NORTE,RR,RORAIMA,"TIPO I",TÉRMICA,Gás,"Jaguatirica II",RRJII,UTE.GN.RR.044619-0.01,5422600000
"2022-03-15 02:00:00",N,NORTE,RR,RORAIMA,"TIPO I",TÉRMICA,Gás,"Jaguatirica II",RRJII,UTE.GN.RR.044619-0.01,4987100000
"2022-03-15 03:00:00",N,NORTE,RR,RORAIMA,"TIPO I",TÉRMICA,Gás,"Jaguatirica II",RRJII,UTE.GN.RR.044619-0.01,4991500000
"2022-03-15 04:00:00",N,NORTE,RR,RORAIMA,"TIPO I",TÉRMICA,Gás,"Jaguatirica II",RRJII,UTE.GN.RR.044619-0.01,4992300000
"2022-03-15 05:00:00",N,NORTE,RR,RORAIMA,"TIPO I",TÉRMICA,Gás,"Jaguatirica II",RRJII,UTE.GN.RR.044619-0.01,4985600000
"2022-03-15 06:00:00",N,NORTE,RR,RORAIMA,"TIPO I",TÉRMICA,Gás,"Jaguatirica II",RRJII,UTE.GN.RR.044619-0.01,4919400000
"2022-03-15 07:00:00",N,NORTE,RR,RORAIMA,"TIPO I",TÉRMICA,Gás,"Jaguatirica II",RRJII,UTE.GN.RR.044619-0.01,3171000000
"2022-03-15 08:00:00",N,NORTE,RR,RORAIMA,"TIPO I",TÉRMICA,Gás,"Jaguatirica II",RRJII,UTE.GN.RR.044619-0.01,3160000000
"2022-03-15 09:00:00",N,NORTE,RR,RORAIMA,"TIPO I",TÉRMICA,Gás,"Jaguatirica II",RRJII,UTE.GN.RR.044619-0.01,4043000000
"2022-03-15 10:00:00",N,NORTE,RR,RORAIMA,"TIPO I",TÉRMICA,Gás,"Jaguatirica II",RRJII,UTE.GN.RR.044619-0.01,4505200000
"2022-03-15 11:00:00",N,NORTE,RR,RORAIMA,"TIPO I",TÉRMICA,Gás,"Jaguatirica II",RRJII,UTE.GN.RR.044619-0.01,4992500000
"2022-03-15 12:00:00",N,NORTE,RR,RORAIMA,"TIPO I",TÉRMICA,Gás,"Jaguatirica II",RRJII,UTE.GN.RR.044619-0.01,4746800000
"2022-03-15 13:00:00",N,NORTE,RR,RORAIMA,"TIPO I",TÉRMICA,Gás,"Jaguatirica II",RRJII,UTE.GN.RR.044619-0.01,3653400000
"2022-03-15 14:00:00",N,NORTE,RR,RORAIMA,"TIPO I",TÉRMICA,Gás,"Jaguatirica II",RRJII,UTE.GN.RR.044619-0.01,3625600000
"2022-03-15 15:00:00",N,NORTE,RR,RORAIMA,"TIPO I",TÉRMICA,Gás,"Jaguatirica II",RRJII,UTE.GN.RR.044619-0.01,5160100000
"2022-03-15 16:00:00",N,NORTE,RR,RORAIMA,"TIPO I",TÉRMICA,Gás,"Jaguatirica II",RRJII,UTE.GN.RR.044619-0.01,6084900000
"2022-03-15 17:00:00",N,NORTE,RR,RORAIMA,"TIPO I",TÉRMICA,Gás,"Jaguatirica II",RRJII,UTE.GN.RR.044619-0.01,5568400000
"2022-03-15 18:00:00",N,NORTE,RR,RORAIMA,"TIPO I",TÉRMICA,Gás,"Jaguatirica II",RRJII,UTE.GN.RR.044619-0.01,4764000000
"2022-03-15 19:00:00",N,NORTE,RR,RORAIMA,"TIPO I",TÉRMICA,Gás,"Jaguatirica II",RRJII,UTE.GN.RR.044619-0.01,4397600000
"2022-03-15 20:00:00",N,NORTE,RR,RORAIMA,"TIPO I",TÉRMICA,Gás,"Jaguatirica II",RRJII,UTE.GN.RR.044619-0.01,5269600000
"2022-03-15 21:00:00",N,NORTE,RR,RORAIMA,"TIPO I",TÉRMICA,Gás,"Jaguatirica II",RRJII,UTE.GN.RR.044619-0.01,5892700000
"2022-03-15 22:00:00",N,NORTE,RR,RORAIMA,"TIPO I",TÉRMICA,Gás,"Jaguatirica II",RRJII,UTE.GN.RR.044619-0.01,5886700000
"2022-03-15 23:00:00",N,NORTE,RR,RORAIMA,"TIPO I",TÉRMICA,Gás,"Jaguatirica II",RRJII,UTE.GN.RR.044619-0.01,5888800000
"2022-03-16 00:00:00",N,NORTE,RR,RORAIMA,"TIPO I",TÉRMICA,Gás,"Jaguatirica II",RRJII,UTE.GN.RR.044619-0.01,5889300000
"2022-03-16 01:00:00",N,NORTE,RR,RORAIMA,"TIPO I",TÉRMICA,Gás,"Jaguatirica II",RRJII,UTE.GN.RR.044619-0.01,5789500000
"2022-03-16 02:00:00",N,NORTE,RR,RORAIMA,"TIPO I",TÉRMICA,Gás,"Jaguatirica II",RRJII,UTE.GN.RR.044619-0.01,5167400000
"2022-03-16 03:00:00",N,NORTE,RR,RORAIMA,"TIPO I",TÉRMICA,Gás,"Jaguatirica II",RRJII,UTE.GN.RR.044619-0.01,4590100000
"2022-03-16 04:00:00",N,NORTE,RR,RORAIMA,"TIPO I",TÉRMICA,Gás,"Jaguatirica II",RRJII,UTE.GN.RR.044619-0.01,4434400000
"2022-03-16 05:00:00",N,NORTE,RR,RORAIMA,"TIPO I",TÉRMICA,Gás,"Jaguatirica II",RRJII,UTE.GN.RR.044619-0.01,4436500000
"2022-03-16 06:00:00",N,NORTE,RR,RORAIMA,"TIPO I",TÉRMICA,Gás,"Jaguatirica II",RRJII,UTE.GN.RR.044619-0.01,3415300000
"2022-03-16 07:00:00",N,NORTE,RR,RORAIMA,"TIPO I",TÉRMICA,Gás,"Jaguatirica II",RRJII,UTE.GN.RR.044619-0.01,0
"2022-03-16 08:00:00",N,NORTE,RR,RORAIMA,"TIPO I",TÉRMICA,Gás,"Jaguatirica II",RRJII,UTE.GN.RR.044619-0.01,123100000
"2022-03-16 09:00:00",N,NORTE,RR,RORAIMA,"TIPO I",TÉRMICA,Gás,"Jaguatirica II",RRJII,UTE.GN.RR.044619-0.01,1771800000
"2022-03-16 10:00:00",N,NORTE,RR,RORAIMA,"TIPO I",TÉRMICA,Gás,"Jaguatirica II",RRJII,UTE.GN.RR.044619-0.01,3197700000
"2022-03-16 11:00:00",N,NORTE,RR,RORAIMA,"TIPO I",TÉRMICA,Gás,"Jaguatirica II",RRJII,UTE.GN.RR.044619-0.01,4191000000
"2022-03-16 12:00:00",N,NORTE,RR,RORAIMA,"TIPO I",TÉRMICA,Gás,"Jaguatirica II",RRJII,UTE.GN.RR.044619-0.01,4261600000
"2022-03-16 13:00:00",N,NORTE,RR,RORAIMA,"TIPO I",TÉRMICA,Gás,"Jaguatirica II",RRJII,UTE.GN.RR.044619-0.01,4209400000
"2022-03-16 14:00:00",N,NORTE,RR,RORAIMA,"TIPO I",TÉRMICA,Gás,"Jaguatirica II",RRJII,UTE.GN.RR.044619-0.01,4989800000
"2022-03-16 15:00:00",N,NORTE,RR,RORAIMA,"TIPO I",TÉRMICA,Gás,"Jaguatirica II",RRJII,UTE.GN.RR.044619-0.01,5278800000
"2022-03-16 16:00:00",N,NORTE,RR,RORAIMA,"TIPO I",TÉRMICA,Gás,"Jaguatirica II",RRJII,UTE.GN.RR.044619-0.01,5290300000
"2022-03-16 17:00:00",N,NORTE,RR,RORAIMA,"TIPO I",TÉRMICA,Gás,"Jaguatirica II",RRJII,UTE.GN.RR.044619-0.01,5281100000
"2022-03-16 18:00:00",N,NORTE,RR,RORAIMA,"TIPO I",TÉRMICA,Gás,"Jaguatirica II",RRJII,UTE.GN.RR.044619-0.01,5285600000
"2022-03-16 19:00:00",N,NORTE,RR,RORAIMA,"TIPO I",TÉRMICA,Gás,"Jaguatirica II",RRJII,UTE.GN.RR.044619-0.01,5544900000
"2022-03-16 20:00:00",N,NORTE,RR,RORAIMA,"TIPO I",TÉRMICA,Gás,"Jaguatirica II",RRJII,UTE.GN.RR.044619-0.01,6046600000
"2022-03-16 21:00:00",N,NORTE,RR,RORAIMA,"TIPO I",TÉRMICA,Gás,"Jaguatirica II",RRJII,UTE.GN.RR.044619-0.01,5746400000
"2022-03-16 22:00:00",N,NORTE,RR,RORAIMA,"TIPO I",TÉRMICA,Gás,"Jaguatirica II",RRJII,UTE.GN.RR.044619-0.01,5473200000
"2022-03-16 23:00:00",N,NORTE,RR,RORAIMA,"TIPO I",TÉRMICA,Gás,"Jaguatirica II",RRJII,UTE.GN.RR.044619-0.01,5489300000
"2022-03-17 00:00:00",N,NORTE,RR,RORAIMA,"TIPO I",TÉRMICA,Gás,"Jaguatirica II",RRJII,UTE.GN.RR.044619-0.01,4527500000
"2022-03-17 01:00:00",N,NORTE,RR,RORAIMA,"TIPO I",TÉRMICA,Gás,"Jaguatirica II",RRJII,UTE.GN.RR.044619-0.01,2575000000
"2022-03-17 02:00:00",N,NORTE,RR,RORAIMA,"TIPO I",TÉRMICA,Gás,"Jaguatirica II",RRJII,UTE.GN.RR.044619-0.01,2403800000
"2022-03-17 03:00:00",N,NORTE,RR,RORAIMA,"TIPO I",TÉRMICA,Gás,"Jaguatirica II",RRJII,UTE.GN.RR.044619-0.01,2406200000
"2022-03-17 04:00:00",N,NORTE,RR,RORAIMA,"TIPO I",TÉRMICA,Gás,"Jaguatirica II",RRJII,UTE.GN.RR.044619-0.01,2405400000
"2022-03-17 05:00:00",N,NORTE,RR,RORAIMA,"TIPO I",TÉRMICA,Gás,"Jaguatirica II",RRJII,UTE.GN.RR.044619-0.01,2403800000
"2022-03-17 06:00:00",N,NORTE,RR,RORAIMA,"TIPO I",TÉRMICA,Gás,"Jaguatirica II",RRJII,UTE.GN.RR.044619-0.01,2405200000
"2022-03-17 07:00:00",N,NORTE,RR,RORAIMA,"TIPO I",TÉRMICA,Gás,"Jaguatirica II",RRJII,UTE.GN.RR.044619-0.01,2408600000
"2022-03-17 08:00:00",N,NORTE,RR,RORAIMA,"TIPO I",TÉRMICA,Gás,"Jaguatirica II",RRJII,UTE.GN.RR.044619-0.01,2409100000
"2022-03-17 09:00:00",N,NORTE,RR,RORAIMA,"TIPO I",TÉRMICA,Gás,"Jaguatirica II",RRJII,UTE.GN.RR.044619-0.01,2417500000
"2022-03-17 10:00:00",N,NORTE,RR,RORAIMA,"TIPO I",TÉRMICA,Gás,"Jaguatirica II",RRJII,UTE.GN.RR.044619-0.01,2494500000
"2022-03-17 11:00:00",N,NORTE,RR,RORAIMA,"TIPO I",TÉRMICA,Gás,"Jaguatirica II",RRJII,UTE.GN.RR.044619-0.01,2436800000
"2022-03-17 12:00:00",N,NORTE,RR,RORAIMA,"TIPO I",TÉRMICA,Gás,"Jaguatirica II",RRJII,UTE.GN.RR.044619-0.01,2445400000
"2022-03-17 13:00:00",N,NORTE,RR,RORAIMA,"TIPO I",TÉRMICA,Gás,"Jaguatirica II",RRJII,UTE.GN.RR.044619-0.01,2408900000
"2022-03-17 14:00:00",N,NORTE,RR,RORAIMA,"TIPO I",TÉRMICA,Gás,"Jaguatirica II",RRJII,UTE.GN.RR.044619-0.01,2399500000
"2022-03-17 15:00:00",N,NORTE,RR,RORAIMA,"TIPO I",TÉRMICA,Gás,"Jaguatirica II",RRJII,UTE.GN.RR.044619-0.01,2404400000
"2022-03-17 16:00:00",N,NORTE,RR,RORAIMA,"TIPO I",TÉRMICA,Gás,"Jaguatirica II",RRJII,UTE.GN.RR.044619-0.01,2404000000
"2022-03-17 17:00:00",N,NORTE,RR,RORAIMA,"TIPO I",TÉRMICA,Gás,"Jaguatirica II",RRJII,UTE.GN.RR.044619-0.01,2397700000
"2022-03-17 18:00:00",N,NORTE,RR,RORAIMA,"TIPO I",TÉRMICA,Gás,"Jaguatirica II",RRJII,UTE.GN.RR.044619-0.01,2438900000
"2022-03-17 19:00:00",N,NORTE,RR,RORAIMA,"TIPO I",TÉRMICA,Gás,"Jaguatirica II",RRJII,UTE.GN.RR.044619-0.01,2412800000
"2022-03-17 20:00:00",N,NORTE,RR,RORAIMA,"TIPO I",TÉRMICA,Gás,"Jaguatirica II",RRJII,UTE.GN.RR.044619-0.01,2415800000
"2022-03-17 21:00:00",N,NORTE,RR,RORAIMA,"TIPO I",TÉRMICA,Gás,"Jaguatirica II",RRJII,UTE.GN.RR.044619-0.01,2411500000
"2022-03-17 22:00:00",N,NORTE,RR,RORAIMA,"TIPO I",TÉRMICA,Gás,"Jaguatirica II",RRJII,UTE.GN.RR.044619-0.01,2419400000
"2022-03-17 23:00:00",N,NORTE,RR,RORAIMA,"TIPO I",TÉRMICA,Gás,"Jaguatirica II",RRJII,UTE.GN.RR.044619-0.01,2415800000
"2022-03-18 00:00:00",N,NORTE,RR,RORAIMA,"TIPO I",TÉRMICA,Gás,"Jaguatirica II",RRJII,UTE.GN.RR.044619-0.01,2411600000
"2022-03-18 01:00:00",N,NORTE,RR,RORAIMA,"TIPO I",TÉRMICA,Gás,"Jaguatirica II",RRJII,UTE.GN.RR.044619-0.01,2407200000
"2022-03-18 02:00:00",N,NORTE,RR,RORAIMA,"TIPO I",TÉRMICA,Gás,"Jaguatirica II",RRJII,UTE.GN.RR.044619-0.01,2404000000
"2022-03-18 03:00:00",N,NORTE,RR,RORAIMA,"TIPO I",TÉRMICA,Gás,"Jaguatirica II",RRJII,UTE.GN.RR.044619-0.01,2409800000
"2022-03-18 04:00:00",N,NORTE,RR,RORAIMA,"TIPO I",TÉRMICA,Gás,"Jaguatirica II",RRJII,UTE.GN.RR.044619-0.01,2407200000
"2022-03-18 05:00:00",N,NORTE,RR,RORAIMA,"TIPO I",TÉRMICA,Gás,"Jaguatirica II",RRJII,UTE.GN.RR.044619-0.01,2403300000
"2022-03-18 06:00:00",N,NORTE,RR,RORAIMA,"TIPO I",TÉRMICA,Gás,"Jaguatirica II",RRJII,UTE.GN.RR.044619-0.01,2406700000
"2022-03-18 07:00:00",N,NORTE,RR,RORAIMA,"TIPO I",TÉRMICA,Gás,"Jaguatirica II",RRJII,UTE.GN.RR.044619-0.01,2408100000
"2022-03-18 08:00:00",N,NORTE,RR,RORAIMA,"TIPO I",TÉRMICA,Gás,"Jaguatirica II",RRJII,UTE.GN.RR.044619-0.01,2404400000
"2022-03-18 09:00:00",N,NORTE,RR,RORAIMA,"TIPO I",TÉRMICA,Gás,"Jaguatirica II",RRJII,UTE.GN.RR.044619-0.01,2411000000
"2022-03-18 10:00:00",N,NORTE,RR,RORAIMA,"TIPO I",TÉRMICA,Gás,"Jaguatirica II",RRJII,UTE.GN.RR.044619-0.01,2417200000
"2022-03-18 11:00:00",N,NORTE,RR,RORAIMA,"TIPO I",TÉRMICA,Gás,"Jaguatirica II",RRJII,UTE.GN.RR.044619-0.01,2415200000
"2022-03-18 12:00:00",N,NORTE,RR,RORAIMA,"TIPO I",TÉRMICA,Gás,"Jaguatirica II",RRJII,UTE.GN.RR.044619-0.01,2417000000
"2022-03-18 13:00:00",N,NORTE,RR,RORAIMA,"TIPO I",TÉRMICA,Gás,"Jaguatirica II",RRJII,UTE.GN.RR.044619-0.01,2404900000
"2022-03-18 14:00:00",N,NORTE,RR,RORAIMA,"TIPO I",TÉRMICA,Gás,"Jaguatirica II",RRJII,UTE.GN.RR.044619-0.01,2441300000
"2022-03-18 15:00:00",N,NORTE,RR,RORAIMA,"TIPO I",TÉRMICA,Gás,"Jaguatirica II",RRJII,UTE.GN.RR.044619-0.01,2410400000
"2022-03-18 16:00:00",N,NORTE,RR,RORAIMA,"TIPO I",TÉRMICA,Gás,"Jaguatirica II",RRJII,UTE.GN.RR.044619-0.01,2443000000
"2022-03-18 17:00:00",N,NORTE,RR,RORAIMA,"TIPO I",TÉRMICA,Gás,"Jaguatirica II",RRJII,UTE.GN.RR.044619-0.01,2481800000
"2022-03-18 18:00:00",N,NORTE,RR,RORAIMA,"TIPO I",TÉRMICA,Gás,"Jaguatirica II",RRJII,UTE.GN.RR.044619-0.01,2479800000
"2022-03-18 19:00:00",N,NORTE,RR,RORAIMA,"TIPO I",TÉRMICA,Gás,"Jaguatirica II",RRJII,UTE.GN.RR.044619-0.01,2429200000
"2022-03-18 20:00:00",N,NORTE,RR,RORAIMA,"TIPO I",TÉRMICA,Gás,"Jaguatirica II",RRJII,UTE.GN.RR.044619-0.01,2403200000
"2022-03-18 21:00:00",N,NORTE,RR,RORAIMA,"TIPO I",TÉRMICA,Gás,"Jaguatirica II",RRJII,UTE.GN.RR.044619-0.01,2699300000
"2022-03-18 22:00:00",N,NORTE,RR,RORAIMA,"TIPO I",TÉRMICA,Gás,"Jaguatirica II",RRJII,UTE.GN.RR.044619-0.01,2923600000
"2022-03-18 23:00:00",N,NORTE,RR,RORAIMA,"TIPO I",TÉRMICA,Gás,"Jaguatirica II",RRJII,UTE.GN.RR.044619-0.01,2479100000
"2022-03-19 00:00:00",N,NORTE,RR,RORAIMA,"TIPO I",TÉRMICA,Gás,"Jaguatirica II",RRJII,UTE.GN.RR.044619-0.01,1403600000
"2022-03-19 01:00:00",N,NORTE,RR,RORAIMA,"TIPO I",TÉRMICA,Gás,"Jaguatirica II",RRJII,UTE.GN.RR.044619-0.01,200000
"2022-03-19 02:00:00",N,NORTE,RR,RORAIMA,"TIPO I",TÉRMICA,Gás,"Jaguatirica II",RRJII,UTE.GN.RR.044619-0.01,200000
"2022-03-19 03:00:00",N,NORTE,RR,RORAIMA,"TIPO I",TÉRMICA,Gás,"Jaguatirica II",RRJII,UTE.GN.RR.044619-0.01,200000
"2022-03-19 04:00:00",N,NORTE,RR,RORAIMA,"TIPO I",TÉRMICA,Gás,"Jaguatirica II",RRJII,UTE.GN.RR.044619-0.01,200000
"2022-03-19 05:00:00",N,NORTE,RR,RORAIMA,"TIPO I",TÉRMICA,Gás,"Jaguatirica II",RRJII,UTE.GN.RR.044619-0.01,200000
"2022-03-19 06:00:00",N,NORTE,RR,RORAIMA,"TIPO I",TÉRMICA,Gás,"Jaguatirica II",RRJII,UTE.GN.RR.044619-0.01,200000
"2022-03-19 07:00:00",N,NORTE,RR,RORAIMA,"TIPO I",TÉRMICA,Gás,"Jaguatirica II",RRJII,UTE.GN.RR.044619-0.01,200000
"2022-03-19 08:00:00",N,NORTE,RR,RORAIMA,"TIPO I",TÉRMICA,Gás,"Jaguatirica II",RRJII,UTE.GN.RR.044619-0.01,200000
"2022-03-19 09:00:00",N,NORTE,RR,RORAIMA,"TIPO I",TÉRMICA,Gás,"Jaguatirica II",RRJII,UTE.GN.RR.044619-0.01,200000
"2022-03-19 10:00:00",N,NORTE,RR,RORAIMA,"TIPO I",TÉRMICA,Gás,"Jaguatirica II",RRJII,UTE.GN.RR.044619-0.01,200000
"2022-03-19 11:00:00",N,NORTE,RR,RORAIMA,"TIPO I",TÉRMICA,Gás,"Jaguatirica II",RRJII,UTE.GN.RR.044619-0.01,200000
"2022-03-19 12:00:00",N,NORTE,RR,RORAIMA,"TIPO I",TÉRMICA,Gás,"Jaguatirica II",RRJII,UTE.GN.RR.044619-0.01,200000
"2022-03-19 13:00:00",N,NORTE,RR,RORAIMA,"TIPO I",TÉRMICA,Gás,"Jaguatirica II",RRJII,UTE.GN.RR.044619-0.01,200000
"2022-03-19 14:00:00",N,NORTE,RR,RORAIMA,"TIPO I",TÉRMICA,Gás,"Jaguatirica II",RRJII,UTE.GN.RR.044619-0.01,200000
"2022-03-19 15:00:00",N,NORTE,RR,RORAIMA,"TIPO I",TÉRMICA,Gás,"Jaguatirica II",RRJII,UTE.GN.RR.044619-0.01,200000
"2022-03-19 16:00:00",N,NORTE,RR,RORAIMA,"TIPO I",TÉRMICA,Gás,"Jaguatirica II",RRJII,UTE.GN.RR.044619-0.01,200000
"2022-03-19 17:00:00",N,NORTE,RR,RORAIMA,"TIPO I",TÉRMICA,Gás,"Jaguatirica II",RRJII,UTE.GN.RR.044619-0.01,200000
"2022-03-19 18:00:00",N,NORTE,RR,RORAIMA,"TIPO I",TÉRMICA,Gás,"Jaguatirica II",RRJII,UTE.GN.RR.044619-0.01,200000
"2022-03-19 19:00:00",N,NORTE,RR,RORAIMA,"TIPO I",TÉRMICA,Gás,"Jaguatirica II",RRJII,UTE.GN.RR.044619-0.01,200000
"2022-03-19 20:00:00",N,NORTE,RR,RORAIMA,"TIPO I",TÉRMICA,Gás,"Jaguatirica II",RRJII,UTE.GN.RR.044619-0.01,200000
"2022-03-19 21:00:00",N,NORTE,RR,RORAIMA,"TIPO I",TÉRMICA,Gás,"Jaguatirica II",RRJII,UTE.GN.RR.044619-0.01,200000
"2022-03-19 22:00:00",N,NORTE,RR,RORAIMA,"TIPO I",TÉRMICA,Gás,"Jaguatirica II",RRJII,UTE.GN.RR.044619-0.01,200000
"2022-03-19 23:00:00",N,NORTE,RR,RORAIMA,"TIPO I",TÉRMICA,Gás,"Jaguatirica II",RRJII,UTE.GN.RR.044619-0.01,200000
"2022-03-20 00:00:00",N,NORTE,RR,RORAIMA,"TIPO I",TÉRMICA,Gás,"Jaguatirica II",RRJII,UTE.GN.RR.044619-0.01,200000
"2022-03-20 01:00:00",N,NORTE,RR,RORAIMA,"TIPO I",TÉRMICA,Gás,"Jaguatirica II",RRJII,UTE.GN.RR.044619-0.01,1618900000
"2022-03-20 02:00:00",N,NORTE,RR,RORAIMA,"TIPO I",TÉRMICA,Gás,"Jaguatirica II",RRJII,UTE.GN.RR.044619-0.01,4297300000
"2022-03-20 03:00:00",N,NORTE,RR,RORAIMA,"TIPO I",TÉRMICA,Gás,"Jaguatirica II",RRJII,UTE.GN.RR.044619-0.01,4718100000
"2022-03-20 04:00:00",N,NORTE,RR,RORAIMA,"TIPO I",TÉRMICA,Gás,"Jaguatirica II",RRJII,UTE.GN.RR.044619-0.01,4721900000
"2022-03-20 05:00:00",N,NORTE,RR,RORAIMA,"TIPO I",TÉRMICA,Gás,"Jaguatirica II",RRJII,UTE.GN.RR.044619-0.01,4720900000
"2022-03-20 06:00:00",N,NORTE,RR,RORAIMA,"TIPO I",TÉRMICA,Gás,"Jaguatirica II",RRJII,UTE.GN.RR.044619-0.01,4443200000
"2022-03-20 07:00:00",N,NORTE,RR,RORAIMA,"TIPO I",TÉRMICA,Gás,"Jaguatirica II",RRJII,UTE.GN.RR.044619-0.01,3437000000
"2022-03-20 08:00:00",N,NORTE,RR,RORAIMA,"TIPO I",TÉRMICA,Gás,"Jaguatirica II",RRJII,UTE.GN.RR.044619-0.01,2338800000
"2022-03-20 09:00:00",N,NORTE,RR,RORAIMA,"TIPO I",TÉRMICA,Gás,"Jaguatirica II",RRJII,UTE.GN.RR.044619-0.01,1498400000
"2022-03-20 10:00:00",N,NORTE,RR,RORAIMA,"TIPO I",TÉRMICA,Gás,"Jaguatirica II",RRJII,UTE.GN.RR.044619-0.01,1310500000
"2022-03-20 11:00:00",N,NORTE,RR,RORAIMA,"TIPO I",TÉRMICA,Gás,"Jaguatirica II",RRJII,UTE.GN.RR.044619-0.01,1851600000
"2022-03-20 12:00:00",N,NORTE,RR,RORAIMA,"TIPO I",TÉRMICA,Gás,"Jaguatirica II",RRJII,UTE.GN.RR.044619-0.01,1851100000
"2022-03-20 13:00:00",N,NORTE,RR,RORAIMA,"TIPO I",TÉRMICA,Gás,"Jaguatirica II",RRJII,UTE.GN.RR.044619-0.01,1852600000
"2022-03-20 14:00:00",N,NORTE,RR,RORAIMA,"TIPO I",TÉRMICA,Gás,"Jaguatirica II",RRJII,UTE.GN.RR.044619-0.01,1853200000
"2022-03-20 15:00:00",N,NORTE,RR,RORAIMA,"TIPO I",TÉRMICA,Gás,"Jaguatirica II",RRJII,UTE.GN.RR.044619-0.01,3134300000
"2022-03-20 16:00:00",N,NORTE,RR,RORAIMA,"TIPO I",TÉRMICA,Gás,"Jaguatirica II",RRJII,UTE.GN.RR.044619-0.01,3855800000
"2022-03-20 17:00:00",N,NORTE,RR,RORAIMA,"TIPO I",TÉRMICA,Gás,"Jaguatirica II",RRJII,UTE.GN.RR.044619-0.01,4069000000
"2022-03-20 18:00:00",N,NORTE,RR,RORAIMA,"TIPO I",TÉRMICA,Gás,"Jaguatirica II",RRJII,UTE.GN.RR.044619-0.01,4053300000
"2022-03-20 19:00:00",N,NORTE,RR,RORAIMA,"TIPO I",TÉRMICA,Gás,"Jaguatirica II",RRJII,UTE.GN.RR.044619-0.01,4467200000
"2022-03-20 20:00:00",N,NORTE,RR,RORAIMA,"TIPO I",TÉRMICA,Gás,"Jaguatirica II",RRJII,UTE.GN.RR.044619-0.01,4717400000
"2022-03-20 21:00:00",N,NORTE,RR,RORAIMA,"TIPO I",TÉRMICA,Gás,"Jaguatirica II",RRJII,UTE.GN.RR.044619-0.01,4719900000
"2022-03-20 22:00:00",N,NORTE,RR,RORAIMA,"TIPO I",TÉRMICA,Gás,"Jaguatirica II",RRJII,UTE.GN.RR.044619-0.01,4717600000
"2022-03-20 23:00:00",N,NORTE,RR,RORAIMA,"TIPO I",TÉRMICA,Gás,"Jaguatirica II",RRJII,UTE.GN.RR.044619-0.01,4718600000
"2022-03-21 00:00:00",N,NORTE,RR,RORAIMA,"TIPO I",TÉRMICA,Gás,"Jaguatirica II",RRJII,UTE.GN.RR.044619-0.01,4719400000
"2022-03-21 01:00:00",N,NORTE,RR,RORAIMA,"TIPO I",TÉRMICA,Gás,"Jaguatirica II",RRJII,UTE.GN.RR.044619-0.01,4719600000
"2022-03-21 02:00:00",N,NORTE,RR,RORAIMA,"TIPO I",TÉRMICA,Gás,"Jaguatirica II",RRJII,UTE.GN.RR.044619-0.01,4716900000
"2022-03-21 03:00:00",N,NORTE,RR,RORAIMA,"TIPO I",TÉRMICA,Gás,"Jaguatirica II",RRJII,UTE.GN.RR.044619-0.01,4637800000
"2022-03-21 04:00:00",N,NORTE,RR,RORAIMA,"TIPO I",TÉRMICA,Gás,"Jaguatirica II",RRJII,UTE.GN.RR.044619-0.01,200000
"2022-03-21 05:00:00",N,NORTE,RR,RORAIMA,"TIPO I",TÉRMICA,Gás,"Jaguatirica II",RRJII,UTE.GN.RR.044619-0.01,200000
"2022-03-21 06:00:00",N,NORTE,RR,RORAIMA,"TIPO I",TÉRMICA,Gás,"Jaguatirica II",RRJII,UTE.GN.RR.044619-0.01,200000
"2022-03-21 07:00:00",N,NORTE,RR,RORAIMA,"TIPO I",TÉRMICA,Gás,"Jaguatirica II",RRJII,UTE.GN.RR.044619-0.01,200000
"2022-03-21 08:00:00",N,NORTE,RR,RORAIMA,"TIPO I",TÉRMICA,Gás,"Jaguatirica II",RRJII,UTE.GN.RR.044619-0.01,633900000
"2022-03-21 09:00:00",N,NORTE,RR,RORAIMA,"TIPO I",TÉRMICA,Gás,"Jaguatirica II",RRJII,UTE.GN.RR.044619-0.01,2172500000
"2022-03-21 10:00:00",N,NORTE,RR,RORAIMA,"TIPO I",TÉRMICA,Gás,"Jaguatirica II",RRJII,UTE.GN.RR.044619-0.01,2248600000
"2022-03-21 11:00:00",N,NORTE,RR,RORAIMA,"TIPO I",TÉRMICA,Gás,"Jaguatirica II",RRJII,UTE.GN.RR.044619-0.01,216400000
"2022-03-21 12:00:00",N,NORTE,RR,RORAIMA,"TIPO I",TÉRMICA,Gás,"Jaguatirica II",RRJII,UTE.GN.RR.044619-0.01,200000
"2022-03-21 13:00:00",N,NORTE,RR,RORAIMA,"TIPO I",TÉRMICA,Gás,"Jaguatirica II",RRJII,UTE.GN.RR.044619-0.01,200000
"2022-03-21 14:00:00",N,NORTE,RR,RORAIMA,"TIPO I",TÉRMICA,Gás,"Jaguatirica II",RRJII,UTE.GN.RR.044619-0.01,200000
"2022-03-21 15:00:00",N,NORTE,RR,RORAIMA,"TIPO I",TÉRMICA,Gás,"Jaguatirica II",RRJII,UTE.GN.RR.044619-0.01,200000
"2022-03-21 16:00:00",N,NORTE,RR,RORAIMA,"TIPO I",TÉRMICA,Gás,"Jaguatirica II",RRJII,UTE.GN.RR.044619-0.01,637500000
"2022-03-21 17:00:00",N,NORTE,RR,RORAIMA,"TIPO I",TÉRMICA,Gás,"Jaguatirica II",RRJII,UTE.GN.RR.044619-0.01,2128800000
"2022-03-21 18:00:00",N,NORTE,RR,RORAIMA,"TIPO I",TÉRMICA,Gás,"Jaguatirica II",RRJII,UTE.GN.RR.044619-0.01,2241500000
"2022-03-21 19:00:00",N,NORTE,RR,RORAIMA,"TIPO I",TÉRMICA,Gás,"Jaguatirica II",RRJII,UTE.GN.RR.044619-0.01,2303500000
"2022-03-21 20:00:00",N,NORTE,RR,RORAIMA,"TIPO I",TÉRMICA,Gás,"Jaguatirica II",RRJII,UTE.GN.RR.044619-0.01,2894100000
"2022-03-21 21:00:00",N,NORTE,RR,RORAIMA,"TIPO I",TÉRMICA,Gás,"Jaguatirica II",RRJII,UTE.GN.RR.044619-0.01,3048700000
"2022-03-21 22:00:00",N,NORTE,RR,RORAIMA,"TIPO I",TÉRMICA,Gás,"Jaguatirica II",RRJII,UTE.GN.RR.044619-0.01,3050200000
"2022-03-21 23:00:00",N,NORTE,RR,RORAIMA,"TIPO I",TÉRMICA,Gás,"Jaguatirica II",RRJII,UTE.GN.RR.044619-0.01,3055900000
"2022-03-22 00:00:00",N,NORTE,RR,RORAIMA,"TIPO I",TÉRMICA,Gás,"Jaguatirica II",RRJII,UTE.GN.RR.044619-0.01,3047000000
"2022-03-22 01:00:00",N,NORTE,RR,RORAIMA,"TIPO I",TÉRMICA,Gás,"Jaguatirica II",RRJII,UTE.GN.RR.044619-0.01,3044700000
"2022-03-22 02:00:00",N,NORTE,RR,RORAIMA,"TIPO I",TÉRMICA,Gás,"Jaguatirica II",RRJII,UTE.GN.RR.044619-0.01,3049100000
"2022-03-22 03:00:00",N,NORTE,RR,RORAIMA,"TIPO I",TÉRMICA,Gás,"Jaguatirica II",RRJII,UTE.GN.RR.044619-0.01,3046900000
"2022-03-22 04:00:00",N,NORTE,RR,RORAIMA,"TIPO I",TÉRMICA,Gás,"Jaguatirica II",RRJII,UTE.GN.RR.044619-0.01,3046600000
"2022-03-22 05:00:00",N,NORTE,RR,RORAIMA,"TIPO I",TÉRMICA,Gás,"Jaguatirica II",RRJII,UTE.GN.RR.044619-0.01,3047500000
"2022-03-22 06:00:00",N,NORTE,RR,RORAIMA,"TIPO I",TÉRMICA,Gás,"Jaguatirica II",RRJII,UTE.GN.RR.044619-0.01,2558100000
"2022-03-22 07:00:00",N,NORTE,RR,RORAIMA,"TIPO I",TÉRMICA,Gás,"Jaguatirica II",RRJII,UTE.GN.RR.044619-0.01,2447300000
"2022-03-22 08:00:00",N,NORTE,RR,RORAIMA,"TIPO I",TÉRMICA,Gás,"Jaguatirica II",RRJII,UTE.GN.RR.044619-0.01,2449300000
"2022-03-22 09:00:00",N,NORTE,RR,RORAIMA,"TIPO I",TÉRMICA,Gás,"Jaguatirica II",RRJII,UTE.GN.RR.044619-0.01,2475800000
"2022-03-22 10:00:00",N,NORTE,RR,RORAIMA,"TIPO I",TÉRMICA,Gás,"Jaguatirica II",RRJII,UTE.GN.RR.044619-0.01,2446800000
"2022-03-22 11:00:00",N,NORTE,RR,RORAIMA,"TIPO I",TÉRMICA,Gás,"Jaguatirica II",RRJII,UTE.GN.RR.044619-0.01,2448400000
"2022-03-22 12:00:00",N,NORTE,RR,RORAIMA,"TIPO I",TÉRMICA,Gás,"Jaguatirica II",RRJII,UTE.GN.RR.044619-0.01,2482600000
"2022-03-22 13:00:00",N,NORTE,RR,RORAIMA,"TIPO I",TÉRMICA,Gás,"Jaguatirica II",RRJII,UTE.GN.RR.044619-0.01,2490800000
"2022-03-22 14:00:00",N,NORTE,RR,RORAIMA,"TIPO I",TÉRMICA,Gás,"Jaguatirica II",RRJII,UTE.GN.RR.044619-0.01,2682000000
"2022-03-22 15:00:00",N,NORTE,RR,RORAIMA,"TIPO I",TÉRMICA,Gás,"Jaguatirica II",RRJII,UTE.GN.RR.044619-0.01,3046500000
"2022-03-22 16:00:00",N,NORTE,RR,RORAIMA,"TIPO I",TÉRMICA,Gás,"Jaguatirica II",RRJII,UTE.GN.RR.044619-0.01,2633200000
"2022-03-22 17:00:00",N,NORTE,RR,RORAIMA,"TIPO I",TÉRMICA,Gás,"Jaguatirica II",RRJII,UTE.GN.RR.044619-0.01,2235900000
"2022-03-22 18:00:00",N,NORTE,RR,RORAIMA,"TIPO I",TÉRMICA,Gás,"Jaguatirica II",RRJII,UTE.GN.RR.044619-0.01,200000
"2022-03-22 19:00:00",N,NORTE,RR,RORAIMA,"TIPO I",TÉRMICA,Gás,"Jaguatirica II",RRJII,UTE.GN.RR.044619-0.01,200000
"2022-03-22 20:00:00",N,NORTE,RR,RORAIMA,"TIPO I",TÉRMICA,Gás,"Jaguatirica II",RRJII,UTE.GN.RR.044619-0.01,200000
"2022-03-22 21:00:00",N,NORTE,RR,RORAIMA,"TIPO I",TÉRMICA,Gás,"Jaguatirica II",RRJII,UTE.GN.RR.044619-0.01,200000
"2022-03-22 22:00:00",N,NORTE,RR,RORAIMA,"TIPO I",TÉRMICA,Gás,"Jaguatirica II",RRJII,UTE.GN.RR.044619-0.01,200000
"2022-03-22 23:00:00",N,NORTE,RR,RORAIMA,"TIPO I",TÉRMICA,Gás,"Jaguatirica II",RRJII,UTE.GN.RR.044619-0.01,200000
"2022-03-23 00:00:00",N,NORTE,RR,RORAIMA,"TIPO I",TÉRMICA,Gás,"Jaguatirica II",RRJII,UTE.GN.RR.044619-0.01,200000
"2022-03-23 01:00:00",N,NORTE,RR,RORAIMA,"TIPO I",TÉRMICA,Gás,"Jaguatirica II",RRJII,UTE.GN.RR.044619-0.01,200000
"2022-03-23 02:00:00",N,NORTE,RR,RORAIMA,"TIPO I",TÉRMICA,Gás,"Jaguatirica II",RRJII,UTE.GN.RR.044619-0.01,200000
"2022-03-23 03:00:00",N,NORTE,RR,RORAIMA,"TIPO I",TÉRMICA,Gás,"Jaguatirica II",RRJII,UTE.GN.RR.044619-0.01,1894500000
"2022-03-23 04:00:00",N,NORTE,RR,RORAIMA,"TIPO I",TÉRMICA,Gás,"Jaguatirica II",RRJII,UTE.GN.RR.044619-0.01,2463700000
"2022-03-23 05:00:00",N,NORTE,RR,RORAIMA,"TIPO I",TÉRMICA,Gás,"Jaguatirica II",RRJII,UTE.GN.RR.044619-0.01,2459700000
"2022-03-23 06:00:00",N,NORTE,RR,RORAIMA,"TIPO I",TÉRMICA,Gás,"Jaguatirica II",RRJII,UTE.GN.RR.044619-0.01,2474700000
"2022-03-23 07:00:00",N,NORTE,RR,RORAIMA,"TIPO I",TÉRMICA,Gás,"Jaguatirica II",RRJII,UTE.GN.RR.044619-0.01,2446700000
"2022-03-23 08:00:00",N,NORTE,RR,RORAIMA,"TIPO I",TÉRMICA,Gás,"Jaguatirica II",RRJII,UTE.GN.RR.044619-0.01,2466100000
"2022-03-23 09:00:00",N,NORTE,RR,RORAIMA,"TIPO I",TÉRMICA,Gás,"Jaguatirica II",RRJII,UTE.GN.RR.044619-0.01,2447400000
"2022-03-23 10:00:00",N,NORTE,RR,RORAIMA,"TIPO I",TÉRMICA,Gás,"Jaguatirica II",RRJII,UTE.GN.RR.044619-0.01,2458400000
"2022-03-23 11:00:00",N,NORTE,RR,RORAIMA,"TIPO I",TÉRMICA,Gás,"Jaguatirica II",RRJII,UTE.GN.RR.044619-0.01,2452700000
"2022-03-23 12:00:00",N,NORTE,RR,RORAIMA,"TIPO I",TÉRMICA,Gás,"Jaguatirica II",RRJII,UTE.GN.RR.044619-0.01,2458200000
"2022-03-23 13:00:00",N,NORTE,RR,RORAIMA,"TIPO I",TÉRMICA,Gás,"Jaguatirica II",RRJII,UTE.GN.RR.044619-0.01,2511500000
"2022-03-23 14:00:00",N,NORTE,RR,RORAIMA,"TIPO I",TÉRMICA,Gás,"Jaguatirica II",RRJII,UTE.GN.RR.044619-0.01,2485000000
"2022-03-23 15:00:00",N,NORTE,RR,RORAIMA,"TIPO I",TÉRMICA,Gás,"Jaguatirica II",RRJII,UTE.GN.RR.044619-0.01,2462400000
"2022-03-23 16:00:00",N,NORTE,RR,RORAIMA,"TIPO I",TÉRMICA,Gás,"Jaguatirica II",RRJII,UTE.GN.RR.044619-0.01,2412200000
"2022-03-23 17:00:00",N,NORTE,RR,RORAIMA,"TIPO I",TÉRMICA,Gás,"Jaguatirica II",RRJII,UTE.GN.RR.044619-0.01,2463000000
"2022-03-23 18:00:00",N,NORTE,RR,RORAIMA,"TIPO I",TÉRMICA,Gás,"Jaguatirica II",RRJII,UTE.GN.RR.044619-0.01,2391600000
"2022-03-23 19:00:00",N,NORTE,RR,RORAIMA,"TIPO I",TÉRMICA,Gás,"Jaguatirica II",RRJII,UTE.GN.RR.044619-0.01,2961700000
"2022-03-23 20:00:00",N,NORTE,RR,RORAIMA,"TIPO I",TÉRMICA,Gás,"Jaguatirica II",RRJII,UTE.GN.RR.044619-0.01,2326400000
"2022-03-23 21:00:00",N,NORTE,RR,RORAIMA,"TIPO I",TÉRMICA,Gás,"Jaguatirica II",RRJII,UTE.GN.RR.044619-0.01,2915500000
"2022-03-23 22:00:00",N,NORTE,RR,RORAIMA,"TIPO I",TÉRMICA,Gás,"Jaguatirica II",RRJII,UTE.GN.RR.044619-0.01,3378000000
"2022-03-23 23:00:00",N,NORTE,RR,RORAIMA,"TIPO I",TÉRMICA,Gás,"Jaguatirica II",RRJII,UTE.GN.RR.044619-0.01,3444000000
"2022-03-24 00:00:00",N,NORTE,RR,RORAIMA,"TIPO I",TÉRMICA,Gás,"Jaguatirica II",RRJII,UTE.GN.RR.044619-0.01,3447500000
"2022-03-24 01:00:00",N,NORTE,RR,RORAIMA,"TIPO I",TÉRMICA,Gás,"Jaguatirica II",RRJII,UTE.GN.RR.044619-0.01,3448100000
"2022-03-24 02:00:00",N,NORTE,RR,RORAIMA,"TIPO I",TÉRMICA,Gás,"Jaguatirica II",RRJII,UTE.GN.RR.044619-0.01,2977500000
"2022-03-24 03:00:00",N,NORTE,RR,RORAIMA,"TIPO I",TÉRMICA,Gás,"Jaguatirica II",RRJII,UTE.GN.RR.044619-0.01,2946600000
"2022-03-24 04:00:00",N,NORTE,RR,RORAIMA,"TIPO I",TÉRMICA,Gás,"Jaguatirica II",RRJII,UTE.GN.RR.044619-0.01,2869300000
"2022-03-24 05:00:00",N,NORTE,RR,RORAIMA,"TIPO I",TÉRMICA,Gás,"Jaguatirica II",RRJII,UTE.GN.RR.044619-0.01,2447100000
"2022-03-24 06:00:00",N,NORTE,RR,RORAIMA,"TIPO I",TÉRMICA,Gás,"Jaguatirica II",RRJII,UTE.GN.RR.044619-0.01,2447600000
"2022-03-24 07:00:00",N,NORTE,RR,RORAIMA,"TIPO I",TÉRMICA,Gás,"Jaguatirica II",RRJII,UTE.GN.RR.044619-0.01,2445300000
"2022-03-24 08:00:00",N,NORTE,RR,RORAIMA,"TIPO I",TÉRMICA,Gás,"Jaguatirica II",RRJII,UTE.GN.RR.044619-0.01,2448300000
"2022-03-24 09:00:00",N,NORTE,RR,RORAIMA,"TIPO I",TÉRMICA,Gás,"Jaguatirica II",RRJII,UTE.GN.RR.044619-0.01,2489600000
"2022-03-24 10:00:00",N,NORTE,RR,RORAIMA,"TIPO I",TÉRMICA,Gás,"Jaguatirica II",RRJII,UTE.GN.RR.044619-0.01,2452800000
"2022-03-24 11:00:00",N,NORTE,RR,RORAIMA,"TIPO I",TÉRMICA,Gás,"Jaguatirica II",RRJII,UTE.GN.RR.044619-0.01,2642100000
"2022-03-24 12:00:00",N,NORTE,RR,RORAIMA,"TIPO I",TÉRMICA,Gás,"Jaguatirica II",RRJII,UTE.GN.RR.044619-0.01,3080600000
"2022-03-24 13:00:00",N,NORTE,RR,RORAIMA,"TIPO I",TÉRMICA,Gás,"Jaguatirica II",RRJII,UTE.GN.RR.044619-0.01,4250100000
"2022-03-24 14:00:00",N,NORTE,RR,RORAIMA,"TIPO I",TÉRMICA,Gás,"Jaguatirica II",RRJII,UTE.GN.RR.044619-0.01,5629600000
"2022-03-24 15:00:00",N,NORTE,RR,RORAIMA,"TIPO I",TÉRMICA,Gás,"Jaguatirica II",RRJII,UTE.GN.RR.044619-0.01,5683900000
"2022-03-24 16:00:00",N,NORTE,RR,RORAIMA,"TIPO I",TÉRMICA,Gás,"Jaguatirica II",RRJII,UTE.GN.RR.044619-0.01,5605100000
"2022-03-24 17:00:00",N,NORTE,RR,RORAIMA,"TIPO I",TÉRMICA,Gás,"Jaguatirica II",RRJII,UTE.GN.RR.044619-0.01,5625700000
"2022-03-24 18:00:00",N,NORTE,RR,RORAIMA,"TIPO I",TÉRMICA,Gás,"Jaguatirica II",RRJII,UTE.GN.RR.044619-0.01,5538300000
"2022-03-24 19:00:00",N,NORTE,RR,RORAIMA,"TIPO I",TÉRMICA,Gás,"Jaguatirica II",RRJII,UTE.GN.RR.044619-0.01,5864300000
"2022-03-24 20:00:00",N,NORTE,RR,RORAIMA,"TIPO I",TÉRMICA,Gás,"Jaguatirica II",RRJII,UTE.GN.RR.044619-0.01,5999900000
"2022-03-24 21:00:00",N,NORTE,RR,RORAIMA,"TIPO I",TÉRMICA,Gás,"Jaguatirica II",RRJII,UTE.GN.RR.044619-0.01,4989400000
"2022-03-24 22:00:00",N,NORTE,RR,RORAIMA,"TIPO I",TÉRMICA,Gás,"Jaguatirica II",RRJII,UTE.GN.RR.044619-0.01,5037800000
"2022-03-24 23:00:00",N,NORTE,RR,RORAIMA,"TIPO I",TÉRMICA,Gás,"Jaguatirica II",RRJII,UTE.GN.RR.044619-0.01,6485600000
"2022-03-25 00:00:00",N,NORTE,RR,RORAIMA,"TIPO I",TÉRMICA,Gás,"Jaguatirica II",RRJII,UTE.GN.RR.044619-0.01,5402100000
"2022-03-25 01:00:00",N,NORTE,RR,RORAIMA,"TIPO I",TÉRMICA,Gás,"Jaguatirica II",RRJII,UTE.GN.RR.044619-0.01,4602500000
"2022-03-25 02:00:00",N,NORTE,RR,RORAIMA,"TIPO I",TÉRMICA,Gás,"Jaguatirica II",RRJII,UTE.GN.RR.044619-0.01,4038300000
"2022-03-25 03:00:00",N,NORTE,RR,RORAIMA,"TIPO I",TÉRMICA,Gás,"Jaguatirica II",RRJII,UTE.GN.RR.044619-0.01,3691900000
"2022-03-25 04:00:00",N,NORTE,RR,RORAIMA,"TIPO I",TÉRMICA,Gás,"Jaguatirica II",RRJII,UTE.GN.RR.044619-0.01,3470000000
"2022-03-25 05:00:00",N,NORTE,RR,RORAIMA,"TIPO I",TÉRMICA,Gás,"Jaguatirica II",RRJII,UTE.GN.RR.044619-0.01,3035900000
"2022-03-25 06:00:00",N,NORTE,RR,RORAIMA,"TIPO I",TÉRMICA,Gás,"Jaguatirica II",RRJII,UTE.GN.RR.044619-0.01,3036700000
"2022-03-25 07:00:00",N,NORTE,RR,RORAIMA,"TIPO I",TÉRMICA,Gás,"Jaguatirica II",RRJII,UTE.GN.RR.044619-0.01,3033200000
"2022-03-25 08:00:00",N,NORTE,RR,RORAIMA,"TIPO I",TÉRMICA,Gás,"Jaguatirica II",RRJII,UTE.GN.RR.044619-0.01,3111200000
"2022-03-25 09:00:00",N,NORTE,RR,RORAIMA,"TIPO I",TÉRMICA,Gás,"Jaguatirica II",RRJII,UTE.GN.RR.044619-0.01,4251000000
"2022-03-25 10:00:00",N,NORTE,RR,RORAIMA,"TIPO I",TÉRMICA,Gás,"Jaguatirica II",RRJII,UTE.GN.RR.044619-0.01,4863900000
"2022-03-25 11:00:00",N,NORTE,RR,RORAIMA,"TIPO I",TÉRMICA,Gás,"Jaguatirica II",RRJII,UTE.GN.RR.044619-0.01,6221000000
"2022-03-25 12:00:00",N,NORTE,RR,RORAIMA,"TIPO I",TÉRMICA,Gás,"Jaguatirica II",RRJII,UTE.GN.RR.044619-0.01,5990800000
"2022-03-25 13:00:00",N,NORTE,RR,RORAIMA,"TIPO I",TÉRMICA,Gás,"Jaguatirica II",RRJII,UTE.GN.RR.044619-0.01,5537700000
"2022-03-25 14:00:00",N,NORTE,RR,RORAIMA,"TIPO I",TÉRMICA,Gás,"Jaguatirica II",RRJII,UTE.GN.RR.044619-0.01,5794500000
"2022-03-25 15:00:00",N,NORTE,RR,RORAIMA,"TIPO I",TÉRMICA,Gás,"Jaguatirica II",RRJII,UTE.GN.RR.044619-0.01,5439400000
"2022-03-25 16:00:00",N,NORTE,RR,RORAIMA,"TIPO I",TÉRMICA,Gás,"Jaguatirica II",RRJII,UTE.GN.RR.044619-0.01,5767500000
"2022-03-25 17:00:00",N,NORTE,RR,RORAIMA,"TIPO I",TÉRMICA,Gás,"Jaguatirica II",RRJII,UTE.GN.RR.044619-0.01,6535900000
"2022-03-25 18:00:00",N,NORTE,RR,RORAIMA,"TIPO I",TÉRMICA,Gás,"Jaguatirica II",RRJII,UTE.GN.RR.044619-0.01,7000900000
"2022-03-25 19:00:00",N,NORTE,RR,RORAIMA,"TIPO I",TÉRMICA,Gás,"Jaguatirica II",RRJII,UTE.GN.RR.044619-0.01,6893700000
"2022-03-25 20:00:00",N,NORTE,RR,RORAIMA,"TIPO I",TÉRMICA,Gás,"Jaguatirica II",RRJII,UTE.GN.RR.044619-0.01,6625400000
"2022-03-25 21:00:00",N,NORTE,RR,RORAIMA,"TIPO I",TÉRMICA,Gás,"Jaguatirica II",RRJII,UTE.GN.RR.044619-0.01,6643800000
"2022-03-25 22:00:00",N,NORTE,RR,RORAIMA,"TIPO I",TÉRMICA,Gás,"Jaguatirica II",RRJII,UTE.GN.RR.044619-0.01,6462500000
"2022-03-25 23:00:00",N,NORTE,RR,RORAIMA,"TIPO I",TÉRMICA,Gás,"Jaguatirica II",RRJII,UTE.GN.RR.044619-0.01,4999000000
"2022-03-26 00:00:00",N,NORTE,RR,RORAIMA,"TIPO I",TÉRMICA,Gás,"Jaguatirica II",RRJII,UTE.GN.RR.044619-0.01,4716600000
"2022-03-26 01:00:00",N,NORTE,RR,RORAIMA,"TIPO I",TÉRMICA,Gás,"Jaguatirica II",RRJII,UTE.GN.RR.044619-0.01,4708200000
"2022-03-26 02:00:00",N,NORTE,RR,RORAIMA,"TIPO I",TÉRMICA,Gás,"Jaguatirica II",RRJII,UTE.GN.RR.044619-0.01,4704200000
"2022-03-26 03:00:00",N,NORTE,RR,RORAIMA,"TIPO I",TÉRMICA,Gás,"Jaguatirica II",RRJII,UTE.GN.RR.044619-0.01,4705700000
"2022-03-26 04:00:00",N,NORTE,RR,RORAIMA,"TIPO I",TÉRMICA,Gás,"Jaguatirica II",RRJII,UTE.GN.RR.044619-0.01,4707200000
"2022-03-26 05:00:00",N,NORTE,RR,RORAIMA,"TIPO I",TÉRMICA,Gás,"Jaguatirica II",RRJII,UTE.GN.RR.044619-0.01,4706500000
"2022-03-26 06:00:00",N,NORTE,RR,RORAIMA,"TIPO I",TÉRMICA,Gás,"Jaguatirica II",RRJII,UTE.GN.RR.044619-0.01,4706300000
"2022-03-26 07:00:00",N,NORTE,RR,RORAIMA,"TIPO I",TÉRMICA,Gás,"Jaguatirica II",RRJII,UTE.GN.RR.044619-0.01,4011500000
"2022-03-26 08:00:00",N,NORTE,RR,RORAIMA,"TIPO I",TÉRMICA,Gás,"Jaguatirica II",RRJII,UTE.GN.RR.044619-0.01,3498500000
"2022-03-26 09:00:00",N,NORTE,RR,RORAIMA,"TIPO I",TÉRMICA,Gás,"Jaguatirica II",RRJII,UTE.GN.RR.044619-0.01,2819400000
"2022-03-26 10:00:00",N,NORTE,RR,RORAIMA,"TIPO I",TÉRMICA,Gás,"Jaguatirica II",RRJII,UTE.GN.RR.044619-0.01,2582700000
"2022-03-26 11:00:00",N,NORTE,RR,RORAIMA,"TIPO I",TÉRMICA,Gás,"Jaguatirica II",RRJII,UTE.GN.RR.044619-0.01,2493500000
"2022-03-26 12:00:00",N,NORTE,RR,RORAIMA,"TIPO I",TÉRMICA,Gás,"Jaguatirica II",RRJII,UTE.GN.RR.044619-0.01,2435400000
"2022-03-26 13:00:00",N,NORTE,RR,RORAIMA,"TIPO I",TÉRMICA,Gás,"Jaguatirica II",RRJII,UTE.GN.RR.044619-0.01,2401500000
"2022-03-26 14:00:00",N,NORTE,RR,RORAIMA,"TIPO I",TÉRMICA,Gás,"Jaguatirica II",RRJII,UTE.GN.RR.044619-0.01,2456400000
"2022-03-26 15:00:00",N,NORTE,RR,RORAIMA,"TIPO I",TÉRMICA,Gás,"Jaguatirica II",RRJII,UTE.GN.RR.044619-0.01,2695500000
"2022-03-26 16:00:00",N,NORTE,RR,RORAIMA,"TIPO I",TÉRMICA,Gás,"Jaguatirica II",RRJII,UTE.GN.RR.044619-0.01,2638300000
"2022-03-26 17:00:00",N,NORTE,RR,RORAIMA,"TIPO I",TÉRMICA,Gás,"Jaguatirica II",RRJII,UTE.GN.RR.044619-0.01,2617500000
"2022-03-26 18:00:00",N,NORTE,RR,RORAIMA,"TIPO I",TÉRMICA,Gás,"Jaguatirica II",RRJII,UTE.GN.RR.044619-0.01,2538800000
"2022-03-26 19:00:00",N,NORTE,RR,RORAIMA,"TIPO I",TÉRMICA,Gás,"Jaguatirica II",RRJII,UTE.GN.RR.044619-0.01,3271400000
"2022-03-26 20:00:00",N,NORTE,RR,RORAIMA,"TIPO I",TÉRMICA,Gás,"Jaguatirica II",RRJII,UTE.GN.RR.044619-0.01,3782500000
"2022-03-26 21:00:00",N,NORTE,RR,RORAIMA,"TIPO I",TÉRMICA,Gás,"Jaguatirica II",RRJII,UTE.GN.RR.044619-0.01,4021800000
"2022-03-26 22:00:00",N,NORTE,RR,RORAIMA,"TIPO I",TÉRMICA,Gás,"Jaguatirica II",RRJII,UTE.GN.RR.044619-0.01,4505400000
"2022-03-26 23:00:00",N,NORTE,RR,RORAIMA,"TIPO I",TÉRMICA,Gás,"Jaguatirica II",RRJII,UTE.GN.RR.044619-0.01,4724100000
"2022-03-27 00:00:00",N,NORTE,RR,RORAIMA,"TIPO I",TÉRMICA,Gás,"Jaguatirica II",RRJII,UTE.GN.RR.044619-0.01,4731100000
"2022-03-27 01:00:00",N,NORTE,RR,RORAIMA,"TIPO I",TÉRMICA,Gás,"Jaguatirica II",RRJII,UTE.GN.RR.044619-0.01,4711300000
"2022-03-27 02:00:00",N,NORTE,RR,RORAIMA,"TIPO I",TÉRMICA,Gás,"Jaguatirica II",RRJII,UTE.GN.RR.044619-0.01,4723100000
"2022-03-27 03:00:00",N,NORTE,RR,RORAIMA,"TIPO I",TÉRMICA,Gás,"Jaguatirica II",RRJII,UTE.GN.RR.044619-0.01,4739400000
"2022-03-27 04:00:00",N,NORTE,RR,RORAIMA,"TIPO I",TÉRMICA,Gás,"Jaguatirica II",RRJII,UTE.GN.RR.044619-0.01,4715200000
"2022-03-27 05:00:00",N,NORTE,RR,RORAIMA,"TIPO I",TÉRMICA,Gás,"Jaguatirica II",RRJII,UTE.GN.RR.044619-0.01,4707700000
"2022-03-27 06:00:00",N,NORTE,RR,RORAIMA,"TIPO I",TÉRMICA,Gás,"Jaguatirica II",RRJII,UTE.GN.RR.044619-0.01,4709800000
"2022-03-27 07:00:00",N,NORTE,RR,RORAIMA,"TIPO I",TÉRMICA,Gás,"Jaguatirica II",RRJII,UTE.GN.RR.044619-0.01,4174500000
"2022-03-27 08:00:00",N,NORTE,RR,RORAIMA,"TIPO I",TÉRMICA,Gás,"Jaguatirica II",RRJII,UTE.GN.RR.044619-0.01,3619400000
"2022-03-27 09:00:00",N,NORTE,RR,RORAIMA,"TIPO I",TÉRMICA,Gás,"Jaguatirica II",RRJII,UTE.GN.RR.044619-0.01,3223300000
"2022-03-27 10:00:00",N,NORTE,RR,RORAIMA,"TIPO I",TÉRMICA,Gás,"Jaguatirica II",RRJII,UTE.GN.RR.044619-0.01,2994300000
"2022-03-27 11:00:00",N,NORTE,RR,RORAIMA,"TIPO I",TÉRMICA,Gás,"Jaguatirica II",RRJII,UTE.GN.RR.044619-0.01,2564700000
"2022-03-27 12:00:00",N,NORTE,RR,RORAIMA,"TIPO I",TÉRMICA,Gás,"Jaguatirica II",RRJII,UTE.GN.RR.044619-0.01,2531500000
"2022-03-27 13:00:00",N,NORTE,RR,RORAIMA,"TIPO I",TÉRMICA,Gás,"Jaguatirica II",RRJII,UTE.GN.RR.044619-0.01,2614800000
"2022-03-27 14:00:00",N,NORTE,RR,RORAIMA,"TIPO I",TÉRMICA,Gás,"Jaguatirica II",RRJII,UTE.GN.RR.044619-0.01,3294400000
"2022-03-27 15:00:00",N,NORTE,RR,RORAIMA,"TIPO I",TÉRMICA,Gás,"Jaguatirica II",RRJII,UTE.GN.RR.044619-0.01,4251800000
"2022-03-27 16:00:00",N,NORTE,RR,RORAIMA,"TIPO I",TÉRMICA,Gás,"Jaguatirica II",RRJII,UTE.GN.RR.044619-0.01,4526500000
"2022-03-27 17:00:00",N,NORTE,RR,RORAIMA,"TIPO I",TÉRMICA,Gás,"Jaguatirica II",RRJII,UTE.GN.RR.044619-0.01,4510700000
"2022-03-27 18:00:00",N,NORTE,RR,RORAIMA,"TIPO I",TÉRMICA,Gás,"Jaguatirica II",RRJII,UTE.GN.RR.044619-0.01,4513100000
"2022-03-27 19:00:00",N,NORTE,RR,RORAIMA,"TIPO I",TÉRMICA,Gás,"Jaguatirica II",RRJII,UTE.GN.RR.044619-0.01,4548500000
"2022-03-27 20:00:00",N,NORTE,RR,RORAIMA,"TIPO I",TÉRMICA,Gás,"Jaguatirica II",RRJII,UTE.GN.RR.044619-0.01,4531200000
"2022-03-27 21:00:00",N,NORTE,RR,RORAIMA,"TIPO I",TÉRMICA,Gás,"Jaguatirica II",RRJII,UTE.GN.RR.044619-0.01,4534700000
"2022-03-27 22:00:00",N,NORTE,RR,RORAIMA,"TIPO I",TÉRMICA,Gás,"Jaguatirica II",RRJII,UTE.GN.RR.044619-0.01,4545400000
"2022-03-27 23:00:00",N,NORTE,RR,RORAIMA,"TIPO I",TÉRMICA,Gás,"Jaguatirica II",RRJII,UTE.GN.RR.044619-0.01,4758500000
"2022-03-28 00:00:00",N,NORTE,RR,RORAIMA,"TIPO I",TÉRMICA,Gás,"Jaguatirica II",RRJII,UTE.GN.RR.044619-0.01,4742400000
"2022-03-28 01:00:00",N,NORTE,RR,RORAIMA,"TIPO I",TÉRMICA,Gás,"Jaguatirica II",RRJII,UTE.GN.RR.044619-0.01,4709600000
"2022-03-28 02:00:00",N,NORTE,RR,RORAIMA,"TIPO I",TÉRMICA,Gás,"Jaguatirica II",RRJII,UTE.GN.RR.044619-0.01,4713000000
"2022-03-28 03:00:00",N,NORTE,RR,RORAIMA,"TIPO I",TÉRMICA,Gás,"Jaguatirica II",RRJII,UTE.GN.RR.044619-0.01,4666900000
"2022-03-28 04:00:00",N,NORTE,RR,RORAIMA,"TIPO I",TÉRMICA,Gás,"Jaguatirica II",RRJII,UTE.GN.RR.044619-0.01,4674500000
"2022-03-28 05:00:00",N,NORTE,RR,RORAIMA,"TIPO I",TÉRMICA,Gás,"Jaguatirica II",RRJII,UTE.GN.RR.044619-0.01,4677200000
"2022-03-28 06:00:00",N,NORTE,RR,RORAIMA,"TIPO I",TÉRMICA,Gás,"Jaguatirica II",RRJII,UTE.GN.RR.044619-0.01,4652400000
"2022-03-28 07:00:00",N,NORTE,RR,RORAIMA,"TIPO I",TÉRMICA,Gás,"Jaguatirica II",RRJII,UTE.GN.RR.044619-0.01,3720700000
"2022-03-28 08:00:00",N,NORTE,RR,RORAIMA,"TIPO I",TÉRMICA,Gás,"Jaguatirica II",RRJII,UTE.GN.RR.044619-0.01,3834900000
"2022-03-28 09:00:00",N,NORTE,RR,RORAIMA,"TIPO I",TÉRMICA,Gás,"Jaguatirica II",RRJII,UTE.GN.RR.044619-0.01,4618600000
"2022-03-28 10:00:00",N,NORTE,RR,RORAIMA,"TIPO I",TÉRMICA,Gás,"Jaguatirica II",RRJII,UTE.GN.RR.044619-0.01,4764400000
"2022-03-28 11:00:00",N,NORTE,RR,RORAIMA,"TIPO I",TÉRMICA,Gás,"Jaguatirica II",RRJII,UTE.GN.RR.044619-0.01,4741700000
"2022-03-28 12:00:00",N,NORTE,RR,RORAIMA,"TIPO I",TÉRMICA,Gás,"Jaguatirica II",RRJII,UTE.GN.RR.044619-0.01,4758100000
"2022-03-28 13:00:00",N,NORTE,RR,RORAIMA,"TIPO I",TÉRMICA,Gás,"Jaguatirica II",RRJII,UTE.GN.RR.044619-0.01,4859600000
"2022-03-28 14:00:00",N,NORTE,RR,RORAIMA,"TIPO I",TÉRMICA,Gás,"Jaguatirica II",RRJII,UTE.GN.RR.044619-0.01,4891700000
"2022-03-28 15:00:00",N,NORTE,RR,RORAIMA,"TIPO I",TÉRMICA,Gás,"Jaguatirica II",RRJII,UTE.GN.RR.044619-0.01,4828200000
"2022-03-28 16:00:00",N,NORTE,RR,RORAIMA,"TIPO I",TÉRMICA,Gás,"Jaguatirica II",RRJII,UTE.GN.RR.044619-0.01,4878300000
"2022-03-28 17:00:00",N,NORTE,RR,RORAIMA,"TIPO I",TÉRMICA,Gás,"Jaguatirica II",RRJII,UTE.GN.RR.044619-0.01,5147400000
"2022-03-28 18:00:00",N,NORTE,RR,RORAIMA,"TIPO I",TÉRMICA,Gás,"Jaguatirica II",RRJII,UTE.GN.RR.044619-0.01,6463300000
"2022-03-28 19:00:00",N,NORTE,RR,RORAIMA,"TIPO I",TÉRMICA,Gás,"Jaguatirica II",RRJII,UTE.GN.RR.044619-0.01,7244800000
"2022-03-28 20:00:00",N,NORTE,RR,RORAIMA,"TIPO I",TÉRMICA,Gás,"Jaguatirica II",RRJII,UTE.GN.RR.044619-0.01,5651900000
"2022-03-28 21:00:00",N,NORTE,RR,RORAIMA,"TIPO I",TÉRMICA,Gás,"Jaguatirica II",RRJII,UTE.GN.RR.044619-0.01,4652600000
"2022-03-28 22:00:00",N,NORTE,RR,RORAIMA,"TIPO I",TÉRMICA,Gás,"Jaguatirica II",RRJII,UTE.GN.RR.044619-0.01,4726800000
"2022-03-28 23:00:00",N,NORTE,RR,RORAIMA,"TIPO I",TÉRMICA,Gás,"Jaguatirica II",RRJII,UTE.GN.RR.044619-0.01,4952100000
"2022-03-29 00:00:00",N,NORTE,RR,RORAIMA,"TIPO I",TÉRMICA,Gás,"Jaguatirica II",RRJII,UTE.GN.RR.044619-0.01,4854000000
"2022-03-29 01:00:00",N,NORTE,RR,RORAIMA,"TIPO I",TÉRMICA,Gás,"Jaguatirica II",RRJII,UTE.GN.RR.044619-0.01,4703600000
"2022-03-29 02:00:00",N,NORTE,RR,RORAIMA,"TIPO I",TÉRMICA,Gás,"Jaguatirica II",RRJII,UTE.GN.RR.044619-0.01,4708500000
"2022-03-29 03:00:00",N,NORTE,RR,RORAIMA,"TIPO I",TÉRMICA,Gás,"Jaguatirica II",RRJII,UTE.GN.RR.044619-0.01,4707100000
"2022-03-29 04:00:00",N,NORTE,RR,RORAIMA,"TIPO I",TÉRMICA,Gás,"Jaguatirica II",RRJII,UTE.GN.RR.044619-0.01,4708200000
"2022-03-29 05:00:00",N,NORTE,RR,RORAIMA,"TIPO I",TÉRMICA,Gás,"Jaguatirica II",RRJII,UTE.GN.RR.044619-0.01,4706200000
"2022-03-29 06:00:00",N,NORTE,RR,RORAIMA,"TIPO I",TÉRMICA,Gás,"Jaguatirica II",RRJII,UTE.GN.RR.044619-0.01,4685600000
"2022-03-29 07:00:00",N,NORTE,RR,RORAIMA,"TIPO I",TÉRMICA,Gás,"Jaguatirica II",RRJII,UTE.GN.RR.044619-0.01,3000800000
"2022-03-29 08:00:00",N,NORTE,RR,RORAIMA,"TIPO I",TÉRMICA,Gás,"Jaguatirica II",RRJII,UTE.GN.RR.044619-0.01,3089400000
"2022-03-29 09:00:00",N,NORTE,RR,RORAIMA,"TIPO I",TÉRMICA,Gás,"Jaguatirica II",RRJII,UTE.GN.RR.044619-0.01,4551500000
"2022-03-29 10:00:00",N,NORTE,RR,RORAIMA,"TIPO I",TÉRMICA,Gás,"Jaguatirica II",RRJII,UTE.GN.RR.044619-0.01,4708300000
"2022-03-29 11:00:00",N,NORTE,RR,RORAIMA,"TIPO I",TÉRMICA,Gás,"Jaguatirica II",RRJII,UTE.GN.RR.044619-0.01,4707400000
"2022-03-29 12:00:00",N,NORTE,RR,RORAIMA,"TIPO I",TÉRMICA,Gás,"Jaguatirica II",RRJII,UTE.GN.RR.044619-0.01,4726800000
"2022-03-29 13:00:00",N,NORTE,RR,RORAIMA,"TIPO I",TÉRMICA,Gás,"Jaguatirica II",RRJII,UTE.GN.RR.044619-0.01,4761700000
"2022-03-29 14:00:00",N,NORTE,RR,RORAIMA,"TIPO I",TÉRMICA,Gás,"Jaguatirica II",RRJII,UTE.GN.RR.044619-0.01,4859300000
"2022-03-29 15:00:00",N,NORTE,RR,RORAIMA,"TIPO I",TÉRMICA,Gás,"Jaguatirica II",RRJII,UTE.GN.RR.044619-0.01,3406700000
"2022-03-29 16:00:00",N,NORTE,RR,RORAIMA,"TIPO I",TÉRMICA,Gás,"Jaguatirica II",RRJII,UTE.GN.RR.044619-0.01,5047200000
"2022-03-29 17:00:00",N,NORTE,RR,RORAIMA,"TIPO I",TÉRMICA,Gás,"Jaguatirica II",RRJII,UTE.GN.RR.044619-0.01,5730500000
"2022-03-29 18:00:00",N,NORTE,RR,RORAIMA,"TIPO I",TÉRMICA,Gás,"Jaguatirica II",RRJII,UTE.GN.RR.044619-0.01,5495600000
"2022-03-29 19:00:00",N,NORTE,RR,RORAIMA,"TIPO I",TÉRMICA,Gás,"Jaguatirica II",RRJII,UTE.GN.RR.044619-0.01,5046100000
"2022-03-29 20:00:00",N,NORTE,RR,RORAIMA,"TIPO I",TÉRMICA,Gás,"Jaguatirica II",RRJII,UTE.GN.RR.044619-0.01,5069700000
"2022-03-29 21:00:00",N,NORTE,RR,RORAIMA,"TIPO I",TÉRMICA,Gás,"Jaguatirica II",RRJII,UTE.GN.RR.044619-0.01,5074500000
"2022-03-29 22:00:00",N,NORTE,RR,RORAIMA,"TIPO I",TÉRMICA,Gás,"Jaguatirica II",RRJII,UTE.GN.RR.044619-0.01,5099700000
"2022-03-29 23:00:00",N,NORTE,RR,RORAIMA,"TIPO I",TÉRMICA,Gás,"Jaguatirica II",RRJII,UTE.GN.RR.044619-0.01,5097900000
"2022-03-30 00:00:00",N,NORTE,RR,RORAIMA,"TIPO I",TÉRMICA,Gás,"Jaguatirica II",RRJII,UTE.GN.RR.044619-0.01,5037600000
"2022-03-30 01:00:00",N,NORTE,RR,RORAIMA,"TIPO I",TÉRMICA,Gás,"Jaguatirica II",RRJII,UTE.GN.RR.044619-0.01,5072000000
"2022-03-30 02:00:00",N,NORTE,RR,RORAIMA,"TIPO I",TÉRMICA,Gás,"Jaguatirica II",RRJII,UTE.GN.RR.044619-0.01,5067000000
"2022-03-30 03:00:00",N,NORTE,RR,RORAIMA,"TIPO I",TÉRMICA,Gás,"Jaguatirica II",RRJII,UTE.GN.RR.044619-0.01,4635800000
"2022-03-30 04:00:00",N,NORTE,RR,RORAIMA,"TIPO I",TÉRMICA,Gás,"Jaguatirica II",RRJII,UTE.GN.RR.044619-0.01,4424600000
"2022-03-30 05:00:00",N,NORTE,RR,RORAIMA,"TIPO I",TÉRMICA,Gás,"Jaguatirica II",RRJII,UTE.GN.RR.044619-0.01,4346200000
"2022-03-30 06:00:00",N,NORTE,RR,RORAIMA,"TIPO I",TÉRMICA,Gás,"Jaguatirica II",RRJII,UTE.GN.RR.044619-0.01,4298400000
"2022-03-30 07:00:00",N,NORTE,RR,RORAIMA,"TIPO I",TÉRMICA,Gás,"Jaguatirica II",RRJII,UTE.GN.RR.044619-0.01,2729900000
"2022-03-30 08:00:00",N,NORTE,RR,RORAIMA,"TIPO I",TÉRMICA,Gás,"Jaguatirica II",RRJII,UTE.GN.RR.044619-0.01,2501800000
"2022-03-30 09:00:00",N,NORTE,RR,RORAIMA,"TIPO I",TÉRMICA,Gás,"Jaguatirica II",RRJII,UTE.GN.RR.044619-0.01,3560900000
"2022-03-30 10:00:00",N,NORTE,RR,RORAIMA,"TIPO I",TÉRMICA,Gás,"Jaguatirica II",RRJII,UTE.GN.RR.044619-0.01,4833100000
"2022-03-30 11:00:00",N,NORTE,RR,RORAIMA,"TIPO I",TÉRMICA,Gás,"Jaguatirica II",RRJII,UTE.GN.RR.044619-0.01,4888800000
"2022-03-30 12:00:00",N,NORTE,RR,RORAIMA,"TIPO I",TÉRMICA,Gás,"Jaguatirica II",RRJII,UTE.GN.RR.044619-0.01,4918500000
"2022-03-30 13:00:00",N,NORTE,RR,RORAIMA,"TIPO I",TÉRMICA,Gás,"Jaguatirica II",RRJII,UTE.GN.RR.044619-0.01,6150100000
"2022-03-30 14:00:00",N,NORTE,RR,RORAIMA,"TIPO I",TÉRMICA,Gás,"Jaguatirica II",RRJII,UTE.GN.RR.044619-0.01,5660200000
"2022-03-30 15:00:00",N,NORTE,RR,RORAIMA,"TIPO I",TÉRMICA,Gás,"Jaguatirica II",RRJII,UTE.GN.RR.044619-0.01,200000
"2022-03-30 16:00:00",N,NORTE,RR,RORAIMA,"TIPO I",TÉRMICA,Gás,"Jaguatirica II",RRJII,UTE.GN.RR.044619-0.01,200000
"2022-03-30 17:00:00",N,NORTE,RR,RORAIMA,"TIPO I",TÉRMICA,Gás,"Jaguatirica II",RRJII,UTE.GN.RR.044619-0.01,5500000
"2022-03-30 18:00:00",N,NORTE,RR,RORAIMA,"TIPO I",TÉRMICA,Gás,"Jaguatirica II",RRJII,UTE.GN.RR.044619-0.01,117700000
"2022-03-30 19:00:00",N,NORTE,RR,RORAIMA,"TIPO I",TÉRMICA,Gás,"Jaguatirica II",RRJII,UTE.GN.RR.044619-0.01,200000
"2022-03-30 20:00:00",N,NORTE,RR,RORAIMA,"TIPO I",TÉRMICA,Gás,"Jaguatirica II",RRJII,UTE.GN.RR.044619-0.01,200000
"2022-03-30 21:00:00",N,NORTE,RR,RORAIMA,"TIPO I",TÉRMICA,Gás,"Jaguatirica II",RRJII,UTE.GN.RR.044619-0.01,109700000
"2022-03-30 22:00:00",N,NORTE,RR,RORAIMA,"TIPO I",TÉRMICA,Gás,"Jaguatirica II",RRJII,UTE.GN.RR.044619-0.01,5500000
"2022-03-30 23:00:00",N,NORTE,RR,RORAIMA,"TIPO I",TÉRMICA,Gás,"Jaguatirica II",RRJII,UTE.GN.RR.044619-0.01,200000
"2022-03-31 00:00:00",N,NORTE,RR,RORAIMA,"TIPO I",TÉRMICA,Gás,"Jaguatirica II",RRJII,UTE.GN.RR.044619-0.01,10500000
"2022-03-31 01:00:00",N,NORTE,RR,RORAIMA,"TIPO I",TÉRMICA,Gás,"Jaguatirica II",RRJII,UTE.GN.RR.044619-0.01,1199100000
"2022-03-31 02:00:00",N,NORTE,RR,RORAIMA,"TIPO I",TÉRMICA,Gás,"Jaguatirica II",RRJII,UTE.GN.RR.044619-0.01,1683800000
"2022-03-31 03:00:00",N,NORTE,RR,RORAIMA,"TIPO I",TÉRMICA,Gás,"Jaguatirica II",RRJII,UTE.GN.RR.044619-0.01,2435700000
"2022-03-31 04:00:00",N,NORTE,RR,RORAIMA,"TIPO I",TÉRMICA,Gás,"Jaguatirica II",RRJII,UTE.GN.RR.044619-0.01,2437800000
"2022-03-31 05:00:00",N,NORTE,RR,RORAIMA,"TIPO I",TÉRMICA,Gás,"Jaguatirica II",RRJII,UTE.GN.RR.044619-0.01,2436100000
"2022-03-31 06:00:00",N,NORTE,RR,RORAIMA,"TIPO I",TÉRMICA,Gás,"Jaguatirica II",RRJII,UTE.GN.RR.044619-0.01,2435700000
"2022-03-31 07:00:00",N,NORTE,RR,RORAIMA,"TIPO I",TÉRMICA,Gás,"Jaguatirica II",RRJII,UTE.GN.RR.044619-0.01,2435100000
"2022-03-31 08:00:00",N,NORTE,RR,RORAIMA,"TIPO I",TÉRMICA,Gás,"Jaguatirica II",RRJII,UTE.GN.RR.044619-0.01,2439000000
"2022-03-31 09:00:00",N,NORTE,RR,RORAIMA,"TIPO I",TÉRMICA,Gás,"Jaguatirica II",RRJII,UTE.GN.RR.044619-0.01,2820700000
"2022-03-31 10:00:00",N,NORTE,RR,RORAIMA,"TIPO I",TÉRMICA,Gás,"Jaguatirica II",RRJII,UTE.GN.RR.044619-0.01,3546400000
"2022-03-31 11:00:00",N,NORTE,RR,RORAIMA,"TIPO I",TÉRMICA,Gás,"Jaguatirica II",RRJII,UTE.GN.RR.044619-0.01,4413300000
"2022-03-31 12:00:00",N,NORTE,RR,RORAIMA,"TIPO I",TÉRMICA,Gás,"Jaguatirica II",RRJII,UTE.GN.RR.044619-0.01,4535800000
"2022-03-31 13:00:00",N,NORTE,RR,RORAIMA,"TIPO I",TÉRMICA,Gás,"Jaguatirica II",RRJII,UTE.GN.RR.044619-0.01,4540500000
"2022-03-31 14:00:00",N,NORTE,RR,RORAIMA,"TIPO I",TÉRMICA,Gás,"Jaguatirica II",RRJII,UTE.GN.RR.044619-0.01,4691700000
"2022-03-31 15:00:00",N,NORTE,RR,RORAIMA,"TIPO I",TÉRMICA,Gás,"Jaguatirica II",RRJII,UTE.GN.RR.044619-0.01,4769300000
"2022-03-31 16:00:00",N,NORTE,RR,RORAIMA,"TIPO I",TÉRMICA,Gás,"Jaguatirica II",RRJII,UTE.GN.RR.044619-0.01,1978000000
"2022-03-31 17:00:00",N,NORTE,RR,RORAIMA,"TIPO I",TÉRMICA,Gás,"Jaguatirica II",RRJII,UTE.GN.RR.044619-0.01,1772100000
"2022-03-31 18:00:00",N,NORTE,RR,RORAIMA,"TIPO I",TÉRMICA,Gás,"Jaguatirica II",RRJII,UTE.GN.RR.044619-0.01,3952700000
"2022-03-31 19:00:00",N,NORTE,RR,RORAIMA,"TIPO I",TÉRMICA,Gás,"Jaguatirica II",RRJII,UTE.GN.RR.044619-0.01,4057700000
"2022-03-31 20:00:00",N,NORTE,RR,RORAIMA,"TIPO I",TÉRMICA,Gás,"Jaguatirica II",RRJII,UTE.GN.RR.044619-0.01,4059600000
"2022-03-31 21:00:00",N,NORTE,RR,RORAIMA,"TIPO I",TÉRMICA,Gás,"Jaguatirica II",RRJII,UTE.GN.RR.044619-0.01,4055900000
"2022-03-31 22:00:00",N,NORTE,RR,RORAIMA,"TIPO I",TÉRMICA,Gás,"Jaguatirica II",RRJII,UTE.GN.RR.044619-0.01,4055400000
"2022-03-31 23:00:00",N,NORTE,RR,RORAIMA,"TIPO I",TÉRMICA,Gás,"Jaguatirica II",RRJII,UTE.GN.RR.044619-0.01,4059300000
"2022-04-01 00:00:00",N,NORTE,RR,RORAIMA,"TIPO I",TÉRMICA,Gás,"Jaguatirica II",RRJII,UTE.GN.RR.044619-0.01,4055900000
"2022-04-01 01:00:00",N,NORTE,RR,RORAIMA,"TIPO I",TÉRMICA,Gás,"Jaguatirica II",RRJII,UTE.GN.RR.044619-0.01,4050100000
"2022-04-01 02:00:00",N,NORTE,RR,RORAIMA,"TIPO I",TÉRMICA,Gás,"Jaguatirica II",RRJII,UTE.GN.RR.044619-0.01,4052400000
"2022-04-01 03:00:00",N,NORTE,RR,RORAIMA,"TIPO I",TÉRMICA,Gás,"Jaguatirica II",RRJII,UTE.GN.RR.044619-0.01,4051600000
"2022-04-01 04:00:00",N,NORTE,RR,RORAIMA,"TIPO I",TÉRMICA,Gás,"Jaguatirica II",RRJII,UTE.GN.RR.044619-0.01,4053700000
"2022-04-01 05:00:00",N,NORTE,RR,RORAIMA,"TIPO I",TÉRMICA,Gás,"Jaguatirica II",RRJII,UTE.GN.RR.044619-0.01,4052200000
"2022-04-01 06:00:00",N,NORTE,RR,RORAIMA,"TIPO I",TÉRMICA,Gás,"Jaguatirica II",RRJII,UTE.GN.RR.044619-0.01,4050400000
"2022-04-01 07:00:00",N,NORTE,RR,RORAIMA,"TIPO I",TÉRMICA,Gás,"Jaguatirica II",RRJII,UTE.GN.RR.044619-0.01,3117200000
"2022-04-01 08:00:00",N,NORTE,RR,RORAIMA,"TIPO I",TÉRMICA,Gás,"Jaguatirica II",RRJII,UTE.GN.RR.044619-0.01,3053000000
"2022-04-01 09:00:00",N,NORTE,RR,RORAIMA,"TIPO I",TÉRMICA,Gás,"Jaguatirica II",RRJII,UTE.GN.RR.044619-0.01,3333300000
"2022-04-01 10:00:00",N,NORTE,RR,RORAIMA,"TIPO I",TÉRMICA,Gás,"Jaguatirica II",RRJII,UTE.GN.RR.044619-0.01,3992000000
"2022-04-01 11:00:00",N,NORTE,RR,RORAIMA,"TIPO I",TÉRMICA,Gás,"Jaguatirica II",RRJII,UTE.GN.RR.044619-0.01,4088600000
"2022-04-01 12:00:00",N,NORTE,RR,RORAIMA,"TIPO I",TÉRMICA,Gás,"Jaguatirica II",RRJII,UTE.GN.RR.044619-0.01,4504600000
"2022-04-01 13:00:00",N,NORTE,RR,RORAIMA,"TIPO I",TÉRMICA,Gás,"Jaguatirica II",RRJII,UTE.GN.RR.044619-0.01,4523600000
"2022-04-01 14:00:00",N,NORTE,RR,RORAIMA,"TIPO I",TÉRMICA,Gás,"Jaguatirica II",RRJII,UTE.GN.RR.044619-0.01,4452700000
"2022-04-01 15:00:00",N,NORTE,RR,RORAIMA,"TIPO I",TÉRMICA,Gás,"Jaguatirica II",RRJII,UTE.GN.RR.044619-0.01,4489000000
"2022-04-01 16:00:00",N,NORTE,RR,RORAIMA,"TIPO I",TÉRMICA,Gás,"Jaguatirica II",RRJII,UTE.GN.RR.044619-0.01,4491600000
"2022-04-01 17:00:00",N,NORTE,RR,RORAIMA,"TIPO I",TÉRMICA,Gás,"Jaguatirica II",RRJII,UTE.GN.RR.044619-0.01,4490200000
"2022-04-01 18:00:00",N,NORTE,RR,RORAIMA,"TIPO I",TÉRMICA,Gás,"Jaguatirica II",RRJII,UTE.GN.RR.044619-0.01,4521100000
"2022-04-01 19:00:00",N,NORTE,RR,RORAIMA,"TIPO I",TÉRMICA,Gás,"Jaguatirica II",RRJII,UTE.GN.RR.044619-0.01,4554200000
"2022-04-01 20:00:00",N,NORTE,RR,RORAIMA,"TIPO I",TÉRMICA,Gás,"Jaguatirica II",RRJII,UTE.GN.RR.044619-0.01,4557500000
"2022-04-01 21:00:00",N,NORTE,RR,RORAIMA,"TIPO I",TÉRMICA,Gás,"Jaguatirica II",RRJII,UTE.GN.RR.044619-0.01,4557100000
"2022-04-01 22:00:00",N,NORTE,RR,RORAIMA,"TIPO I",TÉRMICA,Gás,"Jaguatirica II",RRJII,UTE.GN.RR.044619-0.01,4549700000
"2022-04-01 23:00:00",N,NORTE,RR,RORAIMA,"TIPO I",TÉRMICA,Gás,"Jaguatirica II",RRJII,UTE.GN.RR.044619-0.01,4557500000
"2022-04-02 00:00:00",N,NORTE,RR,RORAIMA,"TIPO I",TÉRMICA,Gás,"Jaguatirica II",RRJII,UTE.GN.RR.044619-0.01,4551000000
"2022-04-02 01:00:00",N,NORTE,RR,RORAIMA,"TIPO I",TÉRMICA,Gás,"Jaguatirica II",RRJII,UTE.GN.RR.044619-0.01,4552400000
"2022-04-02 02:00:00",N,NORTE,RR,RORAIMA,"TIPO I",TÉRMICA,Gás,"Jaguatirica II",RRJII,UTE.GN.RR.044619-0.01,4553700000
"2022-04-02 03:00:00",N,NORTE,RR,RORAIMA,"TIPO I",TÉRMICA,Gás,"Jaguatirica II",RRJII,UTE.GN.RR.044619-0.01,4551500000
"2022-04-02 04:00:00",N,NORTE,RR,RORAIMA,"TIPO I",TÉRMICA,Gás,"Jaguatirica II",RRJII,UTE.GN.RR.044619-0.01,4551900000
"2022-04-02 05:00:00",N,NORTE,RR,RORAIMA,"TIPO I",TÉRMICA,Gás,"Jaguatirica II",RRJII,UTE.GN.RR.044619-0.01,4552300000
"2022-04-02 06:00:00",N,NORTE,RR,RORAIMA,"TIPO I",TÉRMICA,Gás,"Jaguatirica II",RRJII,UTE.GN.RR.044619-0.01,4494800000
"2022-04-02 07:00:00",N,NORTE,RR,RORAIMA,"TIPO I",TÉRMICA,Gás,"Jaguatirica II",RRJII,UTE.GN.RR.044619-0.01,3302600000
"2022-04-02 08:00:00",N,NORTE,RR,RORAIMA,"TIPO I",TÉRMICA,Gás,"Jaguatirica II",RRJII,UTE.GN.RR.044619-0.01,3050900000
"2022-04-02 09:00:00",N,NORTE,RR,RORAIMA,"TIPO I",TÉRMICA,Gás,"Jaguatirica II",RRJII,UTE.GN.RR.044619-0.01,3051800000
"2022-04-02 10:00:00",N,NORTE,RR,RORAIMA,"TIPO I",TÉRMICA,Gás,"Jaguatirica II",RRJII,UTE.GN.RR.044619-0.01,3172300000
"2022-04-02 11:00:00",N,NORTE,RR,RORAIMA,"TIPO I",TÉRMICA,Gás,"Jaguatirica II",RRJII,UTE.GN.RR.044619-0.01,3557200000
"2022-04-02 12:00:00",N,NORTE,RR,RORAIMA,"TIPO I",TÉRMICA,Gás,"Jaguatirica II",RRJII,UTE.GN.RR.044619-0.01,3561600000
"2022-04-02 13:00:00",N,NORTE,RR,RORAIMA,"TIPO I",TÉRMICA,Gás,"Jaguatirica II",RRJII,UTE.GN.RR.044619-0.01,4019300000
"2022-04-02 14:00:00",N,NORTE,RR,RORAIMA,"TIPO I",TÉRMICA,Gás,"Jaguatirica II",RRJII,UTE.GN.RR.044619-0.01,4589700000
"2022-04-02 15:00:00",N,NORTE,RR,RORAIMA,"TIPO I",TÉRMICA,Gás,"Jaguatirica II",RRJII,UTE.GN.RR.044619-0.01,4726500000
"2022-04-02 16:00:00",N,NORTE,RR,RORAIMA,"TIPO I",TÉRMICA,Gás,"Jaguatirica II",RRJII,UTE.GN.RR.044619-0.01,4722400000
"2022-04-02 17:00:00",N,NORTE,RR,RORAIMA,"TIPO I",TÉRMICA,Gás,"Jaguatirica II",RRJII,UTE.GN.RR.044619-0.01,4718400000
"2022-04-02 18:00:00",N,NORTE,RR,RORAIMA,"TIPO I",TÉRMICA,Gás,"Jaguatirica II",RRJII,UTE.GN.RR.044619-0.01,4717000000
"2022-04-02 19:00:00",N,NORTE,RR,RORAIMA,"TIPO I",TÉRMICA,Gás,"Jaguatirica II",RRJII,UTE.GN.RR.044619-0.01,4722000000
"2022-04-02 20:00:00",N,NORTE,RR,RORAIMA,"TIPO I",TÉRMICA,Gás,"Jaguatirica II",RRJII,UTE.GN.RR.044619-0.01,4718300000
"2022-04-02 21:00:00",N,NORTE,RR,RORAIMA,"TIPO I",TÉRMICA,Gás,"Jaguatirica II",RRJII,UTE.GN.RR.044619-0.01,4725900000
"2022-04-02 22:00:00",N,NORTE,RR,RORAIMA,"TIPO I",TÉRMICA,Gás,"Jaguatirica II",RRJII,UTE.GN.RR.044619-0.01,4717400000
"2022-04-02 23:00:00",N,NORTE,RR,RORAIMA,"TIPO I",TÉRMICA,Gás,"Jaguatirica II",RRJII,UTE.GN.RR.044619-0.01,4728300000
"2022-04-03 00:00:00",N,NORTE,RR,RORAIMA,"TIPO I",TÉRMICA,Gás,"Jaguatirica II",RRJII,UTE.GN.RR.044619-0.01,4715800000
"2022-04-03 01:00:00",N,NORTE,RR,RORAIMA,"TIPO I",TÉRMICA,Gás,"Jaguatirica II",RRJII,UTE.GN.RR.044619-0.01,4716600000
"2022-04-03 02:00:00",N,NORTE,RR,RORAIMA,"TIPO I",TÉRMICA,Gás,"Jaguatirica II",RRJII,UTE.GN.RR.044619-0.01,4727200000
"2022-04-03 03:00:00",N,NORTE,RR,RORAIMA,"TIPO I",TÉRMICA,Gás,"Jaguatirica II",RRJII,UTE.GN.RR.044619-0.01,4717100000
"2022-04-03 04:00:00",N,NORTE,RR,RORAIMA,"TIPO I",TÉRMICA,Gás,"Jaguatirica II",RRJII,UTE.GN.RR.044619-0.01,4717800000
"2022-04-03 05:00:00",N,NORTE,RR,RORAIMA,"TIPO I",TÉRMICA,Gás,"Jaguatirica II",RRJII,UTE.GN.RR.044619-0.01,4714900000
"2022-04-03 06:00:00",N,NORTE,RR,RORAIMA,"TIPO I",TÉRMICA,Gás,"Jaguatirica II",RRJII,UTE.GN.RR.044619-0.01,4715800000
"2022-04-03 07:00:00",N,NORTE,RR,RORAIMA,"TIPO I",TÉRMICA,Gás,"Jaguatirica II",RRJII,UTE.GN.RR.044619-0.01,4714500000
"2022-04-03 08:00:00",N,NORTE,RR,RORAIMA,"TIPO I",TÉRMICA,Gás,"Jaguatirica II",RRJII,UTE.GN.RR.044619-0.01,4715000000
"2022-04-03 09:00:00",N,NORTE,RR,RORAIMA,"TIPO I",TÉRMICA,Gás,"Jaguatirica II",RRJII,UTE.GN.RR.044619-0.01,4229300000
"2022-04-03 10:00:00",N,NORTE,RR,RORAIMA,"TIPO I",TÉRMICA,Gás,"Jaguatirica II",RRJII,UTE.GN.RR.044619-0.01,3604100000
"2022-04-03 11:00:00",N,NORTE,RR,RORAIMA,"TIPO I",TÉRMICA,Gás,"Jaguatirica II",RRJII,UTE.GN.RR.044619-0.01,3213600000
"2022-04-03 12:00:00",N,NORTE,RR,RORAIMA,"TIPO I",TÉRMICA,Gás,"Jaguatirica II",RRJII,UTE.GN.RR.044619-0.01,3051700000
"2022-04-03 13:00:00",N,NORTE,RR,RORAIMA,"TIPO I",TÉRMICA,Gás,"Jaguatirica II",RRJII,UTE.GN.RR.044619-0.01,3050400000
"2022-04-03 14:00:00",N,NORTE,RR,RORAIMA,"TIPO I",TÉRMICA,Gás,"Jaguatirica II",RRJII,UTE.GN.RR.044619-0.01,3050700000
"2022-04-03 15:00:00",N,NORTE,RR,RORAIMA,"TIPO I",TÉRMICA,Gás,"Jaguatirica II",RRJII,UTE.GN.RR.044619-0.01,3038300000
"2022-04-03 16:00:00",N,NORTE,RR,RORAIMA,"TIPO I",TÉRMICA,Gás,"Jaguatirica II",RRJII,UTE.GN.RR.044619-0.01,3036800000
"2022-04-03 17:00:00",N,NORTE,RR,RORAIMA,"TIPO I",TÉRMICA,Gás,"Jaguatirica II",RRJII,UTE.GN.RR.044619-0.01,3039300000
"2022-04-03 18:00:00",N,NORTE,RR,RORAIMA,"TIPO I",TÉRMICA,Gás,"Jaguatirica II",RRJII,UTE.GN.RR.044619-0.01,3038500000
"2022-04-03 19:00:00",N,NORTE,RR,RORAIMA,"TIPO I",TÉRMICA,Gás,"Jaguatirica II",RRJII,UTE.GN.RR.044619-0.01,3037400000
"2022-04-03 20:00:00",N,NORTE,RR,RORAIMA,"TIPO I",TÉRMICA,Gás,"Jaguatirica II",RRJII,UTE.GN.RR.044619-0.01,3329900000
"2022-04-03 21:00:00",N,NORTE,RR,RORAIMA,"TIPO I",TÉRMICA,Gás,"Jaguatirica II",RRJII,UTE.GN.RR.044619-0.01,3790200000
"2022-04-03 22:00:00",N,NORTE,RR,RORAIMA,"TIPO I",TÉRMICA,Gás,"Jaguatirica II",RRJII,UTE.GN.RR.044619-0.01,4550500000
"2022-04-03 23:00:00",N,NORTE,RR,RORAIMA,"TIPO I",TÉRMICA,Gás,"Jaguatirica II",RRJII,UTE.GN.RR.044619-0.01,4551600000
"2022-04-04 00:00:00",N,NORTE,RR,RORAIMA,"TIPO I",TÉRMICA,Gás,"Jaguatirica II",RRJII,UTE.GN.RR.044619-0.01,4552000000
"2022-04-04 01:00:00",N,NORTE,RR,RORAIMA,"TIPO I",TÉRMICA,Gás,"Jaguatirica II",RRJII,UTE.GN.RR.044619-0.01,4548800000
"2022-04-04 02:00:00",N,NORTE,RR,RORAIMA,"TIPO I",TÉRMICA,Gás,"Jaguatirica II",RRJII,UTE.GN.RR.044619-0.01,4550200000
"2022-04-04 03:00:00",N,NORTE,RR,RORAIMA,"TIPO I",TÉRMICA,Gás,"Jaguatirica II",RRJII,UTE.GN.RR.044619-0.01,4551600000
"2022-04-04 04:00:00",N,NORTE,RR,RORAIMA,"TIPO I",TÉRMICA,Gás,"Jaguatirica II",RRJII,UTE.GN.RR.044619-0.01,4550300000
"2022-04-04 05:00:00",N,NORTE,RR,RORAIMA,"TIPO I",TÉRMICA,Gás,"Jaguatirica II",RRJII,UTE.GN.RR.044619-0.01,4551800000
"2022-04-04 06:00:00",N,NORTE,RR,RORAIMA,"TIPO I",TÉRMICA,Gás,"Jaguatirica II",RRJII,UTE.GN.RR.044619-0.01,4549800000
"2022-04-04 07:00:00",N,NORTE,RR,RORAIMA,"TIPO I",TÉRMICA,Gás,"Jaguatirica II",RRJII,UTE.GN.RR.044619-0.01,4472200000
"2022-04-04 08:00:00",N,NORTE,RR,RORAIMA,"TIPO I",TÉRMICA,Gás,"Jaguatirica II",RRJII,UTE.GN.RR.044619-0.01,4054100000
"2022-04-04 09:00:00",N,NORTE,RR,RORAIMA,"TIPO I",TÉRMICA,Gás,"Jaguatirica II",RRJII,UTE.GN.RR.044619-0.01,4065800000
"2022-04-04 10:00:00",N,NORTE,RR,RORAIMA,"TIPO I",TÉRMICA,Gás,"Jaguatirica II",RRJII,UTE.GN.RR.044619-0.01,4066000000
"2022-04-04 11:00:00",N,NORTE,RR,RORAIMA,"TIPO I",TÉRMICA,Gás,"Jaguatirica II",RRJII,UTE.GN.RR.044619-0.01,4459500000
"2022-04-04 12:00:00",N,NORTE,RR,RORAIMA,"TIPO I",TÉRMICA,Gás,"Jaguatirica II",RRJII,UTE.GN.RR.044619-0.01,4557100000
"2022-04-04 13:00:00",N,NORTE,RR,RORAIMA,"TIPO I",TÉRMICA,Gás,"Jaguatirica II",RRJII,UTE.GN.RR.044619-0.01,4553600000
"2022-04-04 14:00:00",N,NORTE,RR,RORAIMA,"TIPO I",TÉRMICA,Gás,"Jaguatirica II",RRJII,UTE.GN.RR.044619-0.01,4611800000
"2022-04-04 15:00:00",N,NORTE,RR,RORAIMA,"TIPO I",TÉRMICA,Gás,"Jaguatirica II",RRJII,UTE.GN.RR.044619-0.01,4615300000
"2022-04-04 16:00:00",N,NORTE,RR,RORAIMA,"TIPO I",TÉRMICA,Gás,"Jaguatirica II",RRJII,UTE.GN.RR.044619-0.01,4606500000
"2022-04-04 17:00:00",N,NORTE,RR,RORAIMA,"TIPO I",TÉRMICA,Gás,"Jaguatirica II",RRJII,UTE.GN.RR.044619-0.01,4561100000
"2022-04-04 18:00:00",N,NORTE,RR,RORAIMA,"TIPO I",TÉRMICA,Gás,"Jaguatirica II",RRJII,UTE.GN.RR.044619-0.01,4553400000
"2022-04-04 19:00:00",N,NORTE,RR,RORAIMA,"TIPO I",TÉRMICA,Gás,"Jaguatirica II",RRJII,UTE.GN.RR.044619-0.01,4575300000
"2022-04-04 20:00:00",N,NORTE,RR,RORAIMA,"TIPO I",TÉRMICA,Gás,"Jaguatirica II",RRJII,UTE.GN.RR.044619-0.01,4732300000
"2022-04-04 21:00:00",N,NORTE,RR,RORAIMA,"TIPO I",TÉRMICA,Gás,"Jaguatirica II",RRJII,UTE.GN.RR.044619-0.01,4757800000
"2022-04-04 22:00:00",N,NORTE,RR,RORAIMA,"TIPO I",TÉRMICA,Gás,"Jaguatirica II",RRJII,UTE.GN.RR.044619-0.01,4770500000
"2022-04-04 23:00:00",N,NORTE,RR,RORAIMA,"TIPO I",TÉRMICA,Gás,"Jaguatirica II",RRJII,UTE.GN.RR.044619-0.01,4738600000
"2022-04-05 00:00:00",N,NORTE,RR,RORAIMA,"TIPO I",TÉRMICA,Gás,"Jaguatirica II",RRJII,UTE.GN.RR.044619-0.01,4720800000
"2022-04-05 01:00:00",N,NORTE,RR,RORAIMA,"TIPO I",TÉRMICA,Gás,"Jaguatirica II",RRJII,UTE.GN.RR.044619-0.01,4721300000
"2022-04-05 02:00:00",N,NORTE,RR,RORAIMA,"TIPO I",TÉRMICA,Gás,"Jaguatirica II",RRJII,UTE.GN.RR.044619-0.01,4723900000
"2022-04-05 03:00:00",N,NORTE,RR,RORAIMA,"TIPO I",TÉRMICA,Gás,"Jaguatirica II",RRJII,UTE.GN.RR.044619-0.01,4720000000
"2022-04-05 04:00:00",N,NORTE,RR,RORAIMA,"TIPO I",TÉRMICA,Gás,"Jaguatirica II",RRJII,UTE.GN.RR.044619-0.01,4720600000
"2022-04-05 05:00:00",N,NORTE,RR,RORAIMA,"TIPO I",TÉRMICA,Gás,"Jaguatirica II",RRJII,UTE.GN.RR.044619-0.01,4724200000
"2022-04-05 06:00:00",N,NORTE,RR,RORAIMA,"TIPO I",TÉRMICA,Gás,"Jaguatirica II",RRJII,UTE.GN.RR.044619-0.01,4594300000
"2022-04-05 07:00:00",N,NORTE,RR,RORAIMA,"TIPO I",TÉRMICA,Gás,"Jaguatirica II",RRJII,UTE.GN.RR.044619-0.01,3043900000
"2022-04-05 08:00:00",N,NORTE,RR,RORAIMA,"TIPO I",TÉRMICA,Gás,"Jaguatirica II",RRJII,UTE.GN.RR.044619-0.01,2841200000
"2022-04-05 09:00:00",N,NORTE,RR,RORAIMA,"TIPO I",TÉRMICA,Gás,"Jaguatirica II",RRJII,UTE.GN.RR.044619-0.01,4126400000
"2022-04-05 10:00:00",N,NORTE,RR,RORAIMA,"TIPO I",TÉRMICA,Gás,"Jaguatirica II",RRJII,UTE.GN.RR.044619-0.01,4149000000
"2022-04-05 11:00:00",N,NORTE,RR,RORAIMA,"TIPO I",TÉRMICA,Gás,"Jaguatirica II",RRJII,UTE.GN.RR.044619-0.01,4405200000
"2022-04-05 12:00:00",N,NORTE,RR,RORAIMA,"TIPO I",TÉRMICA,Gás,"Jaguatirica II",RRJII,UTE.GN.RR.044619-0.01,4774300000
"2022-04-05 13:00:00",N,NORTE,RR,RORAIMA,"TIPO I",TÉRMICA,Gás,"Jaguatirica II",RRJII,UTE.GN.RR.044619-0.01,4813500000
"2022-04-05 14:00:00",N,NORTE,RR,RORAIMA,"TIPO I",TÉRMICA,Gás,"Jaguatirica II",RRJII,UTE.GN.RR.044619-0.01,4912300000
"2022-04-05 15:00:00",N,NORTE,RR,RORAIMA,"TIPO I",TÉRMICA,Gás,"Jaguatirica II",RRJII,UTE.GN.RR.044619-0.01,4870200000
"2022-04-05 16:00:00",N,NORTE,RR,RORAIMA,"TIPO I",TÉRMICA,Gás,"Jaguatirica II",RRJII,UTE.GN.RR.044619-0.01,4900000000
"2022-04-05 17:00:00",N,NORTE,RR,RORAIMA,"TIPO I",TÉRMICA,Gás,"Jaguatirica II",RRJII,UTE.GN.RR.044619-0.01,4863400000
"2022-04-05 18:00:00",N,NORTE,RR,RORAIMA,"TIPO I",TÉRMICA,Gás,"Jaguatirica II",RRJII,UTE.GN.RR.044619-0.01,4731600000
"2022-04-05 19:00:00",N,NORTE,RR,RORAIMA,"TIPO I",TÉRMICA,Gás,"Jaguatirica II",RRJII,UTE.GN.RR.044619-0.01,4677300000
"2022-04-05 20:00:00",N,NORTE,RR,RORAIMA,"TIPO I",TÉRMICA,Gás,"Jaguatirica II",RRJII,UTE.GN.RR.044619-0.01,4736400000
"2022-04-05 21:00:00",N,NORTE,RR,RORAIMA,"TIPO I",TÉRMICA,Gás,"Jaguatirica II",RRJII,UTE.GN.RR.044619-0.01,4724100000
"2022-04-05 22:00:00",N,NORTE,RR,RORAIMA,"TIPO I",TÉRMICA,Gás,"Jaguatirica II",RRJII,UTE.GN.RR.044619-0.01,4724000000
"2022-04-05 23:00:00",N,NORTE,RR,RORAIMA,"TIPO I",TÉRMICA,Gás,"Jaguatirica II",RRJII,UTE.GN.RR.044619-0.01,4722800000
"2022-04-06 00:00:00",N,NORTE,RR,RORAIMA,"TIPO I",TÉRMICA,Gás,"Jaguatirica II",RRJII,UTE.GN.RR.044619-0.01,4723600000
"2022-04-06 01:00:00",N,NORTE,RR,RORAIMA,"TIPO I",TÉRMICA,Gás,"Jaguatirica II",RRJII,UTE.GN.RR.044619-0.01,4721400000
"2022-04-06 02:00:00",N,NORTE,RR,RORAIMA,"TIPO I",TÉRMICA,Gás,"Jaguatirica II",RRJII,UTE.GN.RR.044619-0.01,4722500000
"2022-04-06 03:00:00",N,NORTE,RR,RORAIMA,"TIPO I",TÉRMICA,Gás,"Jaguatirica II",RRJII,UTE.GN.RR.044619-0.01,4719300000
"2022-04-06 04:00:00",N,NORTE,RR,RORAIMA,"TIPO I",TÉRMICA,Gás,"Jaguatirica II",RRJII,UTE.GN.RR.044619-0.01,4720800000
"2022-04-06 05:00:00",N,NORTE,RR,RORAIMA,"TIPO I",TÉRMICA,Gás,"Jaguatirica II",RRJII,UTE.GN.RR.044619-0.01,4720900000
"2022-04-06 06:00:00",N,NORTE,RR,RORAIMA,"TIPO I",TÉRMICA,Gás,"Jaguatirica II",RRJII,UTE.GN.RR.044619-0.01,4264000000
"2022-04-06 07:00:00",N,NORTE,RR,RORAIMA,"TIPO I",TÉRMICA,Gás,"Jaguatirica II",RRJII,UTE.GN.RR.044619-0.01,3338100000
"2022-04-06 08:00:00",N,NORTE,RR,RORAIMA,"TIPO I",TÉRMICA,Gás,"Jaguatirica II",RRJII,UTE.GN.RR.044619-0.01,3302900000
"2022-04-06 09:00:00",N,NORTE,RR,RORAIMA,"TIPO I",TÉRMICA,Gás,"Jaguatirica II",RRJII,UTE.GN.RR.044619-0.01,4042900000
"2022-04-06 10:00:00",N,NORTE,RR,RORAIMA,"TIPO I",TÉRMICA,Gás,"Jaguatirica II",RRJII,UTE.GN.RR.044619-0.01,4608700000
"2022-04-06 11:00:00",N,NORTE,RR,RORAIMA,"TIPO I",TÉRMICA,Gás,"Jaguatirica II",RRJII,UTE.GN.RR.044619-0.01,4716500000
"2022-04-06 12:00:00",N,NORTE,RR,RORAIMA,"TIPO I",TÉRMICA,Gás,"Jaguatirica II",RRJII,UTE.GN.RR.044619-0.01,4729500000
"2022-04-06 13:00:00",N,NORTE,RR,RORAIMA,"TIPO I",TÉRMICA,Gás,"Jaguatirica II",RRJII,UTE.GN.RR.044619-0.01,4723300000
"2022-04-06 14:00:00",N,NORTE,RR,RORAIMA,"TIPO I",TÉRMICA,Gás,"Jaguatirica II",RRJII,UTE.GN.RR.044619-0.01,4722400000
"2022-04-06 15:00:00",N,NORTE,RR,RORAIMA,"TIPO I",TÉRMICA,Gás,"Jaguatirica II",RRJII,UTE.GN.RR.044619-0.01,4718800000
"2022-04-06 16:00:00",N,NORTE,RR,RORAIMA,"TIPO I",TÉRMICA,Gás,"Jaguatirica II",RRJII,UTE.GN.RR.044619-0.01,4718000000
"2022-04-06 17:00:00",N,NORTE,RR,RORAIMA,"TIPO I",TÉRMICA,Gás,"Jaguatirica II",RRJII,UTE.GN.RR.044619-0.01,4723700000
"2022-04-06 18:00:00",N,NORTE,RR,RORAIMA,"TIPO I",TÉRMICA,Gás,"Jaguatirica II",RRJII,UTE.GN.RR.044619-0.01,4715900000
"2022-04-06 19:00:00",N,NORTE,RR,RORAIMA,"TIPO I",TÉRMICA,Gás,"Jaguatirica II",RRJII,UTE.GN.RR.044619-0.01,4728500000
"2022-04-06 20:00:00",N,NORTE,RR,RORAIMA,"TIPO I",TÉRMICA,Gás,"Jaguatirica II",RRJII,UTE.GN.RR.044619-0.01,4720000000
"2022-04-06 21:00:00",N,NORTE,RR,RORAIMA,"TIPO I",TÉRMICA,Gás,"Jaguatirica II",RRJII,UTE.GN.RR.044619-0.01,4719100000
"2022-04-06 22:00:00",N,NORTE,RR,RORAIMA,"TIPO I",TÉRMICA,Gás,"Jaguatirica II",RRJII,UTE.GN.RR.044619-0.01,4741500000
"2022-04-06 23:00:00",N,NORTE,RR,RORAIMA,"TIPO I",TÉRMICA,Gás,"Jaguatirica II",RRJII,UTE.GN.RR.044619-0.01,4719600000
"2022-04-07 00:00:00",N,NORTE,RR,RORAIMA,"TIPO I",TÉRMICA,Gás,"Jaguatirica II",RRJII,UTE.GN.RR.044619-0.01,4715100000
"2022-04-07 01:00:00",N,NORTE,RR,RORAIMA,"TIPO I",TÉRMICA,Gás,"Jaguatirica II",RRJII,UTE.GN.RR.044619-0.01,4718000000
"2022-04-07 02:00:00",N,NORTE,RR,RORAIMA,"TIPO I",TÉRMICA,Gás,"Jaguatirica II",RRJII,UTE.GN.RR.044619-0.01,4718200000
"2022-04-07 03:00:00",N,NORTE,RR,RORAIMA,"TIPO I",TÉRMICA,Gás,"Jaguatirica II",RRJII,UTE.GN.RR.044619-0.01,4717000000
"2022-04-07 04:00:00",N,NORTE,RR,RORAIMA,"TIPO I",TÉRMICA,Gás,"Jaguatirica II",RRJII,UTE.GN.RR.044619-0.01,4716300000
"2022-04-07 05:00:00",N,NORTE,RR,RORAIMA,"TIPO I",TÉRMICA,Gás,"Jaguatirica II",RRJII,UTE.GN.RR.044619-0.01,4718600000
"2022-04-07 06:00:00",N,NORTE,RR,RORAIMA,"TIPO I",TÉRMICA,Gás,"Jaguatirica II",RRJII,UTE.GN.RR.044619-0.01,4717600000
"2022-04-07 07:00:00",N,NORTE,RR,RORAIMA,"TIPO I",TÉRMICA,Gás,"Jaguatirica II",RRJII,UTE.GN.RR.044619-0.01,4283200000
"2022-04-07 08:00:00",N,NORTE,RR,RORAIMA,"TIPO I",TÉRMICA,Gás,"Jaguatirica II",RRJII,UTE.GN.RR.044619-0.01,4261300000
"2022-04-07 09:00:00",N,NORTE,RR,RORAIMA,"TIPO I",TÉRMICA,Gás,"Jaguatirica II",RRJII,UTE.GN.RR.044619-0.01,4766100000
"2022-04-07 10:00:00",N,NORTE,RR,RORAIMA,"TIPO I",TÉRMICA,Gás,"Jaguatirica II",RRJII,UTE.GN.RR.044619-0.01,4721200000
"2022-04-07 11:00:00",N,NORTE,RR,RORAIMA,"TIPO I",TÉRMICA,Gás,"Jaguatirica II",RRJII,UTE.GN.RR.044619-0.01,4757500000
"2022-04-07 12:00:00",N,NORTE,RR,RORAIMA,"TIPO I",TÉRMICA,Gás,"Jaguatirica II",RRJII,UTE.GN.RR.044619-0.01,4756500000
"2022-04-07 13:00:00",N,NORTE,RR,RORAIMA,"TIPO I",TÉRMICA,Gás,"Jaguatirica II",RRJII,UTE.GN.RR.044619-0.01,4739800000
"2022-04-07 14:00:00",N,NORTE,RR,RORAIMA,"TIPO I",TÉRMICA,Gás,"Jaguatirica II",RRJII,UTE.GN.RR.044619-0.01,4746400000
"2022-04-07 15:00:00",N,NORTE,RR,RORAIMA,"TIPO I",TÉRMICA,Gás,"Jaguatirica II",RRJII,UTE.GN.RR.044619-0.01,4764700000
"2022-04-07 16:00:00",N,NORTE,RR,RORAIMA,"TIPO I",TÉRMICA,Gás,"Jaguatirica II",RRJII,UTE.GN.RR.044619-0.01,4735500000
"2022-04-07 17:00:00",N,NORTE,RR,RORAIMA,"TIPO I",TÉRMICA,Gás,"Jaguatirica II",RRJII,UTE.GN.RR.044619-0.01,4738600000
"2022-04-07 18:00:00",N,NORTE,RR,RORAIMA,"TIPO I",TÉRMICA,Gás,"Jaguatirica II",RRJII,UTE.GN.RR.044619-0.01,4717200000
"2022-04-07 19:00:00",N,NORTE,RR,RORAIMA,"TIPO I",TÉRMICA,Gás,"Jaguatirica II",RRJII,UTE.GN.RR.044619-0.01,4738400000
"2022-04-07 20:00:00",N,NORTE,RR,RORAIMA,"TIPO I",TÉRMICA,Gás,"Jaguatirica II",RRJII,UTE.GN.RR.044619-0.01,4718000000
"2022-04-07 21:00:00",N,NORTE,RR,RORAIMA,"TIPO I",TÉRMICA,Gás,"Jaguatirica II",RRJII,UTE.GN.RR.044619-0.01,4717500000
"2022-04-07 22:00:00",N,NORTE,RR,RORAIMA,"TIPO I",TÉRMICA,Gás,"Jaguatirica II",RRJII,UTE.GN.RR.044619-0.01,4718800000
"2022-04-07 23:00:00",N,NORTE,RR,RORAIMA,"TIPO I",TÉRMICA,Gás,"Jaguatirica II",RRJII,UTE.GN.RR.044619-0.01,4717800000
"2022-04-08 00:00:00",N,NORTE,RR,RORAIMA,"TIPO I",TÉRMICA,Gás,"Jaguatirica II",RRJII,UTE.GN.RR.044619-0.01,4717800000
"2022-04-08 01:00:00",N,NORTE,RR,RORAIMA,"TIPO I",TÉRMICA,Gás,"Jaguatirica II",RRJII,UTE.GN.RR.044619-0.01,4717700000
"2022-04-08 02:00:00",N,NORTE,RR,RORAIMA,"TIPO I",TÉRMICA,Gás,"Jaguatirica II",RRJII,UTE.GN.RR.044619-0.01,4717500000
"2022-04-08 03:00:00",N,NORTE,RR,RORAIMA,"TIPO I",TÉRMICA,Gás,"Jaguatirica II",RRJII,UTE.GN.RR.044619-0.01,4715800000
"2022-04-08 04:00:00",N,NORTE,RR,RORAIMA,"TIPO I",TÉRMICA,Gás,"Jaguatirica II",RRJII,UTE.GN.RR.044619-0.01,4718200000
"2022-04-08 05:00:00",N,NORTE,RR,RORAIMA,"TIPO I",TÉRMICA,Gás,"Jaguatirica II",RRJII,UTE.GN.RR.044619-0.01,4716000000
"2022-04-08 06:00:00",N,NORTE,RR,RORAIMA,"TIPO I",TÉRMICA,Gás,"Jaguatirica II",RRJII,UTE.GN.RR.044619-0.01,4714300000
"2022-04-08 07:00:00",N,NORTE,RR,RORAIMA,"TIPO I",TÉRMICA,Gás,"Jaguatirica II",RRJII,UTE.GN.RR.044619-0.01,3922600000
"2022-04-08 08:00:00",N,NORTE,RR,RORAIMA,"TIPO I",TÉRMICA,Gás,"Jaguatirica II",RRJII,UTE.GN.RR.044619-0.01,6900000
"2022-04-08 09:00:00",N,NORTE,RR,RORAIMA,"TIPO I",TÉRMICA,Gás,"Jaguatirica II",RRJII,UTE.GN.RR.044619-0.01,200000
"2022-04-08 10:00:00",N,NORTE,RR,RORAIMA,"TIPO I",TÉRMICA,Gás,"Jaguatirica II",RRJII,UTE.GN.RR.044619-0.01,200000
"2022-04-08 11:00:00",N,NORTE,RR,RORAIMA,"TIPO I",TÉRMICA,Gás,"Jaguatirica II",RRJII,UTE.GN.RR.044619-0.01,200000
"2022-04-08 12:00:00",N,NORTE,RR,RORAIMA,"TIPO I",TÉRMICA,Gás,"Jaguatirica II",RRJII,UTE.GN.RR.044619-0.01,200000
"2022-04-08 13:00:00",N,NORTE,RR,RORAIMA,"TIPO I",TÉRMICA,Gás,"Jaguatirica II",RRJII,UTE.GN.RR.044619-0.01,200000
"2022-04-08 14:00:00",N,NORTE,RR,RORAIMA,"TIPO I",TÉRMICA,Gás,"Jaguatirica II",RRJII,UTE.GN.RR.044619-0.01,2138300000
"2022-04-08 15:00:00",N,NORTE,RR,RORAIMA,"TIPO I",TÉRMICA,Gás,"Jaguatirica II",RRJII,UTE.GN.RR.044619-0.01,4717900000
"2022-04-08 16:00:00",N,NORTE,RR,RORAIMA,"TIPO I",TÉRMICA,Gás,"Jaguatirica II",RRJII,UTE.GN.RR.044619-0.01,4722300000
"2022-04-08 17:00:00",N,NORTE,RR,RORAIMA,"TIPO I",TÉRMICA,Gás,"Jaguatirica II",RRJII,UTE.GN.RR.044619-0.01,4724000000
"2022-04-08 18:00:00",N,NORTE,RR,RORAIMA,"TIPO I",TÉRMICA,Gás,"Jaguatirica II",RRJII,UTE.GN.RR.044619-0.01,4721700000
"2022-04-08 19:00:00",N,NORTE,RR,RORAIMA,"TIPO I",TÉRMICA,Gás,"Jaguatirica II",RRJII,UTE.GN.RR.044619-0.01,4725200000
"2022-04-08 20:00:00",N,NORTE,RR,RORAIMA,"TIPO I",TÉRMICA,Gás,"Jaguatirica II",RRJII,UTE.GN.RR.044619-0.01,4733800000
"2022-04-08 21:00:00",N,NORTE,RR,RORAIMA,"TIPO I",TÉRMICA,Gás,"Jaguatirica II",RRJII,UTE.GN.RR.044619-0.01,4722400000
"2022-04-08 22:00:00",N,NORTE,RR,RORAIMA,"TIPO I",TÉRMICA,Gás,"Jaguatirica II",RRJII,UTE.GN.RR.044619-0.01,4738900000
"2022-04-08 23:00:00",N,NORTE,RR,RORAIMA,"TIPO I",TÉRMICA,Gás,"Jaguatirica II",RRJII,UTE.GN.RR.044619-0.01,4758100000
"2022-04-09 00:00:00",N,NORTE,RR,RORAIMA,"TIPO I",TÉRMICA,Gás,"Jaguatirica II",RRJII,UTE.GN.RR.044619-0.01,4725500000
"2022-04-09 01:00:00",N,NORTE,RR,RORAIMA,"TIPO I",TÉRMICA,Gás,"Jaguatirica II",RRJII,UTE.GN.RR.044619-0.01,4722600000
"2022-04-09 02:00:00",N,NORTE,RR,RORAIMA,"TIPO I",TÉRMICA,Gás,"Jaguatirica II",RRJII,UTE.GN.RR.044619-0.01,4721600000
"2022-04-09 03:00:00",N,NORTE,RR,RORAIMA,"TIPO I",TÉRMICA,Gás,"Jaguatirica II",RRJII,UTE.GN.RR.044619-0.01,4724800000
"2022-04-09 04:00:00",N,NORTE,RR,RORAIMA,"TIPO I",TÉRMICA,Gás,"Jaguatirica II",RRJII,UTE.GN.RR.044619-0.01,4724000000
"2022-04-09 05:00:00",N,NORTE,RR,RORAIMA,"TIPO I",TÉRMICA,Gás,"Jaguatirica II",RRJII,UTE.GN.RR.044619-0.01,4738300000
"2022-04-09 06:00:00",N,NORTE,RR,RORAIMA,"TIPO I",TÉRMICA,Gás,"Jaguatirica II",RRJII,UTE.GN.RR.044619-0.01,4721800000
"2022-04-09 07:00:00",N,NORTE,RR,RORAIMA,"TIPO I",TÉRMICA,Gás,"Jaguatirica II",RRJII,UTE.GN.RR.044619-0.01,4524300000
"2022-04-09 08:00:00",N,NORTE,RR,RORAIMA,"TIPO I",TÉRMICA,Gás,"Jaguatirica II",RRJII,UTE.GN.RR.044619-0.01,3814200000
"2022-04-09 09:00:00",N,NORTE,RR,RORAIMA,"TIPO I",TÉRMICA,Gás,"Jaguatirica II",RRJII,UTE.GN.RR.044619-0.01,3816400000
"2022-04-09 10:00:00",N,NORTE,RR,RORAIMA,"TIPO I",TÉRMICA,Gás,"Jaguatirica II",RRJII,UTE.GN.RR.044619-0.01,3815800000
"2022-04-09 11:00:00",N,NORTE,RR,RORAIMA,"TIPO I",TÉRMICA,Gás,"Jaguatirica II",RRJII,UTE.GN.RR.044619-0.01,3818900000
"2022-04-09 12:00:00",N,NORTE,RR,RORAIMA,"TIPO I",TÉRMICA,Gás,"Jaguatirica II",RRJII,UTE.GN.RR.044619-0.01,3815200000
"2022-04-09 13:00:00",N,NORTE,RR,RORAIMA,"TIPO I",TÉRMICA,Gás,"Jaguatirica II",RRJII,UTE.GN.RR.044619-0.01,4065500000
"2022-04-09 14:00:00",N,NORTE,RR,RORAIMA,"TIPO I",TÉRMICA,Gás,"Jaguatirica II",RRJII,UTE.GN.RR.044619-0.01,4956500000
"2022-04-09 15:00:00",N,NORTE,RR,RORAIMA,"TIPO I",TÉRMICA,Gás,"Jaguatirica II",RRJII,UTE.GN.RR.044619-0.01,4905700000
"2022-04-09 16:00:00",N,NORTE,RR,RORAIMA,"TIPO I",TÉRMICA,Gás,"Jaguatirica II",RRJII,UTE.GN.RR.044619-0.01,4721900000
"2022-04-09 17:00:00",N,NORTE,RR,RORAIMA,"TIPO I",TÉRMICA,Gás,"Jaguatirica II",RRJII,UTE.GN.RR.044619-0.01,4716800000
"2022-04-09 18:00:00",N,NORTE,RR,RORAIMA,"TIPO I",TÉRMICA,Gás,"Jaguatirica II",RRJII,UTE.GN.RR.044619-0.01,4718400000
"2022-04-09 19:00:00",N,NORTE,RR,RORAIMA,"TIPO I",TÉRMICA,Gás,"Jaguatirica II",RRJII,UTE.GN.RR.044619-0.01,4727200000
"2022-04-09 20:00:00",N,NORTE,RR,RORAIMA,"TIPO I",TÉRMICA,Gás,"Jaguatirica II",RRJII,UTE.GN.RR.044619-0.01,4716100000
"2022-04-09 21:00:00",N,NORTE,RR,RORAIMA,"TIPO I",TÉRMICA,Gás,"Jaguatirica II",RRJII,UTE.GN.RR.044619-0.01,4718000000
"2022-04-09 22:00:00",N,NORTE,RR,RORAIMA,"TIPO I",TÉRMICA,Gás,"Jaguatirica II",RRJII,UTE.GN.RR.044619-0.01,4718600000
"2022-04-09 23:00:00",N,NORTE,RR,RORAIMA,"TIPO I",TÉRMICA,Gás,"Jaguatirica II",RRJII,UTE.GN.RR.044619-0.01,4717700000
"2022-04-10 00:00:00",N,NORTE,RR,RORAIMA,"TIPO I",TÉRMICA,Gás,"Jaguatirica II",RRJII,UTE.GN.RR.044619-0.01,4717500000
"2022-04-10 01:00:00",N,NORTE,RR,RORAIMA,"TIPO I",TÉRMICA,Gás,"Jaguatirica II",RRJII,UTE.GN.RR.044619-0.01,4717700000
"2022-04-10 02:00:00",N,NORTE,RR,RORAIMA,"TIPO I",TÉRMICA,Gás,"Jaguatirica II",RRJII,UTE.GN.RR.044619-0.01,4718600000
"2022-04-10 03:00:00",N,NORTE,RR,RORAIMA,"TIPO I",TÉRMICA,Gás,"Jaguatirica II",RRJII,UTE.GN.RR.044619-0.01,4718200000
"2022-04-10 04:00:00",N,NORTE,RR,RORAIMA,"TIPO I",TÉRMICA,Gás,"Jaguatirica II",RRJII,UTE.GN.RR.044619-0.01,4718300000
"2022-04-10 05:00:00",N,NORTE,RR,RORAIMA,"TIPO I",TÉRMICA,Gás,"Jaguatirica II",RRJII,UTE.GN.RR.044619-0.01,4718500000
"2022-04-10 06:00:00",N,NORTE,RR,RORAIMA,"TIPO I",TÉRMICA,Gás,"Jaguatirica II",RRJII,UTE.GN.RR.044619-0.01,4717100000
"2022-04-10 07:00:00",N,NORTE,RR,RORAIMA,"TIPO I",TÉRMICA,Gás,"Jaguatirica II",RRJII,UTE.GN.RR.044619-0.01,3562600000
"2022-04-10 08:00:00",N,NORTE,RR,RORAIMA,"TIPO I",TÉRMICA,Gás,"Jaguatirica II",RRJII,UTE.GN.RR.044619-0.01,3015500000
"2022-04-10 09:00:00",N,NORTE,RR,RORAIMA,"TIPO I",TÉRMICA,Gás,"Jaguatirica II",RRJII,UTE.GN.RR.044619-0.01,3017400000
"2022-04-10 10:00:00",N,NORTE,RR,RORAIMA,"TIPO I",TÉRMICA,Gás,"Jaguatirica II",RRJII,UTE.GN.RR.044619-0.01,3024500000
"2022-04-10 11:00:00",N,NORTE,RR,RORAIMA,"TIPO I",TÉRMICA,Gás,"Jaguatirica II",RRJII,UTE.GN.RR.044619-0.01,3015000000
"2022-04-10 12:00:00",N,NORTE,RR,RORAIMA,"TIPO I",TÉRMICA,Gás,"Jaguatirica II",RRJII,UTE.GN.RR.044619-0.01,3012800000
"2022-04-10 13:00:00",N,NORTE,RR,RORAIMA,"TIPO I",TÉRMICA,Gás,"Jaguatirica II",RRJII,UTE.GN.RR.044619-0.01,3015600000
"2022-04-10 14:00:00",N,NORTE,RR,RORAIMA,"TIPO I",TÉRMICA,Gás,"Jaguatirica II",RRJII,UTE.GN.RR.044619-0.01,3022200000
"2022-04-10 15:00:00",N,NORTE,RR,RORAIMA,"TIPO I",TÉRMICA,Gás,"Jaguatirica II",RRJII,UTE.GN.RR.044619-0.01,3967600000
"2022-04-10 16:00:00",N,NORTE,RR,RORAIMA,"TIPO I",TÉRMICA,Gás,"Jaguatirica II",RRJII,UTE.GN.RR.044619-0.01,4663500000
"2022-04-10 17:00:00",N,NORTE,RR,RORAIMA,"TIPO I",TÉRMICA,Gás,"Jaguatirica II",RRJII,UTE.GN.RR.044619-0.01,4723200000
"2022-04-10 18:00:00",N,NORTE,RR,RORAIMA,"TIPO I",TÉRMICA,Gás,"Jaguatirica II",RRJII,UTE.GN.RR.044619-0.01,4325100000
"2022-04-10 19:00:00",N,NORTE,RR,RORAIMA,"TIPO I",TÉRMICA,Gás,"Jaguatirica II",RRJII,UTE.GN.RR.044619-0.01,4592300000
"2022-04-10 20:00:00",N,NORTE,RR,RORAIMA,"TIPO I",TÉRMICA,Gás,"Jaguatirica II",RRJII,UTE.GN.RR.044619-0.01,4716900000
"2022-04-10 21:00:00",N,NORTE,RR,RORAIMA,"TIPO I",TÉRMICA,Gás,"Jaguatirica II",RRJII,UTE.GN.RR.044619-0.01,4728000000
"2022-04-10 22:00:00",N,NORTE,RR,RORAIMA,"TIPO I",TÉRMICA,Gás,"Jaguatirica II",RRJII,UTE.GN.RR.044619-0.01,4722600000
"2022-04-10 23:00:00",N,NORTE,RR,RORAIMA,"TIPO I",TÉRMICA,Gás,"Jaguatirica II",RRJII,UTE.GN.RR.044619-0.01,4721000000
"2022-04-11 00:00:00",N,NORTE,RR,RORAIMA,"TIPO I",TÉRMICA,Gás,"Jaguatirica II",RRJII,UTE.GN.RR.044619-0.01,4716600000
"2022-04-11 01:00:00",N,NORTE,RR,RORAIMA,"TIPO I",TÉRMICA,Gás,"Jaguatirica II",RRJII,UTE.GN.RR.044619-0.01,4716100000
"2022-04-11 02:00:00",N,NORTE,RR,RORAIMA,"TIPO I",TÉRMICA,Gás,"Jaguatirica II",RRJII,UTE.GN.RR.044619-0.01,4720600000
"2022-04-11 03:00:00",N,NORTE,RR,RORAIMA,"TIPO I",TÉRMICA,Gás,"Jaguatirica II",RRJII,UTE.GN.RR.044619-0.01,4715700000
"2022-04-11 04:00:00",N,NORTE,RR,RORAIMA,"TIPO I",TÉRMICA,Gás,"Jaguatirica II",RRJII,UTE.GN.RR.044619-0.01,4722400000
"2022-04-11 05:00:00",N,NORTE,RR,RORAIMA,"TIPO I",TÉRMICA,Gás,"Jaguatirica II",RRJII,UTE.GN.RR.044619-0.01,4717900000
"2022-04-11 06:00:00",N,NORTE,RR,RORAIMA,"TIPO I",TÉRMICA,Gás,"Jaguatirica II",RRJII,UTE.GN.RR.044619-0.01,4713800000
"2022-04-11 07:00:00",N,NORTE,RR,RORAIMA,"TIPO I",TÉRMICA,Gás,"Jaguatirica II",RRJII,UTE.GN.RR.044619-0.01,4679100000
"2022-04-11 08:00:00",N,NORTE,RR,RORAIMA,"TIPO I",TÉRMICA,Gás,"Jaguatirica II",RRJII,UTE.GN.RR.044619-0.01,4476400000
"2022-04-11 09:00:00",N,NORTE,RR,RORAIMA,"TIPO I",TÉRMICA,Gás,"Jaguatirica II",RRJII,UTE.GN.RR.044619-0.01,4745300000
"2022-04-11 10:00:00",N,NORTE,RR,RORAIMA,"TIPO I",TÉRMICA,Gás,"Jaguatirica II",RRJII,UTE.GN.RR.044619-0.01,4727700000
"2022-04-11 11:00:00",N,NORTE,RR,RORAIMA,"TIPO I",TÉRMICA,Gás,"Jaguatirica II",RRJII,UTE.GN.RR.044619-0.01,4801800000
"2022-04-11 12:00:00",N,NORTE,RR,RORAIMA,"TIPO I",TÉRMICA,Gás,"Jaguatirica II",RRJII,UTE.GN.RR.044619-0.01,4886900000
"2022-04-11 13:00:00",N,NORTE,RR,RORAIMA,"TIPO I",TÉRMICA,Gás,"Jaguatirica II",RRJII,UTE.GN.RR.044619-0.01,4943600000
"2022-04-11 14:00:00",N,NORTE,RR,RORAIMA,"TIPO I",TÉRMICA,Gás,"Jaguatirica II",RRJII,UTE.GN.RR.044619-0.01,4951600000
"2022-04-11 15:00:00",N,NORTE,RR,RORAIMA,"TIPO I",TÉRMICA,Gás,"Jaguatirica II",RRJII,UTE.GN.RR.044619-0.01,4924300000
"2022-04-11 16:00:00",N,NORTE,RR,RORAIMA,"TIPO I",TÉRMICA,Gás,"Jaguatirica II",RRJII,UTE.GN.RR.044619-0.01,4938100000
"2022-04-11 17:00:00",N,NORTE,RR,RORAIMA,"TIPO I",TÉRMICA,Gás,"Jaguatirica II",RRJII,UTE.GN.RR.044619-0.01,5947900000
"2022-04-11 18:00:00",N,NORTE,RR,RORAIMA,"TIPO I",TÉRMICA,Gás,"Jaguatirica II",RRJII,UTE.GN.RR.044619-0.01,6248500000
"2022-04-11 19:00:00",N,NORTE,RR,RORAIMA,"TIPO I",TÉRMICA,Gás,"Jaguatirica II",RRJII,UTE.GN.RR.044619-0.01,6366800000
"2022-04-11 20:00:00",N,NORTE,RR,RORAIMA,"TIPO I",TÉRMICA,Gás,"Jaguatirica II",RRJII,UTE.GN.RR.044619-0.01,7369500000
"2022-04-11 21:00:00",N,NORTE,RR,RORAIMA,"TIPO I",TÉRMICA,Gás,"Jaguatirica II",RRJII,UTE.GN.RR.044619-0.01,9359600000
"2022-04-11 22:00:00",N,NORTE,RR,RORAIMA,"TIPO I",TÉRMICA,Gás,"Jaguatirica II",RRJII,UTE.GN.RR.044619-0.01,6569300000
"2022-04-11 23:00:00",N,NORTE,RR,RORAIMA,"TIPO I",TÉRMICA,Gás,"Jaguatirica II",RRJII,UTE.GN.RR.044619-0.01,400000
"2022-04-12 00:00:00",N,NORTE,RR,RORAIMA,"TIPO I",TÉRMICA,Gás,"Jaguatirica II",RRJII,UTE.GN.RR.044619-0.01,200000
"2022-04-12 01:00:00",N,NORTE,RR,RORAIMA,"TIPO I",TÉRMICA,Gás,"Jaguatirica II",RRJII,UTE.GN.RR.044619-0.01,200000
"2022-04-12 02:00:00",N,NORTE,RR,RORAIMA,"TIPO I",TÉRMICA,Gás,"Jaguatirica II",RRJII,UTE.GN.RR.044619-0.01,200000
"2022-04-12 03:00:00",N,NORTE,RR,RORAIMA,"TIPO I",TÉRMICA,Gás,"Jaguatirica II",RRJII,UTE.GN.RR.044619-0.01,200000
"2022-04-12 04:00:00",N,NORTE,RR,RORAIMA,"TIPO I",TÉRMICA,Gás,"Jaguatirica II",RRJII,UTE.GN.RR.044619-0.01,371700000
"2022-04-12 05:00:00",N,NORTE,RR,RORAIMA,"TIPO I",TÉRMICA,Gás,"Jaguatirica II",RRJII,UTE.GN.RR.044619-0.01,2047200000
"2022-04-12 06:00:00",N,NORTE,RR,RORAIMA,"TIPO I",TÉRMICA,Gás,"Jaguatirica II",RRJII,UTE.GN.RR.044619-0.01,3261500000
"2022-04-12 07:00:00",N,NORTE,RR,RORAIMA,"TIPO I",TÉRMICA,Gás,"Jaguatirica II",RRJII,UTE.GN.RR.044619-0.01,3224000000
"2022-04-12 08:00:00",N,NORTE,RR,RORAIMA,"TIPO I",TÉRMICA,Gás,"Jaguatirica II",RRJII,UTE.GN.RR.044619-0.01,3248100000
"2022-04-12 09:00:00",N,NORTE,RR,RORAIMA,"TIPO I",TÉRMICA,Gás,"Jaguatirica II",RRJII,UTE.GN.RR.044619-0.01,4457000000
"2022-04-12 10:00:00",N,NORTE,RR,RORAIMA,"TIPO I",TÉRMICA,Gás,"Jaguatirica II",RRJII,UTE.GN.RR.044619-0.01,4713600000
"2022-04-12 11:00:00",N,NORTE,RR,RORAIMA,"TIPO I",TÉRMICA,Gás,"Jaguatirica II",RRJII,UTE.GN.RR.044619-0.01,4717800000
"2022-04-12 12:00:00",N,NORTE,RR,RORAIMA,"TIPO I",TÉRMICA,Gás,"Jaguatirica II",RRJII,UTE.GN.RR.044619-0.01,4713800000
"2022-04-12 13:00:00",N,NORTE,RR,RORAIMA,"TIPO I",TÉRMICA,Gás,"Jaguatirica II",RRJII,UTE.GN.RR.044619-0.01,4769000000
"2022-04-12 14:00:00",N,NORTE,RR,RORAIMA,"TIPO I",TÉRMICA,Gás,"Jaguatirica II",RRJII,UTE.GN.RR.044619-0.01,4726000000
"2022-04-12 15:00:00",N,NORTE,RR,RORAIMA,"TIPO I",TÉRMICA,Gás,"Jaguatirica II",RRJII,UTE.GN.RR.044619-0.01,4725200000
"2022-04-12 16:00:00",N,NORTE,RR,RORAIMA,"TIPO I",TÉRMICA,Gás,"Jaguatirica II",RRJII,UTE.GN.RR.044619-0.01,4728900000
"2022-04-12 17:00:00",N,NORTE,RR,RORAIMA,"TIPO I",TÉRMICA,Gás,"Jaguatirica II",RRJII,UTE.GN.RR.044619-0.01,4725500000
"2022-04-12 18:00:00",N,NORTE,RR,RORAIMA,"TIPO I",TÉRMICA,Gás,"Jaguatirica II",RRJII,UTE.GN.RR.044619-0.01,3114500000
"2022-04-12 19:00:00",N,NORTE,RR,RORAIMA,"TIPO I",TÉRMICA,Gás,"Jaguatirica II",RRJII,UTE.GN.RR.044619-0.01,200000
"2022-04-12 20:00:00",N,NORTE,RR,RORAIMA,"TIPO I",TÉRMICA,Gás,"Jaguatirica II",RRJII,UTE.GN.RR.044619-0.01,200000
"2022-04-12 21:00:00",N,NORTE,RR,RORAIMA,"TIPO I",TÉRMICA,Gás,"Jaguatirica II",RRJII,UTE.GN.RR.044619-0.01,200000
"2022-04-12 22:00:00",N,NORTE,RR,RORAIMA,"TIPO I",TÉRMICA,Gás,"Jaguatirica II",RRJII,UTE.GN.RR.044619-0.01,200000
"2022-04-12 23:00:00",N,NORTE,RR,RORAIMA,"TIPO I",TÉRMICA,Gás,"Jaguatirica II",RRJII,UTE.GN.RR.044619-0.01,200000
"2022-04-13 00:00:00",N,NORTE,RR,RORAIMA,"TIPO I",TÉRMICA,Gás,"Jaguatirica II",RRJII,UTE.GN.RR.044619-0.01,200000
"2022-04-13 01:00:00",N,NORTE,RR,RORAIMA,"TIPO I",TÉRMICA,Gás,"Jaguatirica II",RRJII,UTE.GN.RR.044619-0.01,200000
"2022-04-13 02:00:00",N,NORTE,RR,RORAIMA,"TIPO I",TÉRMICA,Gás,"Jaguatirica II",RRJII,UTE.GN.RR.044619-0.01,200000
"2022-04-13 03:00:00",N,NORTE,RR,RORAIMA,"TIPO I",TÉRMICA,Gás,"Jaguatirica II",RRJII,UTE.GN.RR.044619-0.01,200000
"2022-04-13 04:00:00",N,NORTE,RR,RORAIMA,"TIPO I",TÉRMICA,Gás,"Jaguatirica II",RRJII,UTE.GN.RR.044619-0.01,200000
"2022-04-13 05:00:00",N,NORTE,RR,RORAIMA,"TIPO I",TÉRMICA,Gás,"Jaguatirica II",RRJII,UTE.GN.RR.044619-0.01,200000
"2022-04-13 06:00:00",N,NORTE,RR,RORAIMA,"TIPO I",TÉRMICA,Gás,"Jaguatirica II",RRJII,UTE.GN.RR.044619-0.01,200000
"2022-04-13 07:00:00",N,NORTE,RR,RORAIMA,"TIPO I",TÉRMICA,Gás,"Jaguatirica II",RRJII,UTE.GN.RR.044619-0.01,200000
"2022-04-13 08:00:00",N,NORTE,RR,RORAIMA,"TIPO I",TÉRMICA,Gás,"Jaguatirica II",RRJII,UTE.GN.RR.044619-0.01,200000
"2022-04-13 09:00:00",N,NORTE,RR,RORAIMA,"TIPO I",TÉRMICA,Gás,"Jaguatirica II",RRJII,UTE.GN.RR.044619-0.01,200000
"2022-04-13 10:00:00",N,NORTE,RR,RORAIMA,"TIPO I",TÉRMICA,Gás,"Jaguatirica II",RRJII,UTE.GN.RR.044619-0.01,200000
"2022-04-13 11:00:00",N,NORTE,RR,RORAIMA,"TIPO I",TÉRMICA,Gás,"Jaguatirica II",RRJII,UTE.GN.RR.044619-0.01,200000
"2022-04-13 12:00:00",N,NORTE,RR,RORAIMA,"TIPO I",TÉRMICA,Gás,"Jaguatirica II",RRJII,UTE.GN.RR.044619-0.01,200000
"2022-04-13 13:00:00",N,NORTE,RR,RORAIMA,"TIPO I",TÉRMICA,Gás,"Jaguatirica II",RRJII,UTE.GN.RR.044619-0.01,200000
"2022-04-13 14:00:00",N,NORTE,RR,RORAIMA,"TIPO I",TÉRMICA,Gás,"Jaguatirica II",RRJII,UTE.GN.RR.044619-0.01,200000
"2022-04-13 15:00:00",N,NORTE,RR,RORAIMA,"TIPO I",TÉRMICA,Gás,"Jaguatirica II",RRJII,UTE.GN.RR.044619-0.01,200000
"2022-04-13 16:00:00",N,NORTE,RR,RORAIMA,"TIPO I",TÉRMICA,Gás,"Jaguatirica II",RRJII,UTE.GN.RR.044619-0.01,200000
"2022-04-13 17:00:00",N,NORTE,RR,RORAIMA,"TIPO I",TÉRMICA,Gás,"Jaguatirica II",RRJII,UTE.GN.RR.044619-0.01,200000
"2022-04-13 18:00:00",N,NORTE,RR,RORAIMA,"TIPO I",TÉRMICA,Gás,"Jaguatirica II",RRJII,UTE.GN.RR.044619-0.01,200000
"2022-04-13 19:00:00",N,NORTE,RR,RORAIMA,"TIPO I",TÉRMICA,Gás,"Jaguatirica II",RRJII,UTE.GN.RR.044619-0.01,200000
"2022-04-13 20:00:00",N,NORTE,RR,RORAIMA,"TIPO I",TÉRMICA,Gás,"Jaguatirica II",RRJII,UTE.GN.RR.044619-0.01,200000
"2022-04-13 21:00:00",N,NORTE,RR,RORAIMA,"TIPO I",TÉRMICA,Gás,"Jaguatirica II",RRJII,UTE.GN.RR.044619-0.01,200000
"2022-04-13 22:00:00",N,NORTE,RR,RORAIMA,"TIPO I",TÉRMICA,Gás,"Jaguatirica II",RRJII,UTE.GN.RR.044619-0.01,200000
"2022-04-13 23:00:00",N,NORTE,RR,RORAIMA,"TIPO I",TÉRMICA,Gás,"Jaguatirica II",RRJII,UTE.GN.RR.044619-0.01,200000
"2022-04-14 00:00:00",N,NORTE,RR,RORAIMA,"TIPO I",TÉRMICA,Gás,"Jaguatirica II",RRJII,UTE.GN.RR.044619-0.01,200000
"2022-04-14 01:00:00",N,NORTE,RR,RORAIMA,"TIPO I",TÉRMICA,Gás,"Jaguatirica II",RRJII,UTE.GN.RR.044619-0.01,200000
"2022-04-14 02:00:00",N,NORTE,RR,RORAIMA,"TIPO I",TÉRMICA,Gás,"Jaguatirica II",RRJII,UTE.GN.RR.044619-0.01,200000
"2022-04-14 03:00:00",N,NORTE,RR,RORAIMA,"TIPO I",TÉRMICA,Gás,"Jaguatirica II",RRJII,UTE.GN.RR.044619-0.01,200000
"2022-04-14 04:00:00",N,NORTE,RR,RORAIMA,"TIPO I",TÉRMICA,Gás,"Jaguatirica II",RRJII,UTE.GN.RR.044619-0.01,200000
"2022-04-14 05:00:00",N,NORTE,RR,RORAIMA,"TIPO I",TÉRMICA,Gás,"Jaguatirica II",RRJII,UTE.GN.RR.044619-0.01,200000
"2022-04-14 06:00:00",N,NORTE,RR,RORAIMA,"TIPO I",TÉRMICA,Gás,"Jaguatirica II",RRJII,UTE.GN.RR.044619-0.01,200000
"2022-04-14 07:00:00",N,NORTE,RR,RORAIMA,"TIPO I",TÉRMICA,Gás,"Jaguatirica II",RRJII,UTE.GN.RR.044619-0.01,200000
"2022-04-14 08:00:00",N,NORTE,RR,RORAIMA,"TIPO I",TÉRMICA,Gás,"Jaguatirica II",RRJII,UTE.GN.RR.044619-0.01,200000
"2022-04-14 09:00:00",N,NORTE,RR,RORAIMA,"TIPO I",TÉRMICA,Gás,"Jaguatirica II",RRJII,UTE.GN.RR.044619-0.01,200000
"2022-04-14 10:00:00",N,NORTE,RR,RORAIMA,"TIPO I",TÉRMICA,Gás,"Jaguatirica II",RRJII,UTE.GN.RR.044619-0.01,200000
"2022-04-14 11:00:00",N,NORTE,RR,RORAIMA,"TIPO I",TÉRMICA,Gás,"Jaguatirica II",RRJII,UTE.GN.RR.044619-0.01,200000
"2022-04-14 12:00:00",N,NORTE,RR,RORAIMA,"TIPO I",TÉRMICA,Gás,"Jaguatirica II",RRJII,UTE.GN.RR.044619-0.01,200000
"2022-04-14 13:00:00",N,NORTE,RR,RORAIMA,"TIPO I",TÉRMICA,Gás,"Jaguatirica II",RRJII,UTE.GN.RR.044619-0.01,200000
"2022-04-14 14:00:00",N,NORTE,RR,RORAIMA,"TIPO I",TÉRMICA,Gás,"Jaguatirica II",RRJII,UTE.GN.RR.044619-0.01,200000
"2022-04-14 15:00:00",N,NORTE,RR,RORAIMA,"TIPO I",TÉRMICA,Gás,"Jaguatirica II",RRJII,UTE.GN.RR.044619-0.01,200000
"2022-04-14 16:00:00",N,NORTE,RR,RORAIMA,"TIPO I",TÉRMICA,Gás,"Jaguatirica II",RRJII,UTE.GN.RR.044619-0.01,200000
"2022-04-14 17:00:00",N,NORTE,RR,RORAIMA,"TIPO I",TÉRMICA,Gás,"Jaguatirica II",RRJII,UTE.GN.RR.044619-0.01,200000
"2022-04-14 18:00:00",N,NORTE,RR,RORAIMA,"TIPO I",TÉRMICA,Gás,"Jaguatirica II",RRJII,UTE.GN.RR.044619-0.01,200000
"2022-04-14 19:00:00",N,NORTE,RR,RORAIMA,"TIPO I",TÉRMICA,Gás,"Jaguatirica II",RRJII,UTE.GN.RR.044619-0.01,200000
"2022-04-14 20:00:00",N,NORTE,RR,RORAIMA,"TIPO I",TÉRMICA,Gás,"Jaguatirica II",RRJII,UTE.GN.RR.044619-0.01,200000
"2022-04-14 21:00:00",N,NORTE,RR,RORAIMA,"TIPO I",TÉRMICA,Gás,"Jaguatirica II",RRJII,UTE.GN.RR.044619-0.01,200000
"2022-04-14 22:00:00",N,NORTE,RR,RORAIMA,"TIPO I",TÉRMICA,Gás,"Jaguatirica II",RRJII,UTE.GN.RR.044619-0.01,200000
"2022-04-14 23:00:00",N,NORTE,RR,RORAIMA,"TIPO I",TÉRMICA,Gás,"Jaguatirica II",RRJII,UTE.GN.RR.044619-0.01,200000
"2022-04-15 00:00:00",N,NORTE,RR,RORAIMA,"TIPO I",TÉRMICA,Gás,"Jaguatirica II",RRJII,UTE.GN.RR.044619-0.01,200000
"2022-04-15 01:00:00",N,NORTE,RR,RORAIMA,"TIPO I",TÉRMICA,Gás,"Jaguatirica II",RRJII,UTE.GN.RR.044619-0.01,200000
"2022-04-15 02:00:00",N,NORTE,RR,RORAIMA,"TIPO I",TÉRMICA,Gás,"Jaguatirica II",RRJII,UTE.GN.RR.044619-0.01,200000
"2022-04-15 03:00:00",N,NORTE,RR,RORAIMA,"TIPO I",TÉRMICA,Gás,"Jaguatirica II",RRJII,UTE.GN.RR.044619-0.01,200000
"2022-04-15 04:00:00",N,NORTE,RR,RORAIMA,"TIPO I",TÉRMICA,Gás,"Jaguatirica II",RRJII,UTE.GN.RR.044619-0.01,200000
"2022-04-15 05:00:00",N,NORTE,RR,RORAIMA,"TIPO I",TÉRMICA,Gás,"Jaguatirica II",RRJII,UTE.GN.RR.044619-0.01,200000
"2022-04-15 06:00:00",N,NORTE,RR,RORAIMA,"TIPO I",TÉRMICA,Gás,"Jaguatirica II",RRJII,UTE.GN.RR.044619-0.01,200000
"2022-04-15 07:00:00",N,NORTE,RR,RORAIMA,"TIPO I",TÉRMICA,Gás,"Jaguatirica II",RRJII,UTE.GN.RR.044619-0.01,200000
"2022-04-15 08:00:00",N,NORTE,RR,RORAIMA,"TIPO I",TÉRMICA,Gás,"Jaguatirica II",RRJII,UTE.GN.RR.044619-0.01,200000
"2022-04-15 09:00:00",N,NORTE,RR,RORAIMA,"TIPO I",TÉRMICA,Gás,"Jaguatirica II",RRJII,UTE.GN.RR.044619-0.01,200000
"2022-04-15 10:00:00",N,NORTE,RR,RORAIMA,"TIPO I",TÉRMICA,Gás,"Jaguatirica II",RRJII,UTE.GN.RR.044619-0.01,200000
"2022-04-15 11:00:00",N,NORTE,RR,RORAIMA,"TIPO I",TÉRMICA,Gás,"Jaguatirica II",RRJII,UTE.GN.RR.044619-0.01,200000
"2022-04-15 12:00:00",N,NORTE,RR,RORAIMA,"TIPO I",TÉRMICA,Gás,"Jaguatirica II",RRJII,UTE.GN.RR.044619-0.01,200000
"2022-04-15 13:00:00",N,NORTE,RR,RORAIMA,"TIPO I",TÉRMICA,Gás,"Jaguatirica II",RRJII,UTE.GN.RR.044619-0.01,200000
"2022-04-15 14:00:00",N,NORTE,RR,RORAIMA,"TIPO I",TÉRMICA,Gás,"Jaguatirica II",RRJII,UTE.GN.RR.044619-0.01,200000
"2022-04-15 15:00:00",N,NORTE,RR,RORAIMA,"TIPO I",TÉRMICA,Gás,"Jaguatirica II",RRJII,UTE.GN.RR.044619-0.01,200000
"2022-04-15 16:00:00",N,NORTE,RR,RORAIMA,"TIPO I",TÉRMICA,Gás,"Jaguatirica II",RRJII,UTE.GN.RR.044619-0.01,200000
"2022-04-15 17:00:00",N,NORTE,RR,RORAIMA,"TIPO I",TÉRMICA,Gás,"Jaguatirica II",RRJII,UTE.GN.RR.044619-0.01,200000
"2022-04-15 18:00:00",N,NORTE,RR,RORAIMA,"TIPO I",TÉRMICA,Gás,"Jaguatirica II",RRJII,UTE.GN.RR.044619-0.01,200000
"2022-04-15 19:00:00",N,NORTE,RR,RORAIMA,"TIPO I",TÉRMICA,Gás,"Jaguatirica II",RRJII,UTE.GN.RR.044619-0.01,200000
"2022-04-15 20:00:00",N,NORTE,RR,RORAIMA,"TIPO I",TÉRMICA,Gás,"Jaguatirica II",RRJII,UTE.GN.RR.044619-0.01,200000
"2022-04-15 21:00:00",N,NORTE,RR,RORAIMA,"TIPO I",TÉRMICA,Gás,"Jaguatirica II",RRJII,UTE.GN.RR.044619-0.01,200000
"2022-04-15 22:00:00",N,NORTE,RR,RORAIMA,"TIPO I",TÉRMICA,Gás,"Jaguatirica II",RRJII,UTE.GN.RR.044619-0.01,200000
"2022-04-15 23:00:00",N,NORTE,RR,RORAIMA,"TIPO I",TÉRMICA,Gás,"Jaguatirica II",RRJII,UTE.GN.RR.044619-0.01,200000
"2022-04-16 00:00:00",N,NORTE,RR,RORAIMA,"TIPO I",TÉRMICA,Gás,"Jaguatirica II",RRJII,UTE.GN.RR.044619-0.01,200000
"2022-04-16 01:00:00",N,NORTE,RR,RORAIMA,"TIPO I",TÉRMICA,Gás,"Jaguatirica II",RRJII,UTE.GN.RR.044619-0.01,200000
"2022-04-16 02:00:00",N,NORTE,RR,RORAIMA,"TIPO I",TÉRMICA,Gás,"Jaguatirica II",RRJII,UTE.GN.RR.044619-0.01,200000
"2022-04-16 03:00:00",N,NORTE,RR,RORAIMA,"TIPO I",TÉRMICA,Gás,"Jaguatirica II",RRJII,UTE.GN.RR.044619-0.01,200000
"2022-04-16 04:00:00",N,NORTE,RR,RORAIMA,"TIPO I",TÉRMICA,Gás,"Jaguatirica II",RRJII,UTE.GN.RR.044619-0.01,200000
"2022-04-16 05:00:00",N,NORTE,RR,RORAIMA,"TIPO I",TÉRMICA,Gás,"Jaguatirica II",RRJII,UTE.GN.RR.044619-0.01,200000
"2022-04-16 06:00:00",N,NORTE,RR,RORAIMA,"TIPO I",TÉRMICA,Gás,"Jaguatirica II",RRJII,UTE.GN.RR.044619-0.01,200000
"2022-04-16 07:00:00",N,NORTE,RR,RORAIMA,"TIPO I",TÉRMICA,Gás,"Jaguatirica II",RRJII,UTE.GN.RR.044619-0.01,200000
"2022-04-16 08:00:00",N,NORTE,RR,RORAIMA,"TIPO I",TÉRMICA,Gás,"Jaguatirica II",RRJII,UTE.GN.RR.044619-0.01,200000
"2022-04-16 09:00:00",N,NORTE,RR,RORAIMA,"TIPO I",TÉRMICA,Gás,"Jaguatirica II",RRJII,UTE.GN.RR.044619-0.01,200000
"2022-04-16 10:00:00",N,NORTE,RR,RORAIMA,"TIPO I",TÉRMICA,Gás,"Jaguatirica II",RRJII,UTE.GN.RR.044619-0.01,200000
"2022-04-16 11:00:00",N,NORTE,RR,RORAIMA,"TIPO I",TÉRMICA,Gás,"Jaguatirica II",RRJII,UTE.GN.RR.044619-0.01,200000
"2022-04-16 12:00:00",N,NORTE,RR,RORAIMA,"TIPO I",TÉRMICA,Gás,"Jaguatirica II",RRJII,UTE.GN.RR.044619-0.01,200000
"2022-04-16 13:00:00",N,NORTE,RR,RORAIMA,"TIPO I",TÉRMICA,Gás,"Jaguatirica II",RRJII,UTE.GN.RR.044619-0.01,200000
"2022-04-16 14:00:00",N,NORTE,RR,RORAIMA,"TIPO I",TÉRMICA,Gás,"Jaguatirica II",RRJII,UTE.GN.RR.044619-0.01,200000
"2022-04-16 15:00:00",N,NORTE,RR,RORAIMA,"TIPO I",TÉRMICA,Gás,"Jaguatirica II",RRJII,UTE.GN.RR.044619-0.01,200000
"2022-04-16 16:00:00",N,NORTE,RR,RORAIMA,"TIPO I",TÉRMICA,Gás,"Jaguatirica II",RRJII,UTE.GN.RR.044619-0.01,200000
"2022-04-16 17:00:00",N,NORTE,RR,RORAIMA,"TIPO I",TÉRMICA,Gás,"Jaguatirica II",RRJII,UTE.GN.RR.044619-0.01,200000
"2022-04-16 18:00:00",N,NORTE,RR,RORAIMA,"TIPO I",TÉRMICA,Gás,"Jaguatirica II",RRJII,UTE.GN.RR.044619-0.01,200000
"2022-04-16 19:00:00",N,NORTE,RR,RORAIMA,"TIPO I",TÉRMICA,Gás,"Jaguatirica II",RRJII,UTE.GN.RR.044619-0.01,200000
"2022-04-16 20:00:00",N,NORTE,RR,RORAIMA,"TIPO I",TÉRMICA,Gás,"Jaguatirica II",RRJII,UTE.GN.RR.044619-0.01,200000
"2022-04-16 21:00:00",N,NORTE,RR,RORAIMA,"TIPO I",TÉRMICA,Gás,"Jaguatirica II",RRJII,UTE.GN.RR.044619-0.01,200000
"2022-04-16 22:00:00",N,NORTE,RR,RORAIMA,"TIPO I",TÉRMICA,Gás,"Jaguatirica II",RRJII,UTE.GN.RR.044619-0.01,200000
"2022-04-16 23:00:00",N,NORTE,RR,RORAIMA,"TIPO I",TÉRMICA,Gás,"Jaguatirica II",RRJII,UTE.GN.RR.044619-0.01,200000
"2022-04-17 00:00:00",N,NORTE,RR,RORAIMA,"TIPO I",TÉRMICA,Gás,"Jaguatirica II",RRJII,UTE.GN.RR.044619-0.01,200000
"2022-04-17 01:00:00",N,NORTE,RR,RORAIMA,"TIPO I",TÉRMICA,Gás,"Jaguatirica II",RRJII,UTE.GN.RR.044619-0.01,200000
"2022-04-17 02:00:00",N,NORTE,RR,RORAIMA,"TIPO I",TÉRMICA,Gás,"Jaguatirica II",RRJII,UTE.GN.RR.044619-0.01,200000
"2022-04-17 03:00:00",N,NORTE,RR,RORAIMA,"TIPO I",TÉRMICA,Gás,"Jaguatirica II",RRJII,UTE.GN.RR.044619-0.01,200000
"2022-04-17 04:00:00",N,NORTE,RR,RORAIMA,"TIPO I",TÉRMICA,Gás,"Jaguatirica II",RRJII,UTE.GN.RR.044619-0.01,200000
"2022-04-17 05:00:00",N,NORTE,RR,RORAIMA,"TIPO I",TÉRMICA,Gás,"Jaguatirica II",RRJII,UTE.GN.RR.044619-0.01,200000
"2022-04-17 06:00:00",N,NORTE,RR,RORAIMA,"TIPO I",TÉRMICA,Gás,"Jaguatirica II",RRJII,UTE.GN.RR.044619-0.01,200000
"2022-04-17 07:00:00",N,NORTE,RR,RORAIMA,"TIPO I",TÉRMICA,Gás,"Jaguatirica II",RRJII,UTE.GN.RR.044619-0.01,200000
"2022-04-17 08:00:00",N,NORTE,RR,RORAIMA,"TIPO I",TÉRMICA,Gás,"Jaguatirica II",RRJII,UTE.GN.RR.044619-0.01,200000
"2022-04-17 09:00:00",N,NORTE,RR,RORAIMA,"TIPO I",TÉRMICA,Gás,"Jaguatirica II",RRJII,UTE.GN.RR.044619-0.01,200000
"2022-04-17 10:00:00",N,NORTE,RR,RORAIMA,"TIPO I",TÉRMICA,Gás,"Jaguatirica II",RRJII,UTE.GN.RR.044619-0.01,200000
"2022-04-17 11:00:00",N,NORTE,RR,RORAIMA,"TIPO I",TÉRMICA,Gás,"Jaguatirica II",RRJII,UTE.GN.RR.044619-0.01,200000
"2022-04-17 12:00:00",N,NORTE,RR,RORAIMA,"TIPO I",TÉRMICA,Gás,"Jaguatirica II",RRJII,UTE.GN.RR.044619-0.01,200000
"2022-04-17 13:00:00",N,NORTE,RR,RORAIMA,"TIPO I",TÉRMICA,Gás,"Jaguatirica II",RRJII,UTE.GN.RR.044619-0.01,200000
"2022-04-17 14:00:00",N,NORTE,RR,RORAIMA,"TIPO I",TÉRMICA,Gás,"Jaguatirica II",RRJII,UTE.GN.RR.044619-0.01,200000
"2022-04-17 15:00:00",N,NORTE,RR,RORAIMA,"TIPO I",TÉRMICA,Gás,"Jaguatirica II",RRJII,UTE.GN.RR.044619-0.01,200000
"2022-04-17 16:00:00",N,NORTE,RR,RORAIMA,"TIPO I",TÉRMICA,Gás,"Jaguatirica II",RRJII,UTE.GN.RR.044619-0.01,200000
"2022-04-17 17:00:00",N,NORTE,RR,RORAIMA,"TIPO I",TÉRMICA,Gás,"Jaguatirica II",RRJII,UTE.GN.RR.044619-0.01,200000
"2022-04-17 18:00:00",N,NORTE,RR,RORAIMA,"TIPO I",TÉRMICA,Gás,"Jaguatirica II",RRJII,UTE.GN.RR.044619-0.01,200000
"2022-04-17 19:00:00",N,NORTE,RR,RORAIMA,"TIPO I",TÉRMICA,Gás,"Jaguatirica II",RRJII,UTE.GN.RR.044619-0.01,200000
"2022-04-17 20:00:00",N,NORTE,RR,RORAIMA,"TIPO I",TÉRMICA,Gás,"Jaguatirica II",RRJII,UTE.GN.RR.044619-0.01,200000
"2022-04-17 21:00:00",N,NORTE,RR,RORAIMA,"TIPO I",TÉRMICA,Gás,"Jaguatirica II",RRJII,UTE.GN.RR.044619-0.01,200000
"2022-04-17 22:00:00",N,NORTE,RR,RORAIMA,"TIPO I",TÉRMICA,Gás,"Jaguatirica II",RRJII,UTE.GN.RR.044619-0.01,200000
"2022-04-17 23:00:00",N,NORTE,RR,RORAIMA,"TIPO I",TÉRMICA,Gás,"Jaguatirica II",RRJII,UTE.GN.RR.044619-0.01,200000
"2022-04-18 00:00:00",N,NORTE,RR,RORAIMA,"TIPO I",TÉRMICA,Gás,"Jaguatirica II",RRJII,UTE.GN.RR.044619-0.01,200000
"2022-04-18 01:00:00",N,NORTE,RR,RORAIMA,"TIPO I",TÉRMICA,Gás,"Jaguatirica II",RRJII,UTE.GN.RR.044619-0.01,200000
"2022-04-18 02:00:00",N,NORTE,RR,RORAIMA,"TIPO I",TÉRMICA,Gás,"Jaguatirica II",RRJII,UTE.GN.RR.044619-0.01,200000
"2022-04-18 03:00:00",N,NORTE,RR,RORAIMA,"TIPO I",TÉRMICA,Gás,"Jaguatirica II",RRJII,UTE.GN.RR.044619-0.01,200000
"2022-04-18 04:00:00",N,NORTE,RR,RORAIMA,"TIPO I",TÉRMICA,Gás,"Jaguatirica II",RRJII,UTE.GN.RR.044619-0.01,200000
"2022-04-18 05:00:00",N,NORTE,RR,RORAIMA,"TIPO I",TÉRMICA,Gás,"Jaguatirica II",RRJII,UTE.GN.RR.044619-0.01,200000
"2022-04-18 06:00:00",N,NORTE,RR,RORAIMA,"TIPO I",TÉRMICA,Gás,"Jaguatirica II",RRJII,UTE.GN.RR.044619-0.01,200000
"2022-04-18 07:00:00",N,NORTE,RR,RORAIMA,"TIPO I",TÉRMICA,Gás,"Jaguatirica II",RRJII,UTE.GN.RR.044619-0.01,200000
"2022-04-18 08:00:00",N,NORTE,RR,RORAIMA,"TIPO I",TÉRMICA,Gás,"Jaguatirica II",RRJII,UTE.GN.RR.044619-0.01,200000
"2022-04-18 09:00:00",N,NORTE,RR,RORAIMA,"TIPO I",TÉRMICA,Gás,"Jaguatirica II",RRJII,UTE.GN.RR.044619-0.01,200000
"2022-04-18 10:00:00",N,NORTE,RR,RORAIMA,"TIPO I",TÉRMICA,Gás,"Jaguatirica II",RRJII,UTE.GN.RR.044619-0.01,200000
"2022-04-18 11:00:00",N,NORTE,RR,RORAIMA,"TIPO I",TÉRMICA,Gás,"Jaguatirica II",RRJII,UTE.GN.RR.044619-0.01,200000
"2022-04-18 12:00:00",N,NORTE,RR,RORAIMA,"TIPO I",TÉRMICA,Gás,"Jaguatirica II",RRJII,UTE.GN.RR.044619-0.01,200000
"2022-04-18 13:00:00",N,NORTE,RR,RORAIMA,"TIPO I",TÉRMICA,Gás,"Jaguatirica II",RRJII,UTE.GN.RR.044619-0.01,200000
"2022-04-18 14:00:00",N,NORTE,RR,RORAIMA,"TIPO I",TÉRMICA,Gás,"Jaguatirica II",RRJII,UTE.GN.RR.044619-0.01,200000
"2022-04-18 15:00:00",N,NORTE,RR,RORAIMA,"TIPO I",TÉRMICA,Gás,"Jaguatirica II",RRJII,UTE.GN.RR.044619-0.01,200000
"2022-04-18 16:00:00",N,NORTE,RR,RORAIMA,"TIPO I",TÉRMICA,Gás,"Jaguatirica II",RRJII,UTE.GN.RR.044619-0.01,200000
"2022-04-18 17:00:00",N,NORTE,RR,RORAIMA,"TIPO I",TÉRMICA,Gás,"Jaguatirica II",RRJII,UTE.GN.RR.044619-0.01,200000
"2022-04-18 18:00:00",N,NORTE,RR,RORAIMA,"TIPO I",TÉRMICA,Gás,"Jaguatirica II",RRJII,UTE.GN.RR.044619-0.01,200000
"2022-04-18 19:00:00",N,NORTE,RR,RORAIMA,"TIPO I",TÉRMICA,Gás,"Jaguatirica II",RRJII,UTE.GN.RR.044619-0.01,200000
"2022-04-18 20:00:00",N,NORTE,RR,RORAIMA,"TIPO I",TÉRMICA,Gás,"Jaguatirica II",RRJII,UTE.GN.RR.044619-0.01,200000
"2022-04-18 21:00:00",N,NORTE,RR,RORAIMA,"TIPO I",TÉRMICA,Gás,"Jaguatirica II",RRJII,UTE.GN.RR.044619-0.01,200000
"2022-04-18 22:00:00",N,NORTE,RR,RORAIMA,"TIPO I",TÉRMICA,Gás,"Jaguatirica II",RRJII,UTE.GN.RR.044619-0.01,200000
"2022-04-18 23:00:00",N,NORTE,RR,RORAIMA,"TIPO I",TÉRMICA,Gás,"Jaguatirica II",RRJII,UTE.GN.RR.044619-0.01,200000
"2022-04-19 00:00:00",N,NORTE,RR,RORAIMA,"TIPO I",TÉRMICA,Gás,"Jaguatirica II",RRJII,UTE.GN.RR.044619-0.01,200000
"2022-04-19 01:00:00",N,NORTE,RR,RORAIMA,"TIPO I",TÉRMICA,Gás,"Jaguatirica II",RRJII,UTE.GN.RR.044619-0.01,200000
"2022-04-19 02:00:00",N,NORTE,RR,RORAIMA,"TIPO I",TÉRMICA,Gás,"Jaguatirica II",RRJII,UTE.GN.RR.044619-0.01,200000
"2022-04-19 03:00:00",N,NORTE,RR,RORAIMA,"TIPO I",TÉRMICA,Gás,"Jaguatirica II",RRJII,UTE.GN.RR.044619-0.01,200000
"2022-04-19 04:00:00",N,NORTE,RR,RORAIMA,"TIPO I",TÉRMICA,Gás,"Jaguatirica II",RRJII,UTE.GN.RR.044619-0.01,200000
"2022-04-19 05:00:00",N,NORTE,RR,RORAIMA,"TIPO I",TÉRMICA,Gás,"Jaguatirica II",RRJII,UTE.GN.RR.044619-0.01,200000
"2022-04-19 06:00:00",N,NORTE,RR,RORAIMA,"TIPO I",TÉRMICA,Gás,"Jaguatirica II",RRJII,UTE.GN.RR.044619-0.01,200000
"2022-04-19 07:00:00",N,NORTE,RR,RORAIMA,"TIPO I",TÉRMICA,Gás,"Jaguatirica II",RRJII,UTE.GN.RR.044619-0.01,200000
"2022-04-19 08:00:00",N,NORTE,RR,RORAIMA,"TIPO I",TÉRMICA,Gás,"Jaguatirica II",RRJII,UTE.GN.RR.044619-0.01,200000
"2022-04-19 09:00:00",N,NORTE,RR,RORAIMA,"TIPO I",TÉRMICA,Gás,"Jaguatirica II",RRJII,UTE.GN.RR.044619-0.01,200000
"2022-04-19 10:00:00",N,NORTE,RR,RORAIMA,"TIPO I",TÉRMICA,Gás,"Jaguatirica II",RRJII,UTE.GN.RR.044619-0.01,200000
"2022-04-19 11:00:00",N,NORTE,RR,RORAIMA,"TIPO I",TÉRMICA,Gás,"Jaguatirica II",RRJII,UTE.GN.RR.044619-0.01,200000
"2022-04-19 12:00:00",N,NORTE,RR,RORAIMA,"TIPO I",TÉRMICA,Gás,"Jaguatirica II",RRJII,UTE.GN.RR.044619-0.01,200000
"2022-04-19 13:00:00",N,NORTE,RR,RORAIMA,"TIPO I",TÉRMICA,Gás,"Jaguatirica II",RRJII,UTE.GN.RR.044619-0.01,200000
"2022-04-19 14:00:00",N,NORTE,RR,RORAIMA,"TIPO I",TÉRMICA,Gás,"Jaguatirica II",RRJII,UTE.GN.RR.044619-0.01,200000
"2022-04-19 15:00:00",N,NORTE,RR,RORAIMA,"TIPO I",TÉRMICA,Gás,"Jaguatirica II",RRJII,UTE.GN.RR.044619-0.01,200000
"2022-04-19 16:00:00",N,NORTE,RR,RORAIMA,"TIPO I",TÉRMICA,Gás,"Jaguatirica II",RRJII,UTE.GN.RR.044619-0.01,200000
"2022-04-19 17:00:00",N,NORTE,RR,RORAIMA,"TIPO I",TÉRMICA,Gás,"Jaguatirica II",RRJII,UTE.GN.RR.044619-0.01,200000
"2022-04-19 18:00:00",N,NORTE,RR,RORAIMA,"TIPO I",TÉRMICA,Gás,"Jaguatirica II",RRJII,UTE.GN.RR.044619-0.01,200000
"2022-04-19 19:00:00",N,NORTE,RR,RORAIMA,"TIPO I",TÉRMICA,Gás,"Jaguatirica II",RRJII,UTE.GN.RR.044619-0.01,200000
"2022-04-19 20:00:00",N,NORTE,RR,RORAIMA,"TIPO I",TÉRMICA,Gás,"Jaguatirica II",RRJII,UTE.GN.RR.044619-0.01,200000
"2022-04-19 21:00:00",N,NORTE,RR,RORAIMA,"TIPO I",TÉRMICA,Gás,"Jaguatirica II",RRJII,UTE.GN.RR.044619-0.01,200000
"2022-04-19 22:00:00",N,NORTE,RR,RORAIMA,"TIPO I",TÉRMICA,Gás,"Jaguatirica II",RRJII,UTE.GN.RR.044619-0.01,200000
"2022-04-19 23:00:00",N,NORTE,RR,RORAIMA,"TIPO I",TÉRMICA,Gás,"Jaguatirica II",RRJII,UTE.GN.RR.044619-0.01,200000
"2022-04-20 00:00:00",N,NORTE,RR,RORAIMA,"TIPO I",TÉRMICA,Gás,"Jaguatirica II",RRJII,UTE.GN.RR.044619-0.01,200000
"2022-04-20 01:00:00",N,NORTE,RR,RORAIMA,"TIPO I",TÉRMICA,Gás,"Jaguatirica II",RRJII,UTE.GN.RR.044619-0.01,200000
"2022-04-20 02:00:00",N,NORTE,RR,RORAIMA,"TIPO I",TÉRMICA,Gás,"Jaguatirica II",RRJII,UTE.GN.RR.044619-0.01,200000
"2022-04-20 03:00:00",N,NORTE,RR,RORAIMA,"TIPO I",TÉRMICA,Gás,"Jaguatirica II",RRJII,UTE.GN.RR.044619-0.01,200000
"2022-04-20 04:00:00",N,NORTE,RR,RORAIMA,"TIPO I",TÉRMICA,Gás,"Jaguatirica II",RRJII,UTE.GN.RR.044619-0.01,200000
"2022-04-20 05:00:00",N,NORTE,RR,RORAIMA,"TIPO I",TÉRMICA,Gás,"Jaguatirica II",RRJII,UTE.GN.RR.044619-0.01,200000
"2022-04-20 06:00:00",N,NORTE,RR,RORAIMA,"TIPO I",TÉRMICA,Gás,"Jaguatirica II",RRJII,UTE.GN.RR.044619-0.01,200000
"2022-04-20 07:00:00",N,NORTE,RR,RORAIMA,"TIPO I",TÉRMICA,Gás,"Jaguatirica II",RRJII,UTE.GN.RR.044619-0.01,200000
"2022-04-20 08:00:00",N,NORTE,RR,RORAIMA,"TIPO I",TÉRMICA,Gás,"Jaguatirica II",RRJII,UTE.GN.RR.044619-0.01,200000
"2022-04-20 09:00:00",N,NORTE,RR,RORAIMA,"TIPO I",TÉRMICA,Gás,"Jaguatirica II",RRJII,UTE.GN.RR.044619-0.01,200000
"2022-04-20 10:00:00",N,NORTE,RR,RORAIMA,"TIPO I",TÉRMICA,Gás,"Jaguatirica II",RRJII,UTE.GN.RR.044619-0.01,200000
"2022-04-20 11:00:00",N,NORTE,RR,RORAIMA,"TIPO I",TÉRMICA,Gás,"Jaguatirica II",RRJII,UTE.GN.RR.044619-0.01,200000
"2022-04-20 12:00:00",N,NORTE,RR,RORAIMA,"TIPO I",TÉRMICA,Gás,"Jaguatirica II",RRJII,UTE.GN.RR.044619-0.01,200000
"2022-04-20 13:00:00",N,NORTE,RR,RORAIMA,"TIPO I",TÉRMICA,Gás,"Jaguatirica II",RRJII,UTE.GN.RR.044619-0.01,200000
"2022-04-20 14:00:00",N,NORTE,RR,RORAIMA,"TIPO I",TÉRMICA,Gás,"Jaguatirica II",RRJII,UTE.GN.RR.044619-0.01,200000
"2022-04-20 15:00:00",N,NORTE,RR,RORAIMA,"TIPO I",TÉRMICA,Gás,"Jaguatirica II",RRJII,UTE.GN.RR.044619-0.01,200000
"2022-04-20 16:00:00",N,NORTE,RR,RORAIMA,"TIPO I",TÉRMICA,Gás,"Jaguatirica II",RRJII,UTE.GN.RR.044619-0.01,200000
"2022-04-20 17:00:00",N,NORTE,RR,RORAIMA,"TIPO I",TÉRMICA,Gás,"Jaguatirica II",RRJII,UTE.GN.RR.044619-0.01,200000
"2022-04-20 18:00:00",N,NORTE,RR,RORAIMA,"TIPO I",TÉRMICA,Gás,"Jaguatirica II",RRJII,UTE.GN.RR.044619-0.01,200000
"2022-04-20 19:00:00",N,NORTE,RR,RORAIMA,"TIPO I",TÉRMICA,Gás,"Jaguatirica II",RRJII,UTE.GN.RR.044619-0.01,200000
"2022-04-20 20:00:00",N,NORTE,RR,RORAIMA,"TIPO I",TÉRMICA,Gás,"Jaguatirica II",RRJII,UTE.GN.RR.044619-0.01,200000
"2022-04-20 21:00:00",N,NORTE,RR,RORAIMA,"TIPO I",TÉRMICA,Gás,"Jaguatirica II",RRJII,UTE.GN.RR.044619-0.01,200000
"2022-04-20 22:00:00",N,NORTE,RR,RORAIMA,"TIPO I",TÉRMICA,Gás,"Jaguatirica II",RRJII,UTE.GN.RR.044619-0.01,200000
"2022-04-20 23:00:00",N,NORTE,RR,RORAIMA,"TIPO I",TÉRMICA,Gás,"Jaguatirica II",RRJII,UTE.GN.RR.044619-0.01,200000
"2022-04-21 00:00:00",N,NORTE,RR,RORAIMA,"TIPO I",TÉRMICA,Gás,"Jaguatirica II",RRJII,UTE.GN.RR.044619-0.01,200000
"2022-04-21 01:00:00",N,NORTE,RR,RORAIMA,"TIPO I",TÉRMICA,Gás,"Jaguatirica II",RRJII,UTE.GN.RR.044619-0.01,200000
"2022-04-21 02:00:00",N,NORTE,RR,RORAIMA,"TIPO I",TÉRMICA,Gás,"Jaguatirica II",RRJII,UTE.GN.RR.044619-0.01,200000
"2022-04-21 03:00:00",N,NORTE,RR,RORAIMA,"TIPO I",TÉRMICA,Gás,"Jaguatirica II",RRJII,UTE.GN.RR.044619-0.01,200000
"2022-04-21 04:00:00",N,NORTE,RR,RORAIMA,"TIPO I",TÉRMICA,Gás,"Jaguatirica II",RRJII,UTE.GN.RR.044619-0.01,200000
"2022-04-21 05:00:00",N,NORTE,RR,RORAIMA,"TIPO I",TÉRMICA,Gás,"Jaguatirica II",RRJII,UTE.GN.RR.044619-0.01,200000
"2022-04-21 06:00:00",N,NORTE,RR,RORAIMA,"TIPO I",TÉRMICA,Gás,"Jaguatirica II",RRJII,UTE.GN.RR.044619-0.01,200000
"2022-04-21 07:00:00",N,NORTE,RR,RORAIMA,"TIPO I",TÉRMICA,Gás,"Jaguatirica II",RRJII,UTE.GN.RR.044619-0.01,200000
"2022-04-21 08:00:00",N,NORTE,RR,RORAIMA,"TIPO I",TÉRMICA,Gás,"Jaguatirica II",RRJII,UTE.GN.RR.044619-0.01,200000
"2022-04-21 09:00:00",N,NORTE,RR,RORAIMA,"TIPO I",TÉRMICA,Gás,"Jaguatirica II",RRJII,UTE.GN.RR.044619-0.01,200000
"2022-04-21 10:00:00",N,NORTE,RR,RORAIMA,"TIPO I",TÉRMICA,Gás,"Jaguatirica II",RRJII,UTE.GN.RR.044619-0.01,200000
"2022-04-21 11:00:00",N,NORTE,RR,RORAIMA,"TIPO I",TÉRMICA,Gás,"Jaguatirica II",RRJII,UTE.GN.RR.044619-0.01,200000
"2022-04-21 12:00:00",N,NORTE,RR,RORAIMA,"TIPO I",TÉRMICA,Gás,"Jaguatirica II",RRJII,UTE.GN.RR.044619-0.01,200000
"2022-04-21 13:00:00",N,NORTE,RR,RORAIMA,"TIPO I",TÉRMICA,Gás,"Jaguatirica II",RRJII,UTE.GN.RR.044619-0.01,200000
"2022-04-21 14:00:00",N,NORTE,RR,RORAIMA,"TIPO I",TÉRMICA,Gás,"Jaguatirica II",RRJII,UTE.GN.RR.044619-0.01,200000
"2022-04-21 15:00:00",N,NORTE,RR,RORAIMA,"TIPO I",TÉRMICA,Gás,"Jaguatirica II",RRJII,UTE.GN.RR.044619-0.01,200000
"2022-04-21 16:00:00",N,NORTE,RR,RORAIMA,"TIPO I",TÉRMICA,Gás,"Jaguatirica II",RRJII,UTE.GN.RR.044619-0.01,200000
"2022-04-21 17:00:00",N,NORTE,RR,RORAIMA,"TIPO I",TÉRMICA,Gás,"Jaguatirica II",RRJII,UTE.GN.RR.044619-0.01,200000
"2022-04-21 18:00:00",N,NORTE,RR,RORAIMA,"TIPO I",TÉRMICA,Gás,"Jaguatirica II",RRJII,UTE.GN.RR.044619-0.01,200000
"2022-04-21 19:00:00",N,NORTE,RR,RORAIMA,"TIPO I",TÉRMICA,Gás,"Jaguatirica II",RRJII,UTE.GN.RR.044619-0.01,200000
"2022-04-21 20:00:00",N,NORTE,RR,RORAIMA,"TIPO I",TÉRMICA,Gás,"Jaguatirica II",RRJII,UTE.GN.RR.044619-0.01,200000
"2022-04-21 21:00:00",N,NORTE,RR,RORAIMA,"TIPO I",TÉRMICA,Gás,"Jaguatirica II",RRJII,UTE.GN.RR.044619-0.01,200000
"2022-04-21 22:00:00",N,NORTE,RR,RORAIMA,"TIPO I",TÉRMICA,Gás,"Jaguatirica II",RRJII,UTE.GN.RR.044619-0.01,200000
"2022-04-21 23:00:00",N,NORTE,RR,RORAIMA,"TIPO I",TÉRMICA,Gás,"Jaguatirica II",RRJII,UTE.GN.RR.044619-0.01,200000
"2022-04-22 00:00:00",N,NORTE,RR,RORAIMA,"TIPO I",TÉRMICA,Gás,"Jaguatirica II",RRJII,UTE.GN.RR.044619-0.01,200000
"2022-04-22 01:00:00",N,NORTE,RR,RORAIMA,"TIPO I",TÉRMICA,Gás,"Jaguatirica II",RRJII,UTE.GN.RR.044619-0.01,200000
"2022-04-22 02:00:00",N,NORTE,RR,RORAIMA,"TIPO I",TÉRMICA,Gás,"Jaguatirica II",RRJII,UTE.GN.RR.044619-0.01,200000
"2022-04-22 03:00:00",N,NORTE,RR,RORAIMA,"TIPO I",TÉRMICA,Gás,"Jaguatirica II",RRJII,UTE.GN.RR.044619-0.01,200000
"2022-04-22 04:00:00",N,NORTE,RR,RORAIMA,"TIPO I",TÉRMICA,Gás,"Jaguatirica II",RRJII,UTE.GN.RR.044619-0.01,200000
"2022-04-22 05:00:00",N,NORTE,RR,RORAIMA,"TIPO I",TÉRMICA,Gás,"Jaguatirica II",RRJII,UTE.GN.RR.044619-0.01,200000
"2022-04-22 06:00:00",N,NORTE,RR,RORAIMA,"TIPO I",TÉRMICA,Gás,"Jaguatirica II",RRJII,UTE.GN.RR.044619-0.01,200000
"2022-04-22 07:00:00",N,NORTE,RR,RORAIMA,"TIPO I",TÉRMICA,Gás,"Jaguatirica II",RRJII,UTE.GN.RR.044619-0.01,200000
"2022-04-22 08:00:00",N,NORTE,RR,RORAIMA,"TIPO I",TÉRMICA,Gás,"Jaguatirica II",RRJII,UTE.GN.RR.044619-0.01,200000
"2022-04-22 09:00:00",N,NORTE,RR,RORAIMA,"TIPO I",TÉRMICA,Gás,"Jaguatirica II",RRJII,UTE.GN.RR.044619-0.01,200000
"2022-04-22 10:00:00",N,NORTE,RR,RORAIMA,"TIPO I",TÉRMICA,Gás,"Jaguatirica II",RRJII,UTE.GN.RR.044619-0.01,200000
"2022-04-22 11:00:00",N,NORTE,RR,RORAIMA,"TIPO I",TÉRMICA,Gás,"Jaguatirica II",RRJII,UTE.GN.RR.044619-0.01,200000
"2022-04-22 12:00:00",N,NORTE,RR,RORAIMA,"TIPO I",TÉRMICA,Gás,"Jaguatirica II",RRJII,UTE.GN.RR.044619-0.01,200000
"2022-04-22 13:00:00",N,NORTE,RR,RORAIMA,"TIPO I",TÉRMICA,Gás,"Jaguatirica II",RRJII,UTE.GN.RR.044619-0.01,200000
"2022-04-22 14:00:00",N,NORTE,RR,RORAIMA,"TIPO I",TÉRMICA,Gás,"Jaguatirica II",RRJII,UTE.GN.RR.044619-0.01,200000
"2022-04-22 15:00:00",N,NORTE,RR,RORAIMA,"TIPO I",TÉRMICA,Gás,"Jaguatirica II",RRJII,UTE.GN.RR.044619-0.01,200000
"2022-04-22 16:00:00",N,NORTE,RR,RORAIMA,"TIPO I",TÉRMICA,Gás,"Jaguatirica II",RRJII,UTE.GN.RR.044619-0.01,200000
"2022-04-22 17:00:00",N,NORTE,RR,RORAIMA,"TIPO I",TÉRMICA,Gás,"Jaguatirica II",RRJII,UTE.GN.RR.044619-0.01,200000
"2022-04-22 18:00:00",N,NORTE,RR,RORAIMA,"TIPO I",TÉRMICA,Gás,"Jaguatirica II",RRJII,UTE.GN.RR.044619-0.01,200000
"2022-04-22 19:00:00",N,NORTE,RR,RORAIMA,"TIPO I",TÉRMICA,Gás,"Jaguatirica II",RRJII,UTE.GN.RR.044619-0.01,200000
"2022-04-22 20:00:00",N,NORTE,RR,RORAIMA,"TIPO I",TÉRMICA,Gás,"Jaguatirica II",RRJII,UTE.GN.RR.044619-0.01,200000
"2022-04-22 21:00:00",N,NORTE,RR,RORAIMA,"TIPO I",TÉRMICA,Gás,"Jaguatirica II",RRJII,UTE.GN.RR.044619-0.01,200000
"2022-04-22 22:00:00",N,NORTE,RR,RORAIMA,"TIPO I",TÉRMICA,Gás,"Jaguatirica II",RRJII,UTE.GN.RR.044619-0.01,200000
"2022-04-22 23:00:00",N,NORTE,RR,RORAIMA,"TIPO I",TÉRMICA,Gás,"Jaguatirica II",RRJII,UTE.GN.RR.044619-0.01,200000
"2022-04-23 00:00:00",N,NORTE,RR,RORAIMA,"TIPO I",TÉRMICA,Gás,"Jaguatirica II",RRJII,UTE.GN.RR.044619-0.01,200000
"2022-04-23 01:00:00",N,NORTE,RR,RORAIMA,"TIPO I",TÉRMICA,Gás,"Jaguatirica II",RRJII,UTE.GN.RR.044619-0.01,200000
"2022-04-23 02:00:00",N,NORTE,RR,RORAIMA,"TIPO I",TÉRMICA,Gás,"Jaguatirica II",RRJII,UTE.GN.RR.044619-0.01,200000
"2022-04-23 03:00:00",N,NORTE,RR,RORAIMA,"TIPO I",TÉRMICA,Gás,"Jaguatirica II",RRJII,UTE.GN.RR.044619-0.01,200000
"2022-04-23 04:00:00",N,NORTE,RR,RORAIMA,"TIPO I",TÉRMICA,Gás,"Jaguatirica II",RRJII,UTE.GN.RR.044619-0.01,200000
"2022-04-23 05:00:00",N,NORTE,RR,RORAIMA,"TIPO I",TÉRMICA,Gás,"Jaguatirica II",RRJII,UTE.GN.RR.044619-0.01,200000
"2022-04-23 06:00:00",N,NORTE,RR,RORAIMA,"TIPO I",TÉRMICA,Gás,"Jaguatirica II",RRJII,UTE.GN.RR.044619-0.01,200000
"2022-04-23 07:00:00",N,NORTE,RR,RORAIMA,"TIPO I",TÉRMICA,Gás,"Jaguatirica II",RRJII,UTE.GN.RR.044619-0.01,200000
"2022-04-23 08:00:00",N,NORTE,RR,RORAIMA,"TIPO I",TÉRMICA,Gás,"Jaguatirica II",RRJII,UTE.GN.RR.044619-0.01,200000
"2022-04-23 09:00:00",N,NORTE,RR,RORAIMA,"TIPO I",TÉRMICA,Gás,"Jaguatirica II",RRJII,UTE.GN.RR.044619-0.01,200000
"2022-04-23 10:00:00",N,NORTE,RR,RORAIMA,"TIPO I",TÉRMICA,Gás,"Jaguatirica II",RRJII,UTE.GN.RR.044619-0.01,200000
"2022-04-23 11:00:00",N,NORTE,RR,RORAIMA,"TIPO I",TÉRMICA,Gás,"Jaguatirica II",RRJII,UTE.GN.RR.044619-0.01,200000
"2022-04-23 12:00:00",N,NORTE,RR,RORAIMA,"TIPO I",TÉRMICA,Gás,"Jaguatirica II",RRJII,UTE.GN.RR.044619-0.01,200000
"2022-04-23 13:00:00",N,NORTE,RR,RORAIMA,"TIPO I",TÉRMICA,Gás,"Jaguatirica II",RRJII,UTE.GN.RR.044619-0.01,200000
"2022-04-23 14:00:00",N,NORTE,RR,RORAIMA,"TIPO I",TÉRMICA,Gás,"Jaguatirica II",RRJII,UTE.GN.RR.044619-0.01,200000
"2022-04-23 15:00:00",N,NORTE,RR,RORAIMA,"TIPO I",TÉRMICA,Gás,"Jaguatirica II",RRJII,UTE.GN.RR.044619-0.01,200000
"2022-04-23 16:00:00",N,NORTE,RR,RORAIMA,"TIPO I",TÉRMICA,Gás,"Jaguatirica II",RRJII,UTE.GN.RR.044619-0.01,200000
"2022-04-23 17:00:00",N,NORTE,RR,RORAIMA,"TIPO I",TÉRMICA,Gás,"Jaguatirica II",RRJII,UTE.GN.RR.044619-0.01,200000
"2022-04-23 18:00:00",N,NORTE,RR,RORAIMA,"TIPO I",TÉRMICA,Gás,"Jaguatirica II",RRJII,UTE.GN.RR.044619-0.01,200000
"2022-04-23 19:00:00",N,NORTE,RR,RORAIMA,"TIPO I",TÉRMICA,Gás,"Jaguatirica II",RRJII,UTE.GN.RR.044619-0.01,200000
"2022-04-23 20:00:00",N,NORTE,RR,RORAIMA,"TIPO I",TÉRMICA,Gás,"Jaguatirica II",RRJII,UTE.GN.RR.044619-0.01,200000
"2022-04-23 21:00:00",N,NORTE,RR,RORAIMA,"TIPO I",TÉRMICA,Gás,"Jaguatirica II",RRJII,UTE.GN.RR.044619-0.01,200000
"2022-04-23 22:00:00",N,NORTE,RR,RORAIMA,"TIPO I",TÉRMICA,Gás,"Jaguatirica II",RRJII,UTE.GN.RR.044619-0.01,200000
"2022-04-23 23:00:00",N,NORTE,RR,RORAIMA,"TIPO I",TÉRMICA,Gás,"Jaguatirica II",RRJII,UTE.GN.RR.044619-0.01,200000
"2022-04-24 00:00:00",N,NORTE,RR,RORAIMA,"TIPO I",TÉRMICA,Gás,"Jaguatirica II",RRJII,UTE.GN.RR.044619-0.01,200000
"2022-04-24 01:00:00",N,NORTE,RR,RORAIMA,"TIPO I",TÉRMICA,Gás,"Jaguatirica II",RRJII,UTE.GN.RR.044619-0.01,200000
"2022-04-24 02:00:00",N,NORTE,RR,RORAIMA,"TIPO I",TÉRMICA,Gás,"Jaguatirica II",RRJII,UTE.GN.RR.044619-0.01,200000
"2022-04-24 03:00:00",N,NORTE,RR,RORAIMA,"TIPO I",TÉRMICA,Gás,"Jaguatirica II",RRJII,UTE.GN.RR.044619-0.01,200000
"2022-04-24 04:00:00",N,NORTE,RR,RORAIMA,"TIPO I",TÉRMICA,Gás,"Jaguatirica II",RRJII,UTE.GN.RR.044619-0.01,200000
"2022-04-24 05:00:00",N,NORTE,RR,RORAIMA,"TIPO I",TÉRMICA,Gás,"Jaguatirica II",RRJII,UTE.GN.RR.044619-0.01,200000
"2022-04-24 06:00:00",N,NORTE,RR,RORAIMA,"TIPO I",TÉRMICA,Gás,"Jaguatirica II",RRJII,UTE.GN.RR.044619-0.01,200000
"2022-04-24 07:00:00",N,NORTE,RR,RORAIMA,"TIPO I",TÉRMICA,Gás,"Jaguatirica II",RRJII,UTE.GN.RR.044619-0.01,200000
"2022-04-24 08:00:00",N,NORTE,RR,RORAIMA,"TIPO I",TÉRMICA,Gás,"Jaguatirica II",RRJII,UTE.GN.RR.044619-0.01,200000
"2022-04-24 09:00:00",N,NORTE,RR,RORAIMA,"TIPO I",TÉRMICA,Gás,"Jaguatirica II",RRJII,UTE.GN.RR.044619-0.01,200000
"2022-04-24 10:00:00",N,NORTE,RR,RORAIMA,"TIPO I",TÉRMICA,Gás,"Jaguatirica II",RRJII,UTE.GN.RR.044619-0.01,200000
"2022-04-24 11:00:00",N,NORTE,RR,RORAIMA,"TIPO I",TÉRMICA,Gás,"Jaguatirica II",RRJII,UTE.GN.RR.044619-0.01,200000
"2022-04-24 12:00:00",N,NORTE,RR,RORAIMA,"TIPO I",TÉRMICA,Gás,"Jaguatirica II",RRJII,UTE.GN.RR.044619-0.01,200000
"2022-04-24 13:00:00",N,NORTE,RR,RORAIMA,"TIPO I",TÉRMICA,Gás,"Jaguatirica II",RRJII,UTE.GN.RR.044619-0.01,200000
"2022-04-24 14:00:00",N,NORTE,RR,RORAIMA,"TIPO I",TÉRMICA,Gás,"Jaguatirica II",RRJII,UTE.GN.RR.044619-0.01,200000
"2022-04-24 15:00:00",N,NORTE,RR,RORAIMA,"TIPO I",TÉRMICA,Gás,"Jaguatirica II",RRJII,UTE.GN.RR.044619-0.01,200000
"2022-04-24 16:00:00",N,NORTE,RR,RORAIMA,"TIPO I",TÉRMICA,Gás,"Jaguatirica II",RRJII,UTE.GN.RR.044619-0.01,200000
"2022-04-24 17:00:00",N,NORTE,RR,RORAIMA,"TIPO I",TÉRMICA,Gás,"Jaguatirica II",RRJII,UTE.GN.RR.044619-0.01,200000
"2022-04-24 18:00:00",N,NORTE,RR,RORAIMA,"TIPO I",TÉRMICA,Gás,"Jaguatirica II",RRJII,UTE.GN.RR.044619-0.01,200000
"2022-04-24 19:00:00",N,NORTE,RR,RORAIMA,"TIPO I",TÉRMICA,Gás,"Jaguatirica II",RRJII,UTE.GN.RR.044619-0.01,200000
"2022-04-24 20:00:00",N,NORTE,RR,RORAIMA,"TIPO I",TÉRMICA,Gás,"Jaguatirica II",RRJII,UTE.GN.RR.044619-0.01,200000
"2022-04-24 21:00:00",N,NORTE,RR,RORAIMA,"TIPO I",TÉRMICA,Gás,"Jaguatirica II",RRJII,UTE.GN.RR.044619-0.01,200000
"2022-04-24 22:00:00",N,NORTE,RR,RORAIMA,"TIPO I",TÉRMICA,Gás,"Jaguatirica II",RRJII,UTE.GN.RR.044619-0.01,200000
"2022-04-24 23:00:00",N,NORTE,RR,RORAIMA,"TIPO I",TÉRMICA,Gás,"Jaguatirica II",RRJII,UTE.GN.RR.044619-0.01,200000
"2022-04-25 00:00:00",N,NORTE,RR,RORAIMA,"TIPO I",TÉRMICA,Gás,"Jaguatirica II",RRJII,UTE.GN.RR.044619-0.01,200000
"2022-04-25 01:00:00",N,NORTE,RR,RORAIMA,"TIPO I",TÉRMICA,Gás,"Jaguatirica II",RRJII,UTE.GN.RR.044619-0.01,200000
"2022-04-25 02:00:00",N,NORTE,RR,RORAIMA,"TIPO I",TÉRMICA,Gás,"Jaguatirica II",RRJII,UTE.GN.RR.044619-0.01,200000
"2022-04-25 03:00:00",N,NORTE,RR,RORAIMA,"TIPO I",TÉRMICA,Gás,"Jaguatirica II",RRJII,UTE.GN.RR.044619-0.01,200000
"2022-04-25 04:00:00",N,NORTE,RR,RORAIMA,"TIPO I",TÉRMICA,Gás,"Jaguatirica II",RRJII,UTE.GN.RR.044619-0.01,200000
"2022-04-25 05:00:00",N,NORTE,RR,RORAIMA,"TIPO I",TÉRMICA,Gás,"Jaguatirica II",RRJII,UTE.GN.RR.044619-0.01,200000
"2022-04-25 06:00:00",N,NORTE,RR,RORAIMA,"TIPO I",TÉRMICA,Gás,"Jaguatirica II",RRJII,UTE.GN.RR.044619-0.01,200000
"2022-04-25 07:00:00",N,NORTE,RR,RORAIMA,"TIPO I",TÉRMICA,Gás,"Jaguatirica II",RRJII,UTE.GN.RR.044619-0.01,200000
"2022-04-25 08:00:00",N,NORTE,RR,RORAIMA,"TIPO I",TÉRMICA,Gás,"Jaguatirica II",RRJII,UTE.GN.RR.044619-0.01,200000
"2022-04-25 09:00:00",N,NORTE,RR,RORAIMA,"TIPO I",TÉRMICA,Gás,"Jaguatirica II",RRJII,UTE.GN.RR.044619-0.01,200000
"2022-04-25 10:00:00",N,NORTE,RR,RORAIMA,"TIPO I",TÉRMICA,Gás,"Jaguatirica II",RRJII,UTE.GN.RR.044619-0.01,200000
"2022-04-25 11:00:00",N,NORTE,RR,RORAIMA,"TIPO I",TÉRMICA,Gás,"Jaguatirica II",RRJII,UTE.GN.RR.044619-0.01,200000
"2022-04-25 12:00:00",N,NORTE,RR,RORAIMA,"TIPO I",TÉRMICA,Gás,"Jaguatirica II",RRJII,UTE.GN.RR.044619-0.01,200000
"2022-04-25 13:00:00",N,NORTE,RR,RORAIMA,"TIPO I",TÉRMICA,Gás,"Jaguatirica II",RRJII,UTE.GN.RR.044619-0.01,200000
"2022-04-25 14:00:00",N,NORTE,RR,RORAIMA,"TIPO I",TÉRMICA,Gás,"Jaguatirica II",RRJII,UTE.GN.RR.044619-0.01,200000
"2022-04-25 15:00:00",N,NORTE,RR,RORAIMA,"TIPO I",TÉRMICA,Gás,"Jaguatirica II",RRJII,UTE.GN.RR.044619-0.01,200000
"2022-04-25 16:00:00",N,NORTE,RR,RORAIMA,"TIPO I",TÉRMICA,Gás,"Jaguatirica II",RRJII,UTE.GN.RR.044619-0.01,200000
"2022-04-25 17:00:00",N,NORTE,RR,RORAIMA,"TIPO I",TÉRMICA,Gás,"Jaguatirica II",RRJII,UTE.GN.RR.044619-0.01,200000
"2022-04-25 18:00:00",N,NORTE,RR,RORAIMA,"TIPO I",TÉRMICA,Gás,"Jaguatirica II",RRJII,UTE.GN.RR.044619-0.01,200000
"2022-04-25 19:00:00",N,NORTE,RR,RORAIMA,"TIPO I",TÉRMICA,Gás,"Jaguatirica II",RRJII,UTE.GN.RR.044619-0.01,200000
"2022-04-25 20:00:00",N,NORTE,RR,RORAIMA,"TIPO I",TÉRMICA,Gás,"Jaguatirica II",RRJII,UTE.GN.RR.044619-0.01,200000
"2022-04-25 21:00:00",N,NORTE,RR,RORAIMA,"TIPO I",TÉRMICA,Gás,"Jaguatirica II",RRJII,UTE.GN.RR.044619-0.01,200000
"2022-04-25 22:00:00",N,NORTE,RR,RORAIMA,"TIPO I",TÉRMICA,Gás,"Jaguatirica II",RRJII,UTE.GN.RR.044619-0.01,200000
"2022-04-25 23:00:00",N,NORTE,RR,RORAIMA,"TIPO I",TÉRMICA,Gás,"Jaguatirica II",RRJII,UTE.GN.RR.044619-0.01,200000
"2022-04-26 00:00:00",N,NORTE,RR,RORAIMA,"TIPO I",TÉRMICA,Gás,"Jaguatirica II",RRJII,UTE.GN.RR.044619-0.01,200000
"2022-04-26 01:00:00",N,NORTE,RR,RORAIMA,"TIPO I",TÉRMICA,Gás,"Jaguatirica II",RRJII,UTE.GN.RR.044619-0.01,200000
"2022-04-26 02:00:00",N,NORTE,RR,RORAIMA,"TIPO I",TÉRMICA,Gás,"Jaguatirica II",RRJII,UTE.GN.RR.044619-0.01,200000
"2022-04-26 03:00:00",N,NORTE,RR,RORAIMA,"TIPO I",TÉRMICA,Gás,"Jaguatirica II",RRJII,UTE.GN.RR.044619-0.01,200000
"2022-04-26 04:00:00",N,NORTE,RR,RORAIMA,"TIPO I",TÉRMICA,Gás,"Jaguatirica II",RRJII,UTE.GN.RR.044619-0.01,200000
"2022-04-26 05:00:00",N,NORTE,RR,RORAIMA,"TIPO I",TÉRMICA,Gás,"Jaguatirica II",RRJII,UTE.GN.RR.044619-0.01,200000
"2022-04-26 06:00:00",N,NORTE,RR,RORAIMA,"TIPO I",TÉRMICA,Gás,"Jaguatirica II",RRJII,UTE.GN.RR.044619-0.01,200000
"2022-04-26 07:00:00",N,NORTE,RR,RORAIMA,"TIPO I",TÉRMICA,Gás,"Jaguatirica II",RRJII,UTE.GN.RR.044619-0.01,200000
"2022-04-26 08:00:00",N,NORTE,RR,RORAIMA,"TIPO I",TÉRMICA,Gás,"Jaguatirica II",RRJII,UTE.GN.RR.044619-0.01,200000
"2022-04-26 09:00:00",N,NORTE,RR,RORAIMA,"TIPO I",TÉRMICA,Gás,"Jaguatirica II",RRJII,UTE.GN.RR.044619-0.01,200000
"2022-04-26 10:00:00",N,NORTE,RR,RORAIMA,"TIPO I",TÉRMICA,Gás,"Jaguatirica II",RRJII,UTE.GN.RR.044619-0.01,200000
"2022-04-26 11:00:00",N,NORTE,RR,RORAIMA,"TIPO I",TÉRMICA,Gás,"Jaguatirica II",RRJII,UTE.GN.RR.044619-0.01,200000
"2022-04-26 12:00:00",N,NORTE,RR,RORAIMA,"TIPO I",TÉRMICA,Gás,"Jaguatirica II",RRJII,UTE.GN.RR.044619-0.01,200000
"2022-04-26 13:00:00",N,NORTE,RR,RORAIMA,"TIPO I",TÉRMICA,Gás,"Jaguatirica II",RRJII,UTE.GN.RR.044619-0.01,200000
"2022-04-26 14:00:00",N,NORTE,RR,RORAIMA,"TIPO I",TÉRMICA,Gás,"Jaguatirica II",RRJII,UTE.GN.RR.044619-0.01,200000
"2022-04-26 15:00:00",N,NORTE,RR,RORAIMA,"TIPO I",TÉRMICA,Gás,"Jaguatirica II",RRJII,UTE.GN.RR.044619-0.01,200000
"2022-04-26 16:00:00",N,NORTE,RR,RORAIMA,"TIPO I",TÉRMICA,Gás,"Jaguatirica II",RRJII,UTE.GN.RR.044619-0.01,200000
"2022-04-26 17:00:00",N,NORTE,RR,RORAIMA,"TIPO I",TÉRMICA,Gás,"Jaguatirica II",RRJII,UTE.GN.RR.044619-0.01,200000
"2022-04-26 18:00:00",N,NORTE,RR,RORAIMA,"TIPO I",TÉRMICA,Gás,"Jaguatirica II",RRJII,UTE.GN.RR.044619-0.01,200000
"2022-04-26 19:00:00",N,NORTE,RR,RORAIMA,"TIPO I",TÉRMICA,Gás,"Jaguatirica II",RRJII,UTE.GN.RR.044619-0.01,200000
"2022-04-26 20:00:00",N,NORTE,RR,RORAIMA,"TIPO I",TÉRMICA,Gás,"Jaguatirica II",RRJII,UTE.GN.RR.044619-0.01,200000
"2022-04-26 21:00:00",N,NORTE,RR,RORAIMA,"TIPO I",TÉRMICA,Gás,"Jaguatirica II",RRJII,UTE.GN.RR.044619-0.01,200000
"2022-04-26 22:00:00",N,NORTE,RR,RORAIMA,"TIPO I",TÉRMICA,Gás,"Jaguatirica II",RRJII,UTE.GN.RR.044619-0.01,200000
"2022-04-26 23:00:00",N,NORTE,RR,RORAIMA,"TIPO I",TÉRMICA,Gás,"Jaguatirica II",RRJII,UTE.GN.RR.044619-0.01,200000
"2022-04-27 00:00:00",N,NORTE,RR,RORAIMA,"TIPO I",TÉRMICA,Gás,"Jaguatirica II",RRJII,UTE.GN.RR.044619-0.01,200000
"2022-04-27 01:00:00",N,NORTE,RR,RORAIMA,"TIPO I",TÉRMICA,Gás,"Jaguatirica II",RRJII,UTE.GN.RR.044619-0.01,200000
"2022-04-27 02:00:00",N,NORTE,RR,RORAIMA,"TIPO I",TÉRMICA,Gás,"Jaguatirica II",RRJII,UTE.GN.RR.044619-0.01,200000
"2022-04-27 03:00:00",N,NORTE,RR,RORAIMA,"TIPO I",TÉRMICA,Gás,"Jaguatirica II",RRJII,UTE.GN.RR.044619-0.01,200000
"2022-04-27 04:00:00",N,NORTE,RR,RORAIMA,"TIPO I",TÉRMICA,Gás,"Jaguatirica II",RRJII,UTE.GN.RR.044619-0.01,200000
"2022-04-27 05:00:00",N,NORTE,RR,RORAIMA,"TIPO I",TÉRMICA,Gás,"Jaguatirica II",RRJII,UTE.GN.RR.044619-0.01,200000
"2022-04-27 06:00:00",N,NORTE,RR,RORAIMA,"TIPO I",TÉRMICA,Gás,"Jaguatirica II",RRJII,UTE.GN.RR.044619-0.01,200000
"2022-04-27 07:00:00",N,NORTE,RR,RORAIMA,"TIPO I",TÉRMICA,Gás,"Jaguatirica II",RRJII,UTE.GN.RR.044619-0.01,200000
"2022-04-27 08:00:00",N,NORTE,RR,RORAIMA,"TIPO I",TÉRMICA,Gás,"Jaguatirica II",RRJII,UTE.GN.RR.044619-0.01,200000
"2022-04-27 09:00:00",N,NORTE,RR,RORAIMA,"TIPO I",TÉRMICA,Gás,"Jaguatirica II",RRJII,UTE.GN.RR.044619-0.01,200000
"2022-04-27 10:00:00",N,NORTE,RR,RORAIMA,"TIPO I",TÉRMICA,Gás,"Jaguatirica II",RRJII,UTE.GN.RR.044619-0.01,200000
"2022-04-27 11:00:00",N,NORTE,RR,RORAIMA,"TIPO I",TÉRMICA,Gás,"Jaguatirica II",RRJII,UTE.GN.RR.044619-0.01,200000
"2022-04-27 12:00:00",N,NORTE,RR,RORAIMA,"TIPO I",TÉRMICA,Gás,"Jaguatirica II",RRJII,UTE.GN.RR.044619-0.01,200000
"2022-04-27 13:00:00",N,NORTE,RR,RORAIMA,"TIPO I",TÉRMICA,Gás,"Jaguatirica II",RRJII,UTE.GN.RR.044619-0.01,200000
"2022-04-27 14:00:00",N,NORTE,RR,RORAIMA,"TIPO I",TÉRMICA,Gás,"Jaguatirica II",RRJII,UTE.GN.RR.044619-0.01,200000
"2022-04-27 15:00:00",N,NORTE,RR,RORAIMA,"TIPO I",TÉRMICA,Gás,"Jaguatirica II",RRJII,UTE.GN.RR.044619-0.01,200000
"2022-04-27 16:00:00",N,NORTE,RR,RORAIMA,"TIPO I",TÉRMICA,Gás,"Jaguatirica II",RRJII,UTE.GN.RR.044619-0.01,200000
"2022-04-27 17:00:00",N,NORTE,RR,RORAIMA,"TIPO I",TÉRMICA,Gás,"Jaguatirica II",RRJII,UTE.GN.RR.044619-0.01,200000
"2022-04-27 18:00:00",N,NORTE,RR,RORAIMA,"TIPO I",TÉRMICA,Gás,"Jaguatirica II",RRJII,UTE.GN.RR.044619-0.01,200000
"2022-04-27 19:00:00",N,NORTE,RR,RORAIMA,"TIPO I",TÉRMICA,Gás,"Jaguatirica II",RRJII,UTE.GN.RR.044619-0.01,200000
"2022-04-27 20:00:00",N,NORTE,RR,RORAIMA,"TIPO I",TÉRMICA,Gás,"Jaguatirica II",RRJII,UTE.GN.RR.044619-0.01,200000
"2022-04-27 21:00:00",N,NORTE,RR,RORAIMA,"TIPO I",TÉRMICA,Gás,"Jaguatirica II",RRJII,UTE.GN.RR.044619-0.01,200000
"2022-04-27 22:00:00",N,NORTE,RR,RORAIMA,"TIPO I",TÉRMICA,Gás,"Jaguatirica II",RRJII,UTE.GN.RR.044619-0.01,200000
"2022-04-27 23:00:00",N,NORTE,RR,RORAIMA,"TIPO I",TÉRMICA,Gás,"Jaguatirica II",RRJII,UTE.GN.RR.044619-0.01,200000
"2022-04-28 00:00:00",N,NORTE,RR,RORAIMA,"TIPO I",TÉRMICA,Gás,"Jaguatirica II",RRJII,UTE.GN.RR.044619-0.01,200000
"2022-04-28 01:00:00",N,NORTE,RR,RORAIMA,"TIPO I",TÉRMICA,Gás,"Jaguatirica II",RRJII,UTE.GN.RR.044619-0.01,200000
"2022-04-28 02:00:00",N,NORTE,RR,RORAIMA,"TIPO I",TÉRMICA,Gás,"Jaguatirica II",RRJII,UTE.GN.RR.044619-0.01,200000
"2022-04-28 03:00:00",N,NORTE,RR,RORAIMA,"TIPO I",TÉRMICA,Gás,"Jaguatirica II",RRJII,UTE.GN.RR.044619-0.01,200000
"2022-04-28 04:00:00",N,NORTE,RR,RORAIMA,"TIPO I",TÉRMICA,Gás,"Jaguatirica II",RRJII,UTE.GN.RR.044619-0.01,200000
"2022-04-28 05:00:00",N,NORTE,RR,RORAIMA,"TIPO I",TÉRMICA,Gás,"Jaguatirica II",RRJII,UTE.GN.RR.044619-0.01,200000
"2022-04-28 06:00:00",N,NORTE,RR,RORAIMA,"TIPO I",TÉRMICA,Gás,"Jaguatirica II",RRJII,UTE.GN.RR.044619-0.01,200000
"2022-04-28 07:00:00",N,NORTE,RR,RORAIMA,"TIPO I",TÉRMICA,Gás,"Jaguatirica II",RRJII,UTE.GN.RR.044619-0.01,63000000
"2022-04-28 08:00:00",N,NORTE,RR,RORAIMA,"TIPO I",TÉRMICA,Gás,"Jaguatirica II",RRJII,UTE.GN.RR.044619-0.01,200000
"2022-04-28 09:00:00",N,NORTE,RR,RORAIMA,"TIPO I",TÉRMICA,Gás,"Jaguatirica II",RRJII,UTE.GN.RR.044619-0.01,4300000
"2022-04-28 10:00:00",N,NORTE,RR,RORAIMA,"TIPO I",TÉRMICA,Gás,"Jaguatirica II",RRJII,UTE.GN.RR.044619-0.01,981800000
"2022-04-28 11:00:00",N,NORTE,RR,RORAIMA,"TIPO I",TÉRMICA,Gás,"Jaguatirica II",RRJII,UTE.GN.RR.044619-0.01,2637500000
"2022-04-28 12:00:00",N,NORTE,RR,RORAIMA,"TIPO I",TÉRMICA,Gás,"Jaguatirica II",RRJII,UTE.GN.RR.044619-0.01,3202900000
"2022-04-28 13:00:00",N,NORTE,RR,RORAIMA,"TIPO I",TÉRMICA,Gás,"Jaguatirica II",RRJII,UTE.GN.RR.044619-0.01,3118900000
"2022-04-28 14:00:00",N,NORTE,RR,RORAIMA,"TIPO I",TÉRMICA,Gás,"Jaguatirica II",RRJII,UTE.GN.RR.044619-0.01,2899900000
"2022-04-28 15:00:00",N,NORTE,RR,RORAIMA,"TIPO I",TÉRMICA,Gás,"Jaguatirica II",RRJII,UTE.GN.RR.044619-0.01,2507100000
"2022-04-28 16:00:00",N,NORTE,RR,RORAIMA,"TIPO I",TÉRMICA,Gás,"Jaguatirica II",RRJII,UTE.GN.RR.044619-0.01,5960400000
"2022-04-28 17:00:00",N,NORTE,RR,RORAIMA,"TIPO I",TÉRMICA,Gás,"Jaguatirica II",RRJII,UTE.GN.RR.044619-0.01,7262200000
"2022-04-28 18:00:00",N,NORTE,RR,RORAIMA,"TIPO I",TÉRMICA,Gás,"Jaguatirica II",RRJII,UTE.GN.RR.044619-0.01,7201500000
"2022-04-28 19:00:00",N,NORTE,RR,RORAIMA,"TIPO I",TÉRMICA,Gás,"Jaguatirica II",RRJII,UTE.GN.RR.044619-0.01,7494700000
"2022-04-28 20:00:00",N,NORTE,RR,RORAIMA,"TIPO I",TÉRMICA,Gás,"Jaguatirica II",RRJII,UTE.GN.RR.044619-0.01,7491000000
"2022-04-28 21:00:00",N,NORTE,RR,RORAIMA,"TIPO I",TÉRMICA,Gás,"Jaguatirica II",RRJII,UTE.GN.RR.044619-0.01,7483500000
"2022-04-28 22:00:00",N,NORTE,RR,RORAIMA,"TIPO I",TÉRMICA,Gás,"Jaguatirica II",RRJII,UTE.GN.RR.044619-0.01,7644800000
"2022-04-28 23:00:00",N,NORTE,RR,RORAIMA,"TIPO I",TÉRMICA,Gás,"Jaguatirica II",RRJII,UTE.GN.RR.044619-0.01,4931500000
"2022-04-29 00:00:00",N,NORTE,RR,RORAIMA,"TIPO I",TÉRMICA,Gás,"Jaguatirica II",RRJII,UTE.GN.RR.044619-0.01,2739000000
"2022-04-29 01:00:00",N,NORTE,RR,RORAIMA,"TIPO I",TÉRMICA,Gás,"Jaguatirica II",RRJII,UTE.GN.RR.044619-0.01,4103700000
"2022-04-29 02:00:00",N,NORTE,RR,RORAIMA,"TIPO I",TÉRMICA,Gás,"Jaguatirica II",RRJII,UTE.GN.RR.044619-0.01,4884800000
"2022-04-29 03:00:00",N,NORTE,RR,RORAIMA,"TIPO I",TÉRMICA,Gás,"Jaguatirica II",RRJII,UTE.GN.RR.044619-0.01,4951500000
"2022-04-29 04:00:00",N,NORTE,RR,RORAIMA,"TIPO I",TÉRMICA,Gás,"Jaguatirica II",RRJII,UTE.GN.RR.044619-0.01,4989800000
"2022-04-29 05:00:00",N,NORTE,RR,RORAIMA,"TIPO I",TÉRMICA,Gás,"Jaguatirica II",RRJII,UTE.GN.RR.044619-0.01,4991000000
"2022-04-29 06:00:00",N,NORTE,RR,RORAIMA,"TIPO I",TÉRMICA,Gás,"Jaguatirica II",RRJII,UTE.GN.RR.044619-0.01,4963900000
"2022-04-29 07:00:00",N,NORTE,RR,RORAIMA,"TIPO I",TÉRMICA,Gás,"Jaguatirica II",RRJII,UTE.GN.RR.044619-0.01,3763200000
"2022-04-29 08:00:00",N,NORTE,RR,RORAIMA,"TIPO I",TÉRMICA,Gás,"Jaguatirica II",RRJII,UTE.GN.RR.044619-0.01,3070100000
"2022-04-29 09:00:00",N,NORTE,RR,RORAIMA,"TIPO I",TÉRMICA,Gás,"Jaguatirica II",RRJII,UTE.GN.RR.044619-0.01,3466100000
"2022-04-29 10:00:00",N,NORTE,RR,RORAIMA,"TIPO I",TÉRMICA,Gás,"Jaguatirica II",RRJII,UTE.GN.RR.044619-0.01,4570000000
"2022-04-29 11:00:00",N,NORTE,RR,RORAIMA,"TIPO I",TÉRMICA,Gás,"Jaguatirica II",RRJII,UTE.GN.RR.044619-0.01,4732000000
"2022-04-29 12:00:00",N,NORTE,RR,RORAIMA,"TIPO I",TÉRMICA,Gás,"Jaguatirica II",RRJII,UTE.GN.RR.044619-0.01,4717900000
"2022-04-29 13:00:00",N,NORTE,RR,RORAIMA,"TIPO I",TÉRMICA,Gás,"Jaguatirica II",RRJII,UTE.GN.RR.044619-0.01,4717900000
"2022-04-29 14:00:00",N,NORTE,RR,RORAIMA,"TIPO I",TÉRMICA,Gás,"Jaguatirica II",RRJII,UTE.GN.RR.044619-0.01,4716500000
"2022-04-29 15:00:00",N,NORTE,RR,RORAIMA,"TIPO I",TÉRMICA,Gás,"Jaguatirica II",RRJII,UTE.GN.RR.044619-0.01,4714300000
"2022-04-29 16:00:00",N,NORTE,RR,RORAIMA,"TIPO I",TÉRMICA,Gás,"Jaguatirica II",RRJII,UTE.GN.RR.044619-0.01,4717700000
"2022-04-29 17:00:00",N,NORTE,RR,RORAIMA,"TIPO I",TÉRMICA,Gás,"Jaguatirica II",RRJII,UTE.GN.RR.044619-0.01,4714400000
"2022-04-29 18:00:00",N,NORTE,RR,RORAIMA,"TIPO I",TÉRMICA,Gás,"Jaguatirica II",RRJII,UTE.GN.RR.044619-0.01,4721400000
"2022-04-29 19:00:00",N,NORTE,RR,RORAIMA,"TIPO I",TÉRMICA,Gás,"Jaguatirica II",RRJII,UTE.GN.RR.044619-0.01,4739700000
"2022-04-29 20:00:00",N,NORTE,RR,RORAIMA,"TIPO I",TÉRMICA,Gás,"Jaguatirica II",RRJII,UTE.GN.RR.044619-0.01,4717800000
"2022-04-29 21:00:00",N,NORTE,RR,RORAIMA,"TIPO I",TÉRMICA,Gás,"Jaguatirica II",RRJII,UTE.GN.RR.044619-0.01,4714500000
"2022-04-29 22:00:00",N,NORTE,RR,RORAIMA,"TIPO I",TÉRMICA,Gás,"Jaguatirica II",RRJII,UTE.GN.RR.044619-0.01,4719700000
"2022-04-29 23:00:00",N,NORTE,RR,RORAIMA,"TIPO I",TÉRMICA,Gás,"Jaguatirica II",RRJII,UTE.GN.RR.044619-0.01,4722300000
"2022-04-30 00:00:00",N,NORTE,RR,RORAIMA,"TIPO I",TÉRMICA,Gás,"Jaguatirica II",RRJII,UTE.GN.RR.044619-0.01,4726600000
"2022-04-30 01:00:00",N,NORTE,RR,RORAIMA,"TIPO I",TÉRMICA,Gás,"Jaguatirica II",RRJII,UTE.GN.RR.044619-0.01,4715200000
"2022-04-30 02:00:00",N,NORTE,RR,RORAIMA,"TIPO I",TÉRMICA,Gás,"Jaguatirica II",RRJII,UTE.GN.RR.044619-0.01,4718900000
"2022-04-30 03:00:00",N,NORTE,RR,RORAIMA,"TIPO I",TÉRMICA,Gás,"Jaguatirica II",RRJII,UTE.GN.RR.044619-0.01,4716000000
"2022-04-30 04:00:00",N,NORTE,RR,RORAIMA,"TIPO I",TÉRMICA,Gás,"Jaguatirica II",RRJII,UTE.GN.RR.044619-0.01,4059200000
"2022-04-30 05:00:00",N,NORTE,RR,RORAIMA,"TIPO I",TÉRMICA,Gás,"Jaguatirica II",RRJII,UTE.GN.RR.044619-0.01,4718400000
"2022-04-30 06:00:00",N,NORTE,RR,RORAIMA,"TIPO I",TÉRMICA,Gás,"Jaguatirica II",RRJII,UTE.GN.RR.044619-0.01,4320700000
"2022-04-30 07:00:00",N,NORTE,RR,RORAIMA,"TIPO I",TÉRMICA,Gás,"Jaguatirica II",RRJII,UTE.GN.RR.044619-0.01,3839700000
"2022-04-30 08:00:00",N,NORTE,RR,RORAIMA,"TIPO I",TÉRMICA,Gás,"Jaguatirica II",RRJII,UTE.GN.RR.044619-0.01,3751800000
"2022-04-30 09:00:00",N,NORTE,RR,RORAIMA,"TIPO I",TÉRMICA,Gás,"Jaguatirica II",RRJII,UTE.GN.RR.044619-0.01,3748900000
"2022-04-30 10:00:00",N,NORTE,RR,RORAIMA,"TIPO I",TÉRMICA,Gás,"Jaguatirica II",RRJII,UTE.GN.RR.044619-0.01,3752200000
"2022-04-30 11:00:00",N,NORTE,RR,RORAIMA,"TIPO I",TÉRMICA,Gás,"Jaguatirica II",RRJII,UTE.GN.RR.044619-0.01,3960900000
"2022-04-30 12:00:00",N,NORTE,RR,RORAIMA,"TIPO I",TÉRMICA,Gás,"Jaguatirica II",RRJII,UTE.GN.RR.044619-0.01,4631300000
"2022-04-30 13:00:00",N,NORTE,RR,RORAIMA,"TIPO I",TÉRMICA,Gás,"Jaguatirica II",RRJII,UTE.GN.RR.044619-0.01,4718300000
"2022-04-30 14:00:00",N,NORTE,RR,RORAIMA,"TIPO I",TÉRMICA,Gás,"Jaguatirica II",RRJII,UTE.GN.RR.044619-0.01,4716300000
"2022-04-30 15:00:00",N,NORTE,RR,RORAIMA,"TIPO I",TÉRMICA,Gás,"Jaguatirica II",RRJII,UTE.GN.RR.044619-0.01,4717600000
"2022-04-30 16:00:00",N,NORTE,RR,RORAIMA,"TIPO I",TÉRMICA,Gás,"Jaguatirica II",RRJII,UTE.GN.RR.044619-0.01,4714900000
"2022-04-30 17:00:00",N,NORTE,RR,RORAIMA,"TIPO I",TÉRMICA,Gás,"Jaguatirica II",RRJII,UTE.GN.RR.044619-0.01,4720900000
"2022-04-30 18:00:00",N,NORTE,RR,RORAIMA,"TIPO I",TÉRMICA,Gás,"Jaguatirica II",RRJII,UTE.GN.RR.044619-0.01,4716300000
"2022-04-30 19:00:00",N,NORTE,RR,RORAIMA,"TIPO I",TÉRMICA,Gás,"Jaguatirica II",RRJII,UTE.GN.RR.044619-0.01,4717300000
"2022-04-30 20:00:00",N,NORTE,RR,RORAIMA,"TIPO I",TÉRMICA,Gás,"Jaguatirica II",RRJII,UTE.GN.RR.044619-0.01,4717200000
"2022-04-30 21:00:00",N,NORTE,RR,RORAIMA,"TIPO I",TÉRMICA,Gás,"Jaguatirica II",RRJII,UTE.GN.RR.044619-0.01,4713900000
"2022-04-30 22:00:00",N,NORTE,RR,RORAIMA,"TIPO I",TÉRMICA,Gás,"Jaguatirica II",RRJII,UTE.GN.RR.044619-0.01,4719200000
"2022-04-30 23:00:00",N,NORTE,RR,RORAIMA,"TIPO I",TÉRMICA,Gás,"Jaguatirica II",RRJII,UTE.GN.RR.044619-0.01,4718700000
"2022-05-01 00:00:00",N,NORTE,RR,RORAIMA,"TIPO I",TÉRMICA,Gás,"Jaguatirica II",RRJII,UTE.GN.RR.044619-0.01,4714900000
"2022-05-01 01:00:00",N,NORTE,RR,RORAIMA,"TIPO I",TÉRMICA,Gás,"Jaguatirica II",RRJII,UTE.GN.RR.044619-0.01,4718800000
"2022-05-01 02:00:00",N,NORTE,RR,RORAIMA,"TIPO I",TÉRMICA,Gás,"Jaguatirica II",RRJII,UTE.GN.RR.044619-0.01,4715100000
"2022-05-01 03:00:00",N,NORTE,RR,RORAIMA,"TIPO I",TÉRMICA,Gás,"Jaguatirica II",RRJII,UTE.GN.RR.044619-0.01,4716300000
"2022-05-01 04:00:00",N,NORTE,RR,RORAIMA,"TIPO I",TÉRMICA,Gás,"Jaguatirica II",RRJII,UTE.GN.RR.044619-0.01,4716000000
"2022-05-01 05:00:00",N,NORTE,RR,RORAIMA,"TIPO I",TÉRMICA,Gás,"Jaguatirica II",RRJII,UTE.GN.RR.044619-0.01,4714700000
"2022-05-01 06:00:00",N,NORTE,RR,RORAIMA,"TIPO I",TÉRMICA,Gás,"Jaguatirica II",RRJII,UTE.GN.RR.044619-0.01,4022200000
"2022-05-01 07:00:00",N,NORTE,RR,RORAIMA,"TIPO I",TÉRMICA,Gás,"Jaguatirica II",RRJII,UTE.GN.RR.044619-0.01,2600000000
"2022-05-01 08:00:00",N,NORTE,RR,RORAIMA,"TIPO I",TÉRMICA,Gás,"Jaguatirica II",RRJII,UTE.GN.RR.044619-0.01,2445800000
"2022-05-01 09:00:00",N,NORTE,RR,RORAIMA,"TIPO I",TÉRMICA,Gás,"Jaguatirica II",RRJII,UTE.GN.RR.044619-0.01,2448400000
"2022-05-01 10:00:00",N,NORTE,RR,RORAIMA,"TIPO I",TÉRMICA,Gás,"Jaguatirica II",RRJII,UTE.GN.RR.044619-0.01,2445700000
"2022-05-01 11:00:00",N,NORTE,RR,RORAIMA,"TIPO I",TÉRMICA,Gás,"Jaguatirica II",RRJII,UTE.GN.RR.044619-0.01,2457200000
"2022-05-01 12:00:00",N,NORTE,RR,RORAIMA,"TIPO I",TÉRMICA,Gás,"Jaguatirica II",RRJII,UTE.GN.RR.044619-0.01,2448200000
"2022-05-01 13:00:00",N,NORTE,RR,RORAIMA,"TIPO I",TÉRMICA,Gás,"Jaguatirica II",RRJII,UTE.GN.RR.044619-0.01,2449500000
"2022-05-01 14:00:00",N,NORTE,RR,RORAIMA,"TIPO I",TÉRMICA,Gás,"Jaguatirica II",RRJII,UTE.GN.RR.044619-0.01,3096900000
"2022-05-01 15:00:00",N,NORTE,RR,RORAIMA,"TIPO I",TÉRMICA,Gás,"Jaguatirica II",RRJII,UTE.GN.RR.044619-0.01,4230400000
"2022-05-01 16:00:00",N,NORTE,RR,RORAIMA,"TIPO I",TÉRMICA,Gás,"Jaguatirica II",RRJII,UTE.GN.RR.044619-0.01,4552300000
"2022-05-01 17:00:00",N,NORTE,RR,RORAIMA,"TIPO I",TÉRMICA,Gás,"Jaguatirica II",RRJII,UTE.GN.RR.044619-0.01,4510700000
"2022-05-01 18:00:00",N,NORTE,RR,RORAIMA,"TIPO I",TÉRMICA,Gás,"Jaguatirica II",RRJII,UTE.GN.RR.044619-0.01,4501400000
"2022-05-01 19:00:00",N,NORTE,RR,RORAIMA,"TIPO I",TÉRMICA,Gás,"Jaguatirica II",RRJII,UTE.GN.RR.044619-0.01,4503300000
"2022-05-01 20:00:00",N,NORTE,RR,RORAIMA,"TIPO I",TÉRMICA,Gás,"Jaguatirica II",RRJII,UTE.GN.RR.044619-0.01,4501500000
"2022-05-01 21:00:00",N,NORTE,RR,RORAIMA,"TIPO I",TÉRMICA,Gás,"Jaguatirica II",RRJII,UTE.GN.RR.044619-0.01,4566900000
"2022-05-01 22:00:00",N,NORTE,RR,RORAIMA,"TIPO I",TÉRMICA,Gás,"Jaguatirica II",RRJII,UTE.GN.RR.044619-0.01,4717600000
"2022-05-01 23:00:00",N,NORTE,RR,RORAIMA,"TIPO I",TÉRMICA,Gás,"Jaguatirica II",RRJII,UTE.GN.RR.044619-0.01,4840300000
"2022-05-02 00:00:00",N,NORTE,RR,RORAIMA,"TIPO I",TÉRMICA,Gás,"Jaguatirica II",RRJII,UTE.GN.RR.044619-0.01,6407400000
"2022-05-02 01:00:00",N,NORTE,RR,RORAIMA,"TIPO I",TÉRMICA,Gás,"Jaguatirica II",RRJII,UTE.GN.RR.044619-0.01,8383900000
"2022-05-02 02:00:00",N,NORTE,RR,RORAIMA,"TIPO I",TÉRMICA,Gás,"Jaguatirica II",RRJII,UTE.GN.RR.044619-0.01,9167700000
"2022-05-02 03:00:00",N,NORTE,RR,RORAIMA,"TIPO I",TÉRMICA,Gás,"Jaguatirica II",RRJII,UTE.GN.RR.044619-0.01,8570800000
"2022-05-02 04:00:00",N,NORTE,RR,RORAIMA,"TIPO I",TÉRMICA,Gás,"Jaguatirica II",RRJII,UTE.GN.RR.044619-0.01,7907600000
"2022-05-02 05:00:00",N,NORTE,RR,RORAIMA,"TIPO I",TÉRMICA,Gás,"Jaguatirica II",RRJII,UTE.GN.RR.044619-0.01,7226700000
"2022-05-02 06:00:00",N,NORTE,RR,RORAIMA,"TIPO I",TÉRMICA,Gás,"Jaguatirica II",RRJII,UTE.GN.RR.044619-0.01,6427700000
"2022-05-02 07:00:00",N,NORTE,RR,RORAIMA,"TIPO I",TÉRMICA,Gás,"Jaguatirica II",RRJII,UTE.GN.RR.044619-0.01,5330600000
"2022-05-02 08:00:00",N,NORTE,RR,RORAIMA,"TIPO I",TÉRMICA,Gás,"Jaguatirica II",RRJII,UTE.GN.RR.044619-0.01,5152400000
"2022-05-02 09:00:00",N,NORTE,RR,RORAIMA,"TIPO I",TÉRMICA,Gás,"Jaguatirica II",RRJII,UTE.GN.RR.044619-0.01,6919200000
"2022-05-02 10:00:00",N,NORTE,RR,RORAIMA,"TIPO I",TÉRMICA,Gás,"Jaguatirica II",RRJII,UTE.GN.RR.044619-0.01,7850400000
"2022-05-02 11:00:00",N,NORTE,RR,RORAIMA,"TIPO I",TÉRMICA,Gás,"Jaguatirica II",RRJII,UTE.GN.RR.044619-0.01,8045800000
"2022-05-02 12:00:00",N,NORTE,RR,RORAIMA,"TIPO I",TÉRMICA,Gás,"Jaguatirica II",RRJII,UTE.GN.RR.044619-0.01,8497200000
"2022-05-02 13:00:00",N,NORTE,RR,RORAIMA,"TIPO I",TÉRMICA,Gás,"Jaguatirica II",RRJII,UTE.GN.RR.044619-0.01,8325700000
"2022-05-02 14:00:00",N,NORTE,RR,RORAIMA,"TIPO I",TÉRMICA,Gás,"Jaguatirica II",RRJII,UTE.GN.RR.044619-0.01,9309300000
"2022-05-02 15:00:00",N,NORTE,RR,RORAIMA,"TIPO I",TÉRMICA,Gás,"Jaguatirica II",RRJII,UTE.GN.RR.044619-0.01,9426600000
"2022-05-02 16:00:00",N,NORTE,RR,RORAIMA,"TIPO I",TÉRMICA,Gás,"Jaguatirica II",RRJII,UTE.GN.RR.044619-0.01,9419600000
"2022-05-02 17:00:00",N,NORTE,RR,RORAIMA,"TIPO I",TÉRMICA,Gás,"Jaguatirica II",RRJII,UTE.GN.RR.044619-0.01,9431000000
"2022-05-02 18:00:00",N,NORTE,RR,RORAIMA,"TIPO I",TÉRMICA,Gás,"Jaguatirica II",RRJII,UTE.GN.RR.044619-0.01,8904900000
"2022-05-02 19:00:00",N,NORTE,RR,RORAIMA,"TIPO I",TÉRMICA,Gás,"Jaguatirica II",RRJII,UTE.GN.RR.044619-0.01,8396400000
"2022-05-02 20:00:00",N,NORTE,RR,RORAIMA,"TIPO I",TÉRMICA,Gás,"Jaguatirica II",RRJII,UTE.GN.RR.044619-0.01,9003000000
"2022-05-02 21:00:00",N,NORTE,RR,RORAIMA,"TIPO I",TÉRMICA,Gás,"Jaguatirica II",RRJII,UTE.GN.RR.044619-0.01,9006400000
"2022-05-02 22:00:00",N,NORTE,RR,RORAIMA,"TIPO I",TÉRMICA,Gás,"Jaguatirica II",RRJII,UTE.GN.RR.044619-0.01,9232400000
"2022-05-02 23:00:00",N,NORTE,RR,RORAIMA,"TIPO I",TÉRMICA,Gás,"Jaguatirica II",RRJII,UTE.GN.RR.044619-0.01,5593200000
"2022-05-03 00:00:00",N,NORTE,RR,RORAIMA,"TIPO I",TÉRMICA,Gás,"Jaguatirica II",RRJII,UTE.GN.RR.044619-0.01,200000
"2022-05-03 01:00:00",N,NORTE,RR,RORAIMA,"TIPO I",TÉRMICA,Gás,"Jaguatirica II",RRJII,UTE.GN.RR.044619-0.01,200000
"2022-05-03 02:00:00",N,NORTE,RR,RORAIMA,"TIPO I",TÉRMICA,Gás,"Jaguatirica II",RRJII,UTE.GN.RR.044619-0.01,600000
"2022-05-03 03:00:00",N,NORTE,RR,RORAIMA,"TIPO I",TÉRMICA,Gás,"Jaguatirica II",RRJII,UTE.GN.RR.044619-0.01,800000
"2022-05-03 04:00:00",N,NORTE,RR,RORAIMA,"TIPO I",TÉRMICA,Gás,"Jaguatirica II",RRJII,UTE.GN.RR.044619-0.01,500000
"2022-05-03 05:00:00",N,NORTE,RR,RORAIMA,"TIPO I",TÉRMICA,Gás,"Jaguatirica II",RRJII,UTE.GN.RR.044619-0.01,5200000
"2022-05-03 06:00:00",N,NORTE,RR,RORAIMA,"TIPO I",TÉRMICA,Gás,"Jaguatirica II",RRJII,UTE.GN.RR.044619-0.01,338900000
"2022-05-03 07:00:00",N,NORTE,RR,RORAIMA,"TIPO I",TÉRMICA,Gás,"Jaguatirica II",RRJII,UTE.GN.RR.044619-0.01,3209300000
"2022-05-03 08:00:00",N,NORTE,RR,RORAIMA,"TIPO I",TÉRMICA,Gás,"Jaguatirica II",RRJII,UTE.GN.RR.044619-0.01,4891300000
"2022-05-03 09:00:00",N,NORTE,RR,RORAIMA,"TIPO I",TÉRMICA,Gás,"Jaguatirica II",RRJII,UTE.GN.RR.044619-0.01,4966900000
"2022-05-03 10:00:00",N,NORTE,RR,RORAIMA,"TIPO I",TÉRMICA,Gás,"Jaguatirica II",RRJII,UTE.GN.RR.044619-0.01,5010100000
"2022-05-03 11:00:00",N,NORTE,RR,RORAIMA,"TIPO I",TÉRMICA,Gás,"Jaguatirica II",RRJII,UTE.GN.RR.044619-0.01,5328900000
"2022-05-03 12:00:00",N,NORTE,RR,RORAIMA,"TIPO I",TÉRMICA,Gás,"Jaguatirica II",RRJII,UTE.GN.RR.044619-0.01,6702400000
"2022-05-03 13:00:00",N,NORTE,RR,RORAIMA,"TIPO I",TÉRMICA,Gás,"Jaguatirica II",RRJII,UTE.GN.RR.044619-0.01,7491300000
"2022-05-03 14:00:00",N,NORTE,RR,RORAIMA,"TIPO I",TÉRMICA,Gás,"Jaguatirica II",RRJII,UTE.GN.RR.044619-0.01,7535500000
"2022-05-03 15:00:00",N,NORTE,RR,RORAIMA,"TIPO I",TÉRMICA,Gás,"Jaguatirica II",RRJII,UTE.GN.RR.044619-0.01,8653100000
"2022-05-03 16:00:00",N,NORTE,RR,RORAIMA,"TIPO I",TÉRMICA,Gás,"Jaguatirica II",RRJII,UTE.GN.RR.044619-0.01,8991100000
"2022-05-03 17:00:00",N,NORTE,RR,RORAIMA,"TIPO I",TÉRMICA,Gás,"Jaguatirica II",RRJII,UTE.GN.RR.044619-0.01,8958500000
"2022-05-03 18:00:00",N,NORTE,RR,RORAIMA,"TIPO I",TÉRMICA,Gás,"Jaguatirica II",RRJII,UTE.GN.RR.044619-0.01,9151000000
"2022-05-03 19:00:00",N,NORTE,RR,RORAIMA,"TIPO I",TÉRMICA,Gás,"Jaguatirica II",RRJII,UTE.GN.RR.044619-0.01,8518400000
"2022-05-03 20:00:00",N,NORTE,RR,RORAIMA,"TIPO I",TÉRMICA,Gás,"Jaguatirica II",RRJII,UTE.GN.RR.044619-0.01,8489700000
"2022-05-03 21:00:00",N,NORTE,RR,RORAIMA,"TIPO I",TÉRMICA,Gás,"Jaguatirica II",RRJII,UTE.GN.RR.044619-0.01,8491100000
"2022-05-03 22:00:00",N,NORTE,RR,RORAIMA,"TIPO I",TÉRMICA,Gás,"Jaguatirica II",RRJII,UTE.GN.RR.044619-0.01,8478800000
"2022-05-03 23:00:00",N,NORTE,RR,RORAIMA,"TIPO I",TÉRMICA,Gás,"Jaguatirica II",RRJII,UTE.GN.RR.044619-0.01,8492400000
"2022-05-04 00:00:00",N,NORTE,RR,RORAIMA,"TIPO I",TÉRMICA,Gás,"Jaguatirica II",RRJII,UTE.GN.RR.044619-0.01,8489400000
"2022-05-04 01:00:00",N,NORTE,RR,RORAIMA,"TIPO I",TÉRMICA,Gás,"Jaguatirica II",RRJII,UTE.GN.RR.044619-0.01,8489400000
"2022-05-04 02:00:00",N,NORTE,RR,RORAIMA,"TIPO I",TÉRMICA,Gás,"Jaguatirica II",RRJII,UTE.GN.RR.044619-0.01,8491400000
"2022-05-04 03:00:00",N,NORTE,RR,RORAIMA,"TIPO I",TÉRMICA,Gás,"Jaguatirica II",RRJII,UTE.GN.RR.044619-0.01,8492400000
"2022-05-04 04:00:00",N,NORTE,RR,RORAIMA,"TIPO I",TÉRMICA,Gás,"Jaguatirica II",RRJII,UTE.GN.RR.044619-0.01,8502600000
"2022-05-04 05:00:00",N,NORTE,RR,RORAIMA,"TIPO I",TÉRMICA,Gás,"Jaguatirica II",RRJII,UTE.GN.RR.044619-0.01,7978000000
"2022-05-04 06:00:00",N,NORTE,RR,RORAIMA,"TIPO I",TÉRMICA,Gás,"Jaguatirica II",RRJII,UTE.GN.RR.044619-0.01,7181200000
"2022-05-04 07:00:00",N,NORTE,RR,RORAIMA,"TIPO I",TÉRMICA,Gás,"Jaguatirica II",RRJII,UTE.GN.RR.044619-0.01,5230100000
"2022-05-04 08:00:00",N,NORTE,RR,RORAIMA,"TIPO I",TÉRMICA,Gás,"Jaguatirica II",RRJII,UTE.GN.RR.044619-0.01,5002800000
"2022-05-04 09:00:00",N,NORTE,RR,RORAIMA,"TIPO I",TÉRMICA,Gás,"Jaguatirica II",RRJII,UTE.GN.RR.044619-0.01,6023500000
"2022-05-04 10:00:00",N,NORTE,RR,RORAIMA,"TIPO I",TÉRMICA,Gás,"Jaguatirica II",RRJII,UTE.GN.RR.044619-0.01,6466600000
"2022-05-04 11:00:00",N,NORTE,RR,RORAIMA,"TIPO I",TÉRMICA,Gás,"Jaguatirica II",RRJII,UTE.GN.RR.044619-0.01,6601900000
"2022-05-04 12:00:00",N,NORTE,RR,RORAIMA,"TIPO I",TÉRMICA,Gás,"Jaguatirica II",RRJII,UTE.GN.RR.044619-0.01,6921300000
"2022-05-04 13:00:00",N,NORTE,RR,RORAIMA,"TIPO I",TÉRMICA,Gás,"Jaguatirica II",RRJII,UTE.GN.RR.044619-0.01,6490200000
"2022-05-04 14:00:00",N,NORTE,RR,RORAIMA,"TIPO I",TÉRMICA,Gás,"Jaguatirica II",RRJII,UTE.GN.RR.044619-0.01,6491900000
"2022-05-04 15:00:00",N,NORTE,RR,RORAIMA,"TIPO I",TÉRMICA,Gás,"Jaguatirica II",RRJII,UTE.GN.RR.044619-0.01,7060600000
"2022-05-04 16:00:00",N,NORTE,RR,RORAIMA,"TIPO I",TÉRMICA,Gás,"Jaguatirica II",RRJII,UTE.GN.RR.044619-0.01,7487800000
"2022-05-04 17:00:00",N,NORTE,RR,RORAIMA,"TIPO I",TÉRMICA,Gás,"Jaguatirica II",RRJII,UTE.GN.RR.044619-0.01,7143000000
"2022-05-04 18:00:00",N,NORTE,RR,RORAIMA,"TIPO I",TÉRMICA,Gás,"Jaguatirica II",RRJII,UTE.GN.RR.044619-0.01,4888300000
"2022-05-04 19:00:00",N,NORTE,RR,RORAIMA,"TIPO I",TÉRMICA,Gás,"Jaguatirica II",RRJII,UTE.GN.RR.044619-0.01,3854800000
"2022-05-04 20:00:00",N,NORTE,RR,RORAIMA,"TIPO I",TÉRMICA,Gás,"Jaguatirica II",RRJII,UTE.GN.RR.044619-0.01,4459500000
"2022-05-04 21:00:00",N,NORTE,RR,RORAIMA,"TIPO I",TÉRMICA,Gás,"Jaguatirica II",RRJII,UTE.GN.RR.044619-0.01,4908400000
"2022-05-04 22:00:00",N,NORTE,RR,RORAIMA,"TIPO I",TÉRMICA,Gás,"Jaguatirica II",RRJII,UTE.GN.RR.044619-0.01,5991800000
"2022-05-04 23:00:00",N,NORTE,RR,RORAIMA,"TIPO I",TÉRMICA,Gás,"Jaguatirica II",RRJII,UTE.GN.RR.044619-0.01,6732300000
"2022-05-05 00:00:00",N,NORTE,RR,RORAIMA,"TIPO I",TÉRMICA,Gás,"Jaguatirica II",RRJII,UTE.GN.RR.044619-0.01,6990000000
"2022-05-05 01:00:00",N,NORTE,RR,RORAIMA,"TIPO I",TÉRMICA,Gás,"Jaguatirica II",RRJII,UTE.GN.RR.044619-0.01,6533800000
"2022-05-05 02:00:00",N,NORTE,RR,RORAIMA,"TIPO I",TÉRMICA,Gás,"Jaguatirica II",RRJII,UTE.GN.RR.044619-0.01,5599800000
"2022-05-05 03:00:00",N,NORTE,RR,RORAIMA,"TIPO I",TÉRMICA,Gás,"Jaguatirica II",RRJII,UTE.GN.RR.044619-0.01,4940100000
"2022-05-05 04:00:00",N,NORTE,RR,RORAIMA,"TIPO I",TÉRMICA,Gás,"Jaguatirica II",RRJII,UTE.GN.RR.044619-0.01,3716800000
"2022-05-05 05:00:00",N,NORTE,RR,RORAIMA,"TIPO I",TÉRMICA,Gás,"Jaguatirica II",RRJII,UTE.GN.RR.044619-0.01,2426500000
"2022-05-05 06:00:00",N,NORTE,RR,RORAIMA,"TIPO I",TÉRMICA,Gás,"Jaguatirica II",RRJII,UTE.GN.RR.044619-0.01,2813100000
"2022-05-05 07:00:00",N,NORTE,RR,RORAIMA,"TIPO I",TÉRMICA,Gás,"Jaguatirica II",RRJII,UTE.GN.RR.044619-0.01,2898700000
"2022-05-05 08:00:00",N,NORTE,RR,RORAIMA,"TIPO I",TÉRMICA,Gás,"Jaguatirica II",RRJII,UTE.GN.RR.044619-0.01,2984700000
"2022-05-05 09:00:00",N,NORTE,RR,RORAIMA,"TIPO I",TÉRMICA,Gás,"Jaguatirica II",RRJII,UTE.GN.RR.044619-0.01,3000500000
"2022-05-05 10:00:00",N,NORTE,RR,RORAIMA,"TIPO I",TÉRMICA,Gás,"Jaguatirica II",RRJII,UTE.GN.RR.044619-0.01,4237700000
"2022-05-05 11:00:00",N,NORTE,RR,RORAIMA,"TIPO I",TÉRMICA,Gás,"Jaguatirica II",RRJII,UTE.GN.RR.044619-0.01,4357000000
"2022-05-05 12:00:00",N,NORTE,RR,RORAIMA,"TIPO I",TÉRMICA,Gás,"Jaguatirica II",RRJII,UTE.GN.RR.044619-0.01,4177500000
"2022-05-05 13:00:00",N,NORTE,RR,RORAIMA,"TIPO I",TÉRMICA,Gás,"Jaguatirica II",RRJII,UTE.GN.RR.044619-0.01,5642700000
"2022-05-05 14:00:00",N,NORTE,RR,RORAIMA,"TIPO I",TÉRMICA,Gás,"Jaguatirica II",RRJII,UTE.GN.RR.044619-0.01,7616400000
"2022-05-05 15:00:00",N,NORTE,RR,RORAIMA,"TIPO I",TÉRMICA,Gás,"Jaguatirica II",RRJII,UTE.GN.RR.044619-0.01,8084600000
"2022-05-05 16:00:00",N,NORTE,RR,RORAIMA,"TIPO I",TÉRMICA,Gás,"Jaguatirica II",RRJII,UTE.GN.RR.044619-0.01,8088700000
"2022-05-05 17:00:00",N,NORTE,RR,RORAIMA,"TIPO I",TÉRMICA,Gás,"Jaguatirica II",RRJII,UTE.GN.RR.044619-0.01,8022100000
"2022-05-05 18:00:00",N,NORTE,RR,RORAIMA,"TIPO I",TÉRMICA,Gás,"Jaguatirica II",RRJII,UTE.GN.RR.044619-0.01,7505800000
"2022-05-05 19:00:00",N,NORTE,RR,RORAIMA,"TIPO I",TÉRMICA,Gás,"Jaguatirica II",RRJII,UTE.GN.RR.044619-0.01,7866400000
"2022-05-05 20:00:00",N,NORTE,RR,RORAIMA,"TIPO I",TÉRMICA,Gás,"Jaguatirica II",RRJII,UTE.GN.RR.044619-0.01,8090700000
"2022-05-05 21:00:00",N,NORTE,RR,RORAIMA,"TIPO I",TÉRMICA,Gás,"Jaguatirica II",RRJII,UTE.GN.RR.044619-0.01,8084200000
"2022-05-05 22:00:00",N,NORTE,RR,RORAIMA,"TIPO I",TÉRMICA,Gás,"Jaguatirica II",RRJII,UTE.GN.RR.044619-0.01,8084500000
"2022-05-05 23:00:00",N,NORTE,RR,RORAIMA,"TIPO I",TÉRMICA,Gás,"Jaguatirica II",RRJII,UTE.GN.RR.044619-0.01,8087000000
"2022-05-06 00:00:00",N,NORTE,RR,RORAIMA,"TIPO I",TÉRMICA,Gás,"Jaguatirica II",RRJII,UTE.GN.RR.044619-0.01,8087500000
"2022-05-06 01:00:00",N,NORTE,RR,RORAIMA,"TIPO I",TÉRMICA,Gás,"Jaguatirica II",RRJII,UTE.GN.RR.044619-0.01,8082100000
"2022-05-06 02:00:00",N,NORTE,RR,RORAIMA,"TIPO I",TÉRMICA,Gás,"Jaguatirica II",RRJII,UTE.GN.RR.044619-0.01,8085800000
"2022-05-06 03:00:00",N,NORTE,RR,RORAIMA,"TIPO I",TÉRMICA,Gás,"Jaguatirica II",RRJII,UTE.GN.RR.044619-0.01,8082900000
"2022-05-06 04:00:00",N,NORTE,RR,RORAIMA,"TIPO I",TÉRMICA,Gás,"Jaguatirica II",RRJII,UTE.GN.RR.044619-0.01,8023000000
"2022-05-06 05:00:00",N,NORTE,RR,RORAIMA,"TIPO I",TÉRMICA,Gás,"Jaguatirica II",RRJII,UTE.GN.RR.044619-0.01,7682100000
"2022-05-06 06:00:00",N,NORTE,RR,RORAIMA,"TIPO I",TÉRMICA,Gás,"Jaguatirica II",RRJII,UTE.GN.RR.044619-0.01,7201500000
"2022-05-06 07:00:00",N,NORTE,RR,RORAIMA,"TIPO I",TÉRMICA,Gás,"Jaguatirica II",RRJII,UTE.GN.RR.044619-0.01,5156700000
"2022-05-06 08:00:00",N,NORTE,RR,RORAIMA,"TIPO I",TÉRMICA,Gás,"Jaguatirica II",RRJII,UTE.GN.RR.044619-0.01,4686300000
"2022-05-06 09:00:00",N,NORTE,RR,RORAIMA,"TIPO I",TÉRMICA,Gás,"Jaguatirica II",RRJII,UTE.GN.RR.044619-0.01,5748400000
"2022-05-06 10:00:00",N,NORTE,RR,RORAIMA,"TIPO I",TÉRMICA,Gás,"Jaguatirica II",RRJII,UTE.GN.RR.044619-0.01,6484300000
"2022-05-06 11:00:00",N,NORTE,RR,RORAIMA,"TIPO I",TÉRMICA,Gás,"Jaguatirica II",RRJII,UTE.GN.RR.044619-0.01,6890900000
"2022-05-06 12:00:00",N,NORTE,RR,RORAIMA,"TIPO I",TÉRMICA,Gás,"Jaguatirica II",RRJII,UTE.GN.RR.044619-0.01,6882400000
"2022-05-06 13:00:00",N,NORTE,RR,RORAIMA,"TIPO I",TÉRMICA,Gás,"Jaguatirica II",RRJII,UTE.GN.RR.044619-0.01,6227600000
"2022-05-06 14:00:00",N,NORTE,RR,RORAIMA,"TIPO I",TÉRMICA,Gás,"Jaguatirica II",RRJII,UTE.GN.RR.044619-0.01,6279600000
"2022-05-06 15:00:00",N,NORTE,RR,RORAIMA,"TIPO I",TÉRMICA,Gás,"Jaguatirica II",RRJII,UTE.GN.RR.044619-0.01,6851900000
"2022-05-06 16:00:00",N,NORTE,RR,RORAIMA,"TIPO I",TÉRMICA,Gás,"Jaguatirica II",RRJII,UTE.GN.RR.044619-0.01,6982700000
"2022-05-06 17:00:00",N,NORTE,RR,RORAIMA,"TIPO I",TÉRMICA,Gás,"Jaguatirica II",RRJII,UTE.GN.RR.044619-0.01,6915800000
"2022-05-06 18:00:00",N,NORTE,RR,RORAIMA,"TIPO I",TÉRMICA,Gás,"Jaguatirica II",RRJII,UTE.GN.RR.044619-0.01,6342400000
"2022-05-06 19:00:00",N,NORTE,RR,RORAIMA,"TIPO I",TÉRMICA,Gás,"Jaguatirica II",RRJII,UTE.GN.RR.044619-0.01,6508300000
"2022-05-06 20:00:00",N,NORTE,RR,RORAIMA,"TIPO I",TÉRMICA,Gás,"Jaguatirica II",RRJII,UTE.GN.RR.044619-0.01,6832800000
"2022-05-06 21:00:00",N,NORTE,RR,RORAIMA,"TIPO I",TÉRMICA,Gás,"Jaguatirica II",RRJII,UTE.GN.RR.044619-0.01,6833800000
"2022-05-06 22:00:00",N,NORTE,RR,RORAIMA,"TIPO I",TÉRMICA,Gás,"Jaguatirica II",RRJII,UTE.GN.RR.044619-0.01,6928700000
"2022-05-06 23:00:00",N,NORTE,RR,RORAIMA,"TIPO I",TÉRMICA,Gás,"Jaguatirica II",RRJII,UTE.GN.RR.044619-0.01,7671600000
"2022-05-07 00:00:00",N,NORTE,RR,RORAIMA,"TIPO I",TÉRMICA,Gás,"Jaguatirica II",RRJII,UTE.GN.RR.044619-0.01,7922900000
"2022-05-07 01:00:00",N,NORTE,RR,RORAIMA,"TIPO I",TÉRMICA,Gás,"Jaguatirica II",RRJII,UTE.GN.RR.044619-0.01,7978700000
"2022-05-07 02:00:00",N,NORTE,RR,RORAIMA,"TIPO I",TÉRMICA,Gás,"Jaguatirica II",RRJII,UTE.GN.RR.044619-0.01,7983000000
"2022-05-07 03:00:00",N,NORTE,RR,RORAIMA,"TIPO I",TÉRMICA,Gás,"Jaguatirica II",RRJII,UTE.GN.RR.044619-0.01,7994300000
"2022-05-07 04:00:00",N,NORTE,RR,RORAIMA,"TIPO I",TÉRMICA,Gás,"Jaguatirica II",RRJII,UTE.GN.RR.044619-0.01,7993800000
"2022-05-07 05:00:00",N,NORTE,RR,RORAIMA,"TIPO I",TÉRMICA,Gás,"Jaguatirica II",RRJII,UTE.GN.RR.044619-0.01,7567400000
"2022-05-07 06:00:00",N,NORTE,RR,RORAIMA,"TIPO I",TÉRMICA,Gás,"Jaguatirica II",RRJII,UTE.GN.RR.044619-0.01,7173100000
"2022-05-07 07:00:00",N,NORTE,RR,RORAIMA,"TIPO I",TÉRMICA,Gás,"Jaguatirica II",RRJII,UTE.GN.RR.044619-0.01,5684200000
"2022-05-07 08:00:00",N,NORTE,RR,RORAIMA,"TIPO I",TÉRMICA,Gás,"Jaguatirica II",RRJII,UTE.GN.RR.044619-0.01,5150300000
"2022-05-07 09:00:00",N,NORTE,RR,RORAIMA,"TIPO I",TÉRMICA,Gás,"Jaguatirica II",RRJII,UTE.GN.RR.044619-0.01,5075500000
"2022-05-07 10:00:00",N,NORTE,RR,RORAIMA,"TIPO I",TÉRMICA,Gás,"Jaguatirica II",RRJII,UTE.GN.RR.044619-0.01,5081000000
"2022-05-07 11:00:00",N,NORTE,RR,RORAIMA,"TIPO I",TÉRMICA,Gás,"Jaguatirica II",RRJII,UTE.GN.RR.044619-0.01,4942100000
"2022-05-07 12:00:00",N,NORTE,RR,RORAIMA,"TIPO I",TÉRMICA,Gás,"Jaguatirica II",RRJII,UTE.GN.RR.044619-0.01,4877400000
"2022-05-07 13:00:00",N,NORTE,RR,RORAIMA,"TIPO I",TÉRMICA,Gás,"Jaguatirica II",RRJII,UTE.GN.RR.044619-0.01,4883300000
"2022-05-07 14:00:00",N,NORTE,RR,RORAIMA,"TIPO I",TÉRMICA,Gás,"Jaguatirica II",RRJII,UTE.GN.RR.044619-0.01,4918400000
"2022-05-07 15:00:00",N,NORTE,RR,RORAIMA,"TIPO I",TÉRMICA,Gás,"Jaguatirica II",RRJII,UTE.GN.RR.044619-0.01,4894700000
"2022-05-07 16:00:00",N,NORTE,RR,RORAIMA,"TIPO I",TÉRMICA,Gás,"Jaguatirica II",RRJII,UTE.GN.RR.044619-0.01,5321700000
"2022-05-07 17:00:00",N,NORTE,RR,RORAIMA,"TIPO I",TÉRMICA,Gás,"Jaguatirica II",RRJII,UTE.GN.RR.044619-0.01,5430500000
"2022-05-07 18:00:00",N,NORTE,RR,RORAIMA,"TIPO I",TÉRMICA,Gás,"Jaguatirica II",RRJII,UTE.GN.RR.044619-0.01,5779700000
"2022-05-07 19:00:00",N,NORTE,RR,RORAIMA,"TIPO I",TÉRMICA,Gás,"Jaguatirica II",RRJII,UTE.GN.RR.044619-0.01,6983900000
"2022-05-07 20:00:00",N,NORTE,RR,RORAIMA,"TIPO I",TÉRMICA,Gás,"Jaguatirica II",RRJII,UTE.GN.RR.044619-0.01,7488300000
"2022-05-07 21:00:00",N,NORTE,RR,RORAIMA,"TIPO I",TÉRMICA,Gás,"Jaguatirica II",RRJII,UTE.GN.RR.044619-0.01,7482400000
"2022-05-07 22:00:00",N,NORTE,RR,RORAIMA,"TIPO I",TÉRMICA,Gás,"Jaguatirica II",RRJII,UTE.GN.RR.044619-0.01,7484100000
"2022-05-07 23:00:00",N,NORTE,RR,RORAIMA,"TIPO I",TÉRMICA,Gás,"Jaguatirica II",RRJII,UTE.GN.RR.044619-0.01,7670600000
"2022-05-08 00:00:00",N,NORTE,RR,RORAIMA,"TIPO I",TÉRMICA,Gás,"Jaguatirica II",RRJII,UTE.GN.RR.044619-0.01,8005600000
"2022-05-08 01:00:00",N,NORTE,RR,RORAIMA,"TIPO I",TÉRMICA,Gás,"Jaguatirica II",RRJII,UTE.GN.RR.044619-0.01,8036700000
"2022-05-08 02:00:00",N,NORTE,RR,RORAIMA,"TIPO I",TÉRMICA,Gás,"Jaguatirica II",RRJII,UTE.GN.RR.044619-0.01,7929000000
"2022-05-08 03:00:00",N,NORTE,RR,RORAIMA,"TIPO I",TÉRMICA,Gás,"Jaguatirica II",RRJII,UTE.GN.RR.044619-0.01,7046400000
"2022-05-08 04:00:00",N,NORTE,RR,RORAIMA,"TIPO I",TÉRMICA,Gás,"Jaguatirica II",RRJII,UTE.GN.RR.044619-0.01,6616800000
"2022-05-08 05:00:00",N,NORTE,RR,RORAIMA,"TIPO I",TÉRMICA,Gás,"Jaguatirica II",RRJII,UTE.GN.RR.044619-0.01,6203600000
"2022-05-08 06:00:00",N,NORTE,RR,RORAIMA,"TIPO I",TÉRMICA,Gás,"Jaguatirica II",RRJII,UTE.GN.RR.044619-0.01,5881200000
"2022-05-08 07:00:00",N,NORTE,RR,RORAIMA,"TIPO I",TÉRMICA,Gás,"Jaguatirica II",RRJII,UTE.GN.RR.044619-0.01,4869700000
"2022-05-08 08:00:00",N,NORTE,RR,RORAIMA,"TIPO I",TÉRMICA,Gás,"Jaguatirica II",RRJII,UTE.GN.RR.044619-0.01,4605100000
"2022-05-08 09:00:00",N,NORTE,RR,RORAIMA,"TIPO I",TÉRMICA,Gás,"Jaguatirica II",RRJII,UTE.GN.RR.044619-0.01,4969900000
"2022-05-08 10:00:00",N,NORTE,RR,RORAIMA,"TIPO I",TÉRMICA,Gás,"Jaguatirica II",RRJII,UTE.GN.RR.044619-0.01,5077500000
"2022-05-08 11:00:00",N,NORTE,RR,RORAIMA,"TIPO I",TÉRMICA,Gás,"Jaguatirica II",RRJII,UTE.GN.RR.044619-0.01,5086900000
"2022-05-08 12:00:00",N,NORTE,RR,RORAIMA,"TIPO I",TÉRMICA,Gás,"Jaguatirica II",RRJII,UTE.GN.RR.044619-0.01,5081900000
"2022-05-08 13:00:00",N,NORTE,RR,RORAIMA,"TIPO I",TÉRMICA,Gás,"Jaguatirica II",RRJII,UTE.GN.RR.044619-0.01,4696900000
"2022-05-08 14:00:00",N,NORTE,RR,RORAIMA,"TIPO I",TÉRMICA,Gás,"Jaguatirica II",RRJII,UTE.GN.RR.044619-0.01,4281100000
"2022-05-08 15:00:00",N,NORTE,RR,RORAIMA,"TIPO I",TÉRMICA,Gás,"Jaguatirica II",RRJII,UTE.GN.RR.044619-0.01,4971800000
"2022-05-08 16:00:00",N,NORTE,RR,RORAIMA,"TIPO I",TÉRMICA,Gás,"Jaguatirica II",RRJII,UTE.GN.RR.044619-0.01,5830400000
"2022-05-08 17:00:00",N,NORTE,RR,RORAIMA,"TIPO I",TÉRMICA,Gás,"Jaguatirica II",RRJII,UTE.GN.RR.044619-0.01,5832600000
"2022-05-08 18:00:00",N,NORTE,RR,RORAIMA,"TIPO I",TÉRMICA,Gás,"Jaguatirica II",RRJII,UTE.GN.RR.044619-0.01,5915900000
"2022-05-08 19:00:00",N,NORTE,RR,RORAIMA,"TIPO I",TÉRMICA,Gás,"Jaguatirica II",RRJII,UTE.GN.RR.044619-0.01,7422700000
"2022-05-08 20:00:00",N,NORTE,RR,RORAIMA,"TIPO I",TÉRMICA,Gás,"Jaguatirica II",RRJII,UTE.GN.RR.044619-0.01,7613500000
"2022-05-08 21:00:00",N,NORTE,RR,RORAIMA,"TIPO I",TÉRMICA,Gás,"Jaguatirica II",RRJII,UTE.GN.RR.044619-0.01,7967700000
"2022-05-08 22:00:00",N,NORTE,RR,RORAIMA,"TIPO I",TÉRMICA,Gás,"Jaguatirica II",RRJII,UTE.GN.RR.044619-0.01,7986900000
"2022-05-08 23:00:00",N,NORTE,RR,RORAIMA,"TIPO I",TÉRMICA,Gás,"Jaguatirica II",RRJII,UTE.GN.RR.044619-0.01,7983800000
"2022-05-09 00:00:00",N,NORTE,RR,RORAIMA,"TIPO I",TÉRMICA,Gás,"Jaguatirica II",RRJII,UTE.GN.RR.044619-0.01,7986600000
"2022-05-09 01:00:00",N,NORTE,RR,RORAIMA,"TIPO I",TÉRMICA,Gás,"Jaguatirica II",RRJII,UTE.GN.RR.044619-0.01,7983800000
"2022-05-09 02:00:00",N,NORTE,RR,RORAIMA,"TIPO I",TÉRMICA,Gás,"Jaguatirica II",RRJII,UTE.GN.RR.044619-0.01,7986100000
"2022-05-09 03:00:00",N,NORTE,RR,RORAIMA,"TIPO I",TÉRMICA,Gás,"Jaguatirica II",RRJII,UTE.GN.RR.044619-0.01,7846800000
"2022-05-09 04:00:00",N,NORTE,RR,RORAIMA,"TIPO I",TÉRMICA,Gás,"Jaguatirica II",RRJII,UTE.GN.RR.044619-0.01,7354400000
"2022-05-09 05:00:00",N,NORTE,RR,RORAIMA,"TIPO I",TÉRMICA,Gás,"Jaguatirica II",RRJII,UTE.GN.RR.044619-0.01,6943400000
"2022-05-09 06:00:00",N,NORTE,RR,RORAIMA,"TIPO I",TÉRMICA,Gás,"Jaguatirica II",RRJII,UTE.GN.RR.044619-0.01,6825900000
"2022-05-09 07:00:00",N,NORTE,RR,RORAIMA,"TIPO I",TÉRMICA,Gás,"Jaguatirica II",RRJII,UTE.GN.RR.044619-0.01,5461200000
"2022-05-09 08:00:00",N,NORTE,RR,RORAIMA,"TIPO I",TÉRMICA,Gás,"Jaguatirica II",RRJII,UTE.GN.RR.044619-0.01,5372700000
"2022-05-09 09:00:00",N,NORTE,RR,RORAIMA,"TIPO I",TÉRMICA,Gás,"Jaguatirica II",RRJII,UTE.GN.RR.044619-0.01,6644600000
"2022-05-09 10:00:00",N,NORTE,RR,RORAIMA,"TIPO I",TÉRMICA,Gás,"Jaguatirica II",RRJII,UTE.GN.RR.044619-0.01,7345200000
"2022-05-09 11:00:00",N,NORTE,RR,RORAIMA,"TIPO I",TÉRMICA,Gás,"Jaguatirica II",RRJII,UTE.GN.RR.044619-0.01,7586800000
"2022-05-09 12:00:00",N,NORTE,RR,RORAIMA,"TIPO I",TÉRMICA,Gás,"Jaguatirica II",RRJII,UTE.GN.RR.044619-0.01,7864200000
"2022-05-09 13:00:00",N,NORTE,RR,RORAIMA,"TIPO I",TÉRMICA,Gás,"Jaguatirica II",RRJII,UTE.GN.RR.044619-0.01,7895100000
"2022-05-09 14:00:00",N,NORTE,RR,RORAIMA,"TIPO I",TÉRMICA,Gás,"Jaguatirica II",RRJII,UTE.GN.RR.044619-0.01,8559200000
"2022-05-09 15:00:00",N,NORTE,RR,RORAIMA,"TIPO I",TÉRMICA,Gás,"Jaguatirica II",RRJII,UTE.GN.RR.044619-0.01,9946000000
"2022-05-09 16:00:00",N,NORTE,RR,RORAIMA,"TIPO I",TÉRMICA,Gás,"Jaguatirica II",RRJII,UTE.GN.RR.044619-0.01,10277800000
"2022-05-09 17:00:00",N,NORTE,RR,RORAIMA,"TIPO I",TÉRMICA,Gás,"Jaguatirica II",RRJII,UTE.GN.RR.044619-0.01,9384500000
"2022-05-09 18:00:00",N,NORTE,RR,RORAIMA,"TIPO I",TÉRMICA,Gás,"Jaguatirica II",RRJII,UTE.GN.RR.044619-0.01,6420500000
"2022-05-09 19:00:00",N,NORTE,RR,RORAIMA,"TIPO I",TÉRMICA,Gás,"Jaguatirica II",RRJII,UTE.GN.RR.044619-0.01,7207800000
"2022-05-09 20:00:00",N,NORTE,RR,RORAIMA,"TIPO I",TÉRMICA,Gás,"Jaguatirica II",RRJII,UTE.GN.RR.044619-0.01,7228200000
"2022-05-09 21:00:00",N,NORTE,RR,RORAIMA,"TIPO I",TÉRMICA,Gás,"Jaguatirica II",RRJII,UTE.GN.RR.044619-0.01,4950500000
"2022-05-09 22:00:00",N,NORTE,RR,RORAIMA,"TIPO I",TÉRMICA,Gás,"Jaguatirica II",RRJII,UTE.GN.RR.044619-0.01,5007500000
"2022-05-09 23:00:00",N,NORTE,RR,RORAIMA,"TIPO I",TÉRMICA,Gás,"Jaguatirica II",RRJII,UTE.GN.RR.044619-0.01,4921700000
"2022-05-10 00:00:00",N,NORTE,RR,RORAIMA,"TIPO I",TÉRMICA,Gás,"Jaguatirica II",RRJII,UTE.GN.RR.044619-0.01,5188800000
"2022-05-10 01:00:00",N,NORTE,RR,RORAIMA,"TIPO I",TÉRMICA,Gás,"Jaguatirica II",RRJII,UTE.GN.RR.044619-0.01,6039200000
"2022-05-10 02:00:00",N,NORTE,RR,RORAIMA,"TIPO I",TÉRMICA,Gás,"Jaguatirica II",RRJII,UTE.GN.RR.044619-0.01,8422200000
"2022-05-10 03:00:00",N,NORTE,RR,RORAIMA,"TIPO I",TÉRMICA,Gás,"Jaguatirica II",RRJII,UTE.GN.RR.044619-0.01,9193200000
"2022-05-10 04:00:00",N,NORTE,RR,RORAIMA,"TIPO I",TÉRMICA,Gás,"Jaguatirica II",RRJII,UTE.GN.RR.044619-0.01,8102300000
"2022-05-10 05:00:00",N,NORTE,RR,RORAIMA,"TIPO I",TÉRMICA,Gás,"Jaguatirica II",RRJII,UTE.GN.RR.044619-0.01,7455200000
"2022-05-10 06:00:00",N,NORTE,RR,RORAIMA,"TIPO I",TÉRMICA,Gás,"Jaguatirica II",RRJII,UTE.GN.RR.044619-0.01,6805900000
"2022-05-10 07:00:00",N,NORTE,RR,RORAIMA,"TIPO I",TÉRMICA,Gás,"Jaguatirica II",RRJII,UTE.GN.RR.044619-0.01,5530900000
"2022-05-10 08:00:00",N,NORTE,RR,RORAIMA,"TIPO I",TÉRMICA,Gás,"Jaguatirica II",RRJII,UTE.GN.RR.044619-0.01,5044800000
"2022-05-10 09:00:00",N,NORTE,RR,RORAIMA,"TIPO I",TÉRMICA,Gás,"Jaguatirica II",RRJII,UTE.GN.RR.044619-0.01,6648900000
"2022-05-10 10:00:00",N,NORTE,RR,RORAIMA,"TIPO I",TÉRMICA,Gás,"Jaguatirica II",RRJII,UTE.GN.RR.044619-0.01,7326500000
"2022-05-10 11:00:00",N,NORTE,RR,RORAIMA,"TIPO I",TÉRMICA,Gás,"Jaguatirica II",RRJII,UTE.GN.RR.044619-0.01,8218100000
"2022-05-10 12:00:00",N,NORTE,RR,RORAIMA,"TIPO I",TÉRMICA,Gás,"Jaguatirica II",RRJII,UTE.GN.RR.044619-0.01,8487100000
"2022-05-10 13:00:00",N,NORTE,RR,RORAIMA,"TIPO I",TÉRMICA,Gás,"Jaguatirica II",RRJII,UTE.GN.RR.044619-0.01,8621700000
"2022-05-10 14:00:00",N,NORTE,RR,RORAIMA,"TIPO I",TÉRMICA,Gás,"Jaguatirica II",RRJII,UTE.GN.RR.044619-0.01,9559900000
"2022-05-10 15:00:00",N,NORTE,RR,RORAIMA,"TIPO I",TÉRMICA,Gás,"Jaguatirica II",RRJII,UTE.GN.RR.044619-0.01,10608600000
"2022-05-10 16:00:00",N,NORTE,RR,RORAIMA,"TIPO I",TÉRMICA,Gás,"Jaguatirica II",RRJII,UTE.GN.RR.044619-0.01,11949300000
"2022-05-10 17:00:00",N,NORTE,RR,RORAIMA,"TIPO I",TÉRMICA,Gás,"Jaguatirica II",RRJII,UTE.GN.RR.044619-0.01,11383600000
"2022-05-10 18:00:00",N,NORTE,RR,RORAIMA,"TIPO I",TÉRMICA,Gás,"Jaguatirica II",RRJII,UTE.GN.RR.044619-0.01,10006200000
"2022-05-10 19:00:00",N,NORTE,RR,RORAIMA,"TIPO I",TÉRMICA,Gás,"Jaguatirica II",RRJII,UTE.GN.RR.044619-0.01,5946200000
"2022-05-10 20:00:00",N,NORTE,RR,RORAIMA,"TIPO I",TÉRMICA,Gás,"Jaguatirica II",RRJII,UTE.GN.RR.044619-0.01,5848400000
"2022-05-10 21:00:00",N,NORTE,RR,RORAIMA,"TIPO I",TÉRMICA,Gás,"Jaguatirica II",RRJII,UTE.GN.RR.044619-0.01,5047200000
"2022-05-10 22:00:00",N,NORTE,RR,RORAIMA,"TIPO I",TÉRMICA,Gás,"Jaguatirica II",RRJII,UTE.GN.RR.044619-0.01,5371100000
"2022-05-10 23:00:00",N,NORTE,RR,RORAIMA,"TIPO I",TÉRMICA,Gás,"Jaguatirica II",RRJII,UTE.GN.RR.044619-0.01,7654000000
"2022-05-11 00:00:00",N,NORTE,RR,RORAIMA,"TIPO I",TÉRMICA,Gás,"Jaguatirica II",RRJII,UTE.GN.RR.044619-0.01,10353200000
"2022-05-11 01:00:00",N,NORTE,RR,RORAIMA,"TIPO I",TÉRMICA,Gás,"Jaguatirica II",RRJII,UTE.GN.RR.044619-0.01,11467900000
"2022-05-11 02:00:00",N,NORTE,RR,RORAIMA,"TIPO I",TÉRMICA,Gás,"Jaguatirica II",RRJII,UTE.GN.RR.044619-0.01,10718400000
"2022-05-11 03:00:00",N,NORTE,RR,RORAIMA,"TIPO I",TÉRMICA,Gás,"Jaguatirica II",RRJII,UTE.GN.RR.044619-0.01,10019600000
"2022-05-11 04:00:00",N,NORTE,RR,RORAIMA,"TIPO I",TÉRMICA,Gás,"Jaguatirica II",RRJII,UTE.GN.RR.044619-0.01,9766300000
"2022-05-11 05:00:00",N,NORTE,RR,RORAIMA,"TIPO I",TÉRMICA,Gás,"Jaguatirica II",RRJII,UTE.GN.RR.044619-0.01,9208200000
"2022-05-11 06:00:00",N,NORTE,RR,RORAIMA,"TIPO I",TÉRMICA,Gás,"Jaguatirica II",RRJII,UTE.GN.RR.044619-0.01,8726500000
"2022-05-11 07:00:00",N,NORTE,RR,RORAIMA,"TIPO I",TÉRMICA,Gás,"Jaguatirica II",RRJII,UTE.GN.RR.044619-0.01,7302700000
"2022-05-11 08:00:00",N,NORTE,RR,RORAIMA,"TIPO I",TÉRMICA,Gás,"Jaguatirica II",RRJII,UTE.GN.RR.044619-0.01,7032900000
"2022-05-11 09:00:00",N,NORTE,RR,RORAIMA,"TIPO I",TÉRMICA,Gás,"Jaguatirica II",RRJII,UTE.GN.RR.044619-0.01,7335800000
"2022-05-11 10:00:00",N,NORTE,RR,RORAIMA,"TIPO I",TÉRMICA,Gás,"Jaguatirica II",RRJII,UTE.GN.RR.044619-0.01,8010100000
"2022-05-11 11:00:00",N,NORTE,RR,RORAIMA,"TIPO I",TÉRMICA,Gás,"Jaguatirica II",RRJII,UTE.GN.RR.044619-0.01,8085400000
"2022-05-11 12:00:00",N,NORTE,RR,RORAIMA,"TIPO I",TÉRMICA,Gás,"Jaguatirica II",RRJII,UTE.GN.RR.044619-0.01,8092300000
"2022-05-11 13:00:00",N,NORTE,RR,RORAIMA,"TIPO I",TÉRMICA,Gás,"Jaguatirica II",RRJII,UTE.GN.RR.044619-0.01,8098400000
"2022-05-11 14:00:00",N,NORTE,RR,RORAIMA,"TIPO I",TÉRMICA,Gás,"Jaguatirica II",RRJII,UTE.GN.RR.044619-0.01,8716000000
"2022-05-11 15:00:00",N,NORTE,RR,RORAIMA,"TIPO I",TÉRMICA,Gás,"Jaguatirica II",RRJII,UTE.GN.RR.044619-0.01,7414700000
"2022-05-11 16:00:00",N,NORTE,RR,RORAIMA,"TIPO I",TÉRMICA,Gás,"Jaguatirica II",RRJII,UTE.GN.RR.044619-0.01,5140500000
"2022-05-11 17:00:00",N,NORTE,RR,RORAIMA,"TIPO I",TÉRMICA,Gás,"Jaguatirica II",RRJII,UTE.GN.RR.044619-0.01,5131600000
"2022-05-11 18:00:00",N,NORTE,RR,RORAIMA,"TIPO I",TÉRMICA,Gás,"Jaguatirica II",RRJII,UTE.GN.RR.044619-0.01,5101900000
"2022-05-11 19:00:00",N,NORTE,RR,RORAIMA,"TIPO I",TÉRMICA,Gás,"Jaguatirica II",RRJII,UTE.GN.RR.044619-0.01,5061700000
"2022-05-11 20:00:00",N,NORTE,RR,RORAIMA,"TIPO I",TÉRMICA,Gás,"Jaguatirica II",RRJII,UTE.GN.RR.044619-0.01,5046400000
"2022-05-11 21:00:00",N,NORTE,RR,RORAIMA,"TIPO I",TÉRMICA,Gás,"Jaguatirica II",RRJII,UTE.GN.RR.044619-0.01,5162000000
"2022-05-11 22:00:00",N,NORTE,RR,RORAIMA,"TIPO I",TÉRMICA,Gás,"Jaguatirica II",RRJII,UTE.GN.RR.044619-0.01,6370400000
"2022-05-11 23:00:00",N,NORTE,RR,RORAIMA,"TIPO I",TÉRMICA,Gás,"Jaguatirica II",RRJII,UTE.GN.RR.044619-0.01,8681300000
"2022-05-12 00:00:00",N,NORTE,RR,RORAIMA,"TIPO I",TÉRMICA,Gás,"Jaguatirica II",RRJII,UTE.GN.RR.044619-0.01,11112000000
"2022-05-12 01:00:00",N,NORTE,RR,RORAIMA,"TIPO I",TÉRMICA,Gás,"Jaguatirica II",RRJII,UTE.GN.RR.044619-0.01,11191900000
"2022-05-12 02:00:00",N,NORTE,RR,RORAIMA,"TIPO I",TÉRMICA,Gás,"Jaguatirica II",RRJII,UTE.GN.RR.044619-0.01,10935800000
"2022-05-12 03:00:00",N,NORTE,RR,RORAIMA,"TIPO I",TÉRMICA,Gás,"Jaguatirica II",RRJII,UTE.GN.RR.044619-0.01,10497800000
"2022-05-12 04:00:00",N,NORTE,RR,RORAIMA,"TIPO I",TÉRMICA,Gás,"Jaguatirica II",RRJII,UTE.GN.RR.044619-0.01,10274300000
"2022-05-12 05:00:00",N,NORTE,RR,RORAIMA,"TIPO I",TÉRMICA,Gás,"Jaguatirica II",RRJII,UTE.GN.RR.044619-0.01,9734700000
"2022-05-12 06:00:00",N,NORTE,RR,RORAIMA,"TIPO I",TÉRMICA,Gás,"Jaguatirica II",RRJII,UTE.GN.RR.044619-0.01,9018300000
"2022-05-12 07:00:00",N,NORTE,RR,RORAIMA,"TIPO I",TÉRMICA,Gás,"Jaguatirica II",RRJII,UTE.GN.RR.044619-0.01,7009800000
"2022-05-12 08:00:00",N,NORTE,RR,RORAIMA,"TIPO I",TÉRMICA,Gás,"Jaguatirica II",RRJII,UTE.GN.RR.044619-0.01,6765100000
"2022-05-12 09:00:00",N,NORTE,RR,RORAIMA,"TIPO I",TÉRMICA,Gás,"Jaguatirica II",RRJII,UTE.GN.RR.044619-0.01,8423900000
"2022-05-12 10:00:00",N,NORTE,RR,RORAIMA,"TIPO I",TÉRMICA,Gás,"Jaguatirica II",RRJII,UTE.GN.RR.044619-0.01,8983500000
"2022-05-12 11:00:00",N,NORTE,RR,RORAIMA,"TIPO I",TÉRMICA,Gás,"Jaguatirica II",RRJII,UTE.GN.RR.044619-0.01,8997400000
"2022-05-12 12:00:00",N,NORTE,RR,RORAIMA,"TIPO I",TÉRMICA,Gás,"Jaguatirica II",RRJII,UTE.GN.RR.044619-0.01,9671700000
"2022-05-12 13:00:00",N,NORTE,RR,RORAIMA,"TIPO I",TÉRMICA,Gás,"Jaguatirica II",RRJII,UTE.GN.RR.044619-0.01,10495200000
"2022-05-12 14:00:00",N,NORTE,RR,RORAIMA,"TIPO I",TÉRMICA,Gás,"Jaguatirica II",RRJII,UTE.GN.RR.044619-0.01,10848100000
"2022-05-12 15:00:00",N,NORTE,RR,RORAIMA,"TIPO I",TÉRMICA,Gás,"Jaguatirica II",RRJII,UTE.GN.RR.044619-0.01,12060200000
"2022-05-12 16:00:00",N,NORTE,RR,RORAIMA,"TIPO I",TÉRMICA,Gás,"Jaguatirica II",RRJII,UTE.GN.RR.044619-0.01,12635300000
"2022-05-12 17:00:00",N,NORTE,RR,RORAIMA,"TIPO I",TÉRMICA,Gás,"Jaguatirica II",RRJII,UTE.GN.RR.044619-0.01,12348200000
"2022-05-12 18:00:00",N,NORTE,RR,RORAIMA,"TIPO I",TÉRMICA,Gás,"Jaguatirica II",RRJII,UTE.GN.RR.044619-0.01,11183000000
"2022-05-12 19:00:00",N,NORTE,RR,RORAIMA,"TIPO I",TÉRMICA,Gás,"Jaguatirica II",RRJII,UTE.GN.RR.044619-0.01,10567700000
"2022-05-12 20:00:00",N,NORTE,RR,RORAIMA,"TIPO I",TÉRMICA,Gás,"Jaguatirica II",RRJII,UTE.GN.RR.044619-0.01,11810600000
"2022-05-12 21:00:00",N,NORTE,RR,RORAIMA,"TIPO I",TÉRMICA,Gás,"Jaguatirica II",RRJII,UTE.GN.RR.044619-0.01,11953100000
"2022-05-12 22:00:00",N,NORTE,RR,RORAIMA,"TIPO I",TÉRMICA,Gás,"Jaguatirica II",RRJII,UTE.GN.RR.044619-0.01,11941100000
"2022-05-12 23:00:00",N,NORTE,RR,RORAIMA,"TIPO I",TÉRMICA,Gás,"Jaguatirica II",RRJII,UTE.GN.RR.044619-0.01,11758500000
"2022-05-13 00:00:00",N,NORTE,RR,RORAIMA,"TIPO I",TÉRMICA,Gás,"Jaguatirica II",RRJII,UTE.GN.RR.044619-0.01,11566000000
"2022-05-13 01:00:00",N,NORTE,RR,RORAIMA,"TIPO I",TÉRMICA,Gás,"Jaguatirica II",RRJII,UTE.GN.RR.044619-0.01,11614300000
"2022-05-13 02:00:00",N,NORTE,RR,RORAIMA,"TIPO I",TÉRMICA,Gás,"Jaguatirica II",RRJII,UTE.GN.RR.044619-0.01,11636800000
"2022-05-13 03:00:00",N,NORTE,RR,RORAIMA,"TIPO I",TÉRMICA,Gás,"Jaguatirica II",RRJII,UTE.GN.RR.044619-0.01,11157800000
"2022-05-13 04:00:00",N,NORTE,RR,RORAIMA,"TIPO I",TÉRMICA,Gás,"Jaguatirica II",RRJII,UTE.GN.RR.044619-0.01,9970800000
"2022-05-13 05:00:00",N,NORTE,RR,RORAIMA,"TIPO I",TÉRMICA,Gás,"Jaguatirica II",RRJII,UTE.GN.RR.044619-0.01,9421200000
"2022-05-13 06:00:00",N,NORTE,RR,RORAIMA,"TIPO I",TÉRMICA,Gás,"Jaguatirica II",RRJII,UTE.GN.RR.044619-0.01,8591000000
"2022-05-13 07:00:00",N,NORTE,RR,RORAIMA,"TIPO I",TÉRMICA,Gás,"Jaguatirica II",RRJII,UTE.GN.RR.044619-0.01,7321100000
"2022-05-13 08:00:00",N,NORTE,RR,RORAIMA,"TIPO I",TÉRMICA,Gás,"Jaguatirica II",RRJII,UTE.GN.RR.044619-0.01,7038300000
"2022-05-13 09:00:00",N,NORTE,RR,RORAIMA,"TIPO I",TÉRMICA,Gás,"Jaguatirica II",RRJII,UTE.GN.RR.044619-0.01,7470800000
"2022-05-13 10:00:00",N,NORTE,RR,RORAIMA,"TIPO I",TÉRMICA,Gás,"Jaguatirica II",RRJII,UTE.GN.RR.044619-0.01,7509200000
"2022-05-13 11:00:00",N,NORTE,RR,RORAIMA,"TIPO I",TÉRMICA,Gás,"Jaguatirica II",RRJII,UTE.GN.RR.044619-0.01,7511100000
"2022-05-13 12:00:00",N,NORTE,RR,RORAIMA,"TIPO I",TÉRMICA,Gás,"Jaguatirica II",RRJII,UTE.GN.RR.044619-0.01,7491100000
"2022-05-13 13:00:00",N,NORTE,RR,RORAIMA,"TIPO I",TÉRMICA,Gás,"Jaguatirica II",RRJII,UTE.GN.RR.044619-0.01,7477300000
"2022-05-13 14:00:00",N,NORTE,RR,RORAIMA,"TIPO I",TÉRMICA,Gás,"Jaguatirica II",RRJII,UTE.GN.RR.044619-0.01,8164300000
"2022-05-13 15:00:00",N,NORTE,RR,RORAIMA,"TIPO I",TÉRMICA,Gás,"Jaguatirica II",RRJII,UTE.GN.RR.044619-0.01,8946600000
"2022-05-13 16:00:00",N,NORTE,RR,RORAIMA,"TIPO I",TÉRMICA,Gás,"Jaguatirica II",RRJII,UTE.GN.RR.044619-0.01,8933300000
"2022-05-13 17:00:00",N,NORTE,RR,RORAIMA,"TIPO I",TÉRMICA,Gás,"Jaguatirica II",RRJII,UTE.GN.RR.044619-0.01,8948600000
"2022-05-13 18:00:00",N,NORTE,RR,RORAIMA,"TIPO I",TÉRMICA,Gás,"Jaguatirica II",RRJII,UTE.GN.RR.044619-0.01,8902200000
"2022-05-13 19:00:00",N,NORTE,RR,RORAIMA,"TIPO I",TÉRMICA,Gás,"Jaguatirica II",RRJII,UTE.GN.RR.044619-0.01,8771200000
"2022-05-13 20:00:00",N,NORTE,RR,RORAIMA,"TIPO I",TÉRMICA,Gás,"Jaguatirica II",RRJII,UTE.GN.RR.044619-0.01,9346900000
"2022-05-13 21:00:00",N,NORTE,RR,RORAIMA,"TIPO I",TÉRMICA,Gás,"Jaguatirica II",RRJII,UTE.GN.RR.044619-0.01,9299300000
"2022-05-13 22:00:00",N,NORTE,RR,RORAIMA,"TIPO I",TÉRMICA,Gás,"Jaguatirica II",RRJII,UTE.GN.RR.044619-0.01,9298800000
"2022-05-13 23:00:00",N,NORTE,RR,RORAIMA,"TIPO I",TÉRMICA,Gás,"Jaguatirica II",RRJII,UTE.GN.RR.044619-0.01,10174800000
"2022-05-14 00:00:00",N,NORTE,RR,RORAIMA,"TIPO I",TÉRMICA,Gás,"Jaguatirica II",RRJII,UTE.GN.RR.044619-0.01,10239100000
"2022-05-14 01:00:00",N,NORTE,RR,RORAIMA,"TIPO I",TÉRMICA,Gás,"Jaguatirica II",RRJII,UTE.GN.RR.044619-0.01,10240400000
"2022-05-14 02:00:00",N,NORTE,RR,RORAIMA,"TIPO I",TÉRMICA,Gás,"Jaguatirica II",RRJII,UTE.GN.RR.044619-0.01,9845800000
"2022-05-14 03:00:00",N,NORTE,RR,RORAIMA,"TIPO I",TÉRMICA,Gás,"Jaguatirica II",RRJII,UTE.GN.RR.044619-0.01,9283300000
"2022-05-14 04:00:00",N,NORTE,RR,RORAIMA,"TIPO I",TÉRMICA,Gás,"Jaguatirica II",RRJII,UTE.GN.RR.044619-0.01,8445000000
"2022-05-14 05:00:00",N,NORTE,RR,RORAIMA,"TIPO I",TÉRMICA,Gás,"Jaguatirica II",RRJII,UTE.GN.RR.044619-0.01,8295900000
"2022-05-14 06:00:00",N,NORTE,RR,RORAIMA,"TIPO I",TÉRMICA,Gás,"Jaguatirica II",RRJII,UTE.GN.RR.044619-0.01,7539700000
"2022-05-14 07:00:00",N,NORTE,RR,RORAIMA,"TIPO I",TÉRMICA,Gás,"Jaguatirica II",RRJII,UTE.GN.RR.044619-0.01,7076100000
"2022-05-14 08:00:00",N,NORTE,RR,RORAIMA,"TIPO I",TÉRMICA,Gás,"Jaguatirica II",RRJII,UTE.GN.RR.044619-0.01,6565500000
"2022-05-14 09:00:00",N,NORTE,RR,RORAIMA,"TIPO I",TÉRMICA,Gás,"Jaguatirica II",RRJII,UTE.GN.RR.044619-0.01,6587100000
"2022-05-14 10:00:00",N,NORTE,RR,RORAIMA,"TIPO I",TÉRMICA,Gás,"Jaguatirica II",RRJII,UTE.GN.RR.044619-0.01,7164900000
"2022-05-14 11:00:00",N,NORTE,RR,RORAIMA,"TIPO I",TÉRMICA,Gás,"Jaguatirica II",RRJII,UTE.GN.RR.044619-0.01,7277000000
"2022-05-14 12:00:00",N,NORTE,RR,RORAIMA,"TIPO I",TÉRMICA,Gás,"Jaguatirica II",RRJII,UTE.GN.RR.044619-0.01,7208500000
"2022-05-14 13:00:00",N,NORTE,RR,RORAIMA,"TIPO I",TÉRMICA,Gás,"Jaguatirica II",RRJII,UTE.GN.RR.044619-0.01,7226200000
"2022-05-14 14:00:00",N,NORTE,RR,RORAIMA,"TIPO I",TÉRMICA,Gás,"Jaguatirica II",RRJII,UTE.GN.RR.044619-0.01,7671000000
"2022-05-14 15:00:00",N,NORTE,RR,RORAIMA,"TIPO I",TÉRMICA,Gás,"Jaguatirica II",RRJII,UTE.GN.RR.044619-0.01,8558400000
"2022-05-14 16:00:00",N,NORTE,RR,RORAIMA,"TIPO I",TÉRMICA,Gás,"Jaguatirica II",RRJII,UTE.GN.RR.044619-0.01,9018600000
"2022-05-14 17:00:00",N,NORTE,RR,RORAIMA,"TIPO I",TÉRMICA,Gás,"Jaguatirica II",RRJII,UTE.GN.RR.044619-0.01,9022000000
"2022-05-14 18:00:00",N,NORTE,RR,RORAIMA,"TIPO I",TÉRMICA,Gás,"Jaguatirica II",RRJII,UTE.GN.RR.044619-0.01,8992600000
"2022-05-14 19:00:00",N,NORTE,RR,RORAIMA,"TIPO I",TÉRMICA,Gás,"Jaguatirica II",RRJII,UTE.GN.RR.044619-0.01,9427100000
"2022-05-14 20:00:00",N,NORTE,RR,RORAIMA,"TIPO I",TÉRMICA,Gás,"Jaguatirica II",RRJII,UTE.GN.RR.044619-0.01,10622700000
"2022-05-14 21:00:00",N,NORTE,RR,RORAIMA,"TIPO I",TÉRMICA,Gás,"Jaguatirica II",RRJII,UTE.GN.RR.044619-0.01,10959700000
"2022-05-14 22:00:00",N,NORTE,RR,RORAIMA,"TIPO I",TÉRMICA,Gás,"Jaguatirica II",RRJII,UTE.GN.RR.044619-0.01,10926200000
"2022-05-14 23:00:00",N,NORTE,RR,RORAIMA,"TIPO I",TÉRMICA,Gás,"Jaguatirica II",RRJII,UTE.GN.RR.044619-0.01,10886200000
"2022-05-15 00:00:00",N,NORTE,RR,RORAIMA,"TIPO I",TÉRMICA,Gás,"Jaguatirica II",RRJII,UTE.GN.RR.044619-0.01,10887100000
"2022-05-15 01:00:00",N,NORTE,RR,RORAIMA,"TIPO I",TÉRMICA,Gás,"Jaguatirica II",RRJII,UTE.GN.RR.044619-0.01,10884200000
"2022-05-15 02:00:00",N,NORTE,RR,RORAIMA,"TIPO I",TÉRMICA,Gás,"Jaguatirica II",RRJII,UTE.GN.RR.044619-0.01,10894900000
"2022-05-15 03:00:00",N,NORTE,RR,RORAIMA,"TIPO I",TÉRMICA,Gás,"Jaguatirica II",RRJII,UTE.GN.RR.044619-0.01,10887600000
"2022-05-15 04:00:00",N,NORTE,RR,RORAIMA,"TIPO I",TÉRMICA,Gás,"Jaguatirica II",RRJII,UTE.GN.RR.044619-0.01,10059900000
"2022-05-15 05:00:00",N,NORTE,RR,RORAIMA,"TIPO I",TÉRMICA,Gás,"Jaguatirica II",RRJII,UTE.GN.RR.044619-0.01,9430100000
"2022-05-15 06:00:00",N,NORTE,RR,RORAIMA,"TIPO I",TÉRMICA,Gás,"Jaguatirica II",RRJII,UTE.GN.RR.044619-0.01,9293800000
"2022-05-15 07:00:00",N,NORTE,RR,RORAIMA,"TIPO I",TÉRMICA,Gás,"Jaguatirica II",RRJII,UTE.GN.RR.044619-0.01,7784800000
"2022-05-15 08:00:00",N,NORTE,RR,RORAIMA,"TIPO I",TÉRMICA,Gás,"Jaguatirica II",RRJII,UTE.GN.RR.044619-0.01,7388200000
"2022-05-15 09:00:00",N,NORTE,RR,RORAIMA,"TIPO I",TÉRMICA,Gás,"Jaguatirica II",RRJII,UTE.GN.RR.044619-0.01,6940200000
"2022-05-15 10:00:00",N,NORTE,RR,RORAIMA,"TIPO I",TÉRMICA,Gás,"Jaguatirica II",RRJII,UTE.GN.RR.044619-0.01,6961100000
"2022-05-15 11:00:00",N,NORTE,RR,RORAIMA,"TIPO I",TÉRMICA,Gás,"Jaguatirica II",RRJII,UTE.GN.RR.044619-0.01,7044500000
"2022-05-15 12:00:00",N,NORTE,RR,RORAIMA,"TIPO I",TÉRMICA,Gás,"Jaguatirica II",RRJII,UTE.GN.RR.044619-0.01,6575400000
"2022-05-15 13:00:00",N,NORTE,RR,RORAIMA,"TIPO I",TÉRMICA,Gás,"Jaguatirica II",RRJII,UTE.GN.RR.044619-0.01,6722200000
"2022-05-15 14:00:00",N,NORTE,RR,RORAIMA,"TIPO I",TÉRMICA,Gás,"Jaguatirica II",RRJII,UTE.GN.RR.044619-0.01,7565400000
"2022-05-15 15:00:00",N,NORTE,RR,RORAIMA,"TIPO I",TÉRMICA,Gás,"Jaguatirica II",RRJII,UTE.GN.RR.044619-0.01,8061600000
"2022-05-15 16:00:00",N,NORTE,RR,RORAIMA,"TIPO I",TÉRMICA,Gás,"Jaguatirica II",RRJII,UTE.GN.RR.044619-0.01,8668600000
"2022-05-15 17:00:00",N,NORTE,RR,RORAIMA,"TIPO I",TÉRMICA,Gás,"Jaguatirica II",RRJII,UTE.GN.RR.044619-0.01,9005000000
"2022-05-15 18:00:00",N,NORTE,RR,RORAIMA,"TIPO I",TÉRMICA,Gás,"Jaguatirica II",RRJII,UTE.GN.RR.044619-0.01,8186300000
"2022-05-15 19:00:00",N,NORTE,RR,RORAIMA,"TIPO I",TÉRMICA,Gás,"Jaguatirica II",RRJII,UTE.GN.RR.044619-0.01,9407900000
"2022-05-15 20:00:00",N,NORTE,RR,RORAIMA,"TIPO I",TÉRMICA,Gás,"Jaguatirica II",RRJII,UTE.GN.RR.044619-0.01,10376500000
"2022-05-15 21:00:00",N,NORTE,RR,RORAIMA,"TIPO I",TÉRMICA,Gás,"Jaguatirica II",RRJII,UTE.GN.RR.044619-0.01,10406900000
"2022-05-15 22:00:00",N,NORTE,RR,RORAIMA,"TIPO I",TÉRMICA,Gás,"Jaguatirica II",RRJII,UTE.GN.RR.044619-0.01,10456900000
"2022-05-15 23:00:00",N,NORTE,RR,RORAIMA,"TIPO I",TÉRMICA,Gás,"Jaguatirica II",RRJII,UTE.GN.RR.044619-0.01,10931300000
"2022-05-16 00:00:00",N,NORTE,RR,RORAIMA,"TIPO I",TÉRMICA,Gás,"Jaguatirica II",RRJII,UTE.GN.RR.044619-0.01,10938500000
"2022-05-16 01:00:00",N,NORTE,RR,RORAIMA,"TIPO I",TÉRMICA,Gás,"Jaguatirica II",RRJII,UTE.GN.RR.044619-0.01,10570800000
"2022-05-16 02:00:00",N,NORTE,RR,RORAIMA,"TIPO I",TÉRMICA,Gás,"Jaguatirica II",RRJII,UTE.GN.RR.044619-0.01,9848000000
"2022-05-16 03:00:00",N,NORTE,RR,RORAIMA,"TIPO I",TÉRMICA,Gás,"Jaguatirica II",RRJII,UTE.GN.RR.044619-0.01,9489800000
"2022-05-16 04:00:00",N,NORTE,RR,RORAIMA,"TIPO I",TÉRMICA,Gás,"Jaguatirica II",RRJII,UTE.GN.RR.044619-0.01,9521900000
"2022-05-16 05:00:00",N,NORTE,RR,RORAIMA,"TIPO I",TÉRMICA,Gás,"Jaguatirica II",RRJII,UTE.GN.RR.044619-0.01,9393100000
"2022-05-16 06:00:00",N,NORTE,RR,RORAIMA,"TIPO I",TÉRMICA,Gás,"Jaguatirica II",RRJII,UTE.GN.RR.044619-0.01,8526200000
"2022-05-16 07:00:00",N,NORTE,RR,RORAIMA,"TIPO I",TÉRMICA,Gás,"Jaguatirica II",RRJII,UTE.GN.RR.044619-0.01,7761200000
"2022-05-16 08:00:00",N,NORTE,RR,RORAIMA,"TIPO I",TÉRMICA,Gás,"Jaguatirica II",RRJII,UTE.GN.RR.044619-0.01,7617800000
"2022-05-16 09:00:00",N,NORTE,RR,RORAIMA,"TIPO I",TÉRMICA,Gás,"Jaguatirica II",RRJII,UTE.GN.RR.044619-0.01,8167400000
"2022-05-16 10:00:00",N,NORTE,RR,RORAIMA,"TIPO I",TÉRMICA,Gás,"Jaguatirica II",RRJII,UTE.GN.RR.044619-0.01,9124800000
"2022-05-16 11:00:00",N,NORTE,RR,RORAIMA,"TIPO I",TÉRMICA,Gás,"Jaguatirica II",RRJII,UTE.GN.RR.044619-0.01,9484100000
"2022-05-16 12:00:00",N,NORTE,RR,RORAIMA,"TIPO I",TÉRMICA,Gás,"Jaguatirica II",RRJII,UTE.GN.RR.044619-0.01,9456300000
"2022-05-16 13:00:00",N,NORTE,RR,RORAIMA,"TIPO I",TÉRMICA,Gás,"Jaguatirica II",RRJII,UTE.GN.RR.044619-0.01,9320200000
"2022-05-16 14:00:00",N,NORTE,RR,RORAIMA,"TIPO I",TÉRMICA,Gás,"Jaguatirica II",RRJII,UTE.GN.RR.044619-0.01,9998500000
"2022-05-16 15:00:00",N,NORTE,RR,RORAIMA,"TIPO I",TÉRMICA,Gás,"Jaguatirica II",RRJII,UTE.GN.RR.044619-0.01,11349500000
"2022-05-16 16:00:00",N,NORTE,RR,RORAIMA,"TIPO I",TÉRMICA,Gás,"Jaguatirica II",RRJII,UTE.GN.RR.044619-0.01,11724800000
"2022-05-16 17:00:00",N,NORTE,RR,RORAIMA,"TIPO I",TÉRMICA,Gás,"Jaguatirica II",RRJII,UTE.GN.RR.044619-0.01,11211700000
"2022-05-16 18:00:00",N,NORTE,RR,RORAIMA,"TIPO I",TÉRMICA,Gás,"Jaguatirica II",RRJII,UTE.GN.RR.044619-0.01,9183700000
"2022-05-16 19:00:00",N,NORTE,RR,RORAIMA,"TIPO I",TÉRMICA,Gás,"Jaguatirica II",RRJII,UTE.GN.RR.044619-0.01,6873500000
"2022-05-16 20:00:00",N,NORTE,RR,RORAIMA,"TIPO I",TÉRMICA,Gás,"Jaguatirica II",RRJII,UTE.GN.RR.044619-0.01,7266100000
"2022-05-16 21:00:00",N,NORTE,RR,RORAIMA,"TIPO I",TÉRMICA,Gás,"Jaguatirica II",RRJII,UTE.GN.RR.044619-0.01,6582800000
"2022-05-16 22:00:00",N,NORTE,RR,RORAIMA,"TIPO I",TÉRMICA,Gás,"Jaguatirica II",RRJII,UTE.GN.RR.044619-0.01,6525100000
"2022-05-16 23:00:00",N,NORTE,RR,RORAIMA,"TIPO I",TÉRMICA,Gás,"Jaguatirica II",RRJII,UTE.GN.RR.044619-0.01,6955900000
"2022-05-17 00:00:00",N,NORTE,RR,RORAIMA,"TIPO I",TÉRMICA,Gás,"Jaguatirica II",RRJII,UTE.GN.RR.044619-0.01,7565600000
"2022-05-17 01:00:00",N,NORTE,RR,RORAIMA,"TIPO I",TÉRMICA,Gás,"Jaguatirica II",RRJII,UTE.GN.RR.044619-0.01,8338500000
"2022-05-17 02:00:00",N,NORTE,RR,RORAIMA,"TIPO I",TÉRMICA,Gás,"Jaguatirica II",RRJII,UTE.GN.RR.044619-0.01,9413500000
"2022-05-17 03:00:00",N,NORTE,RR,RORAIMA,"TIPO I",TÉRMICA,Gás,"Jaguatirica II",RRJII,UTE.GN.RR.044619-0.01,9479900000
"2022-05-17 04:00:00",N,NORTE,RR,RORAIMA,"TIPO I",TÉRMICA,Gás,"Jaguatirica II",RRJII,UTE.GN.RR.044619-0.01,8433300000
"2022-05-17 05:00:00",N,NORTE,RR,RORAIMA,"TIPO I",TÉRMICA,Gás,"Jaguatirica II",RRJII,UTE.GN.RR.044619-0.01,7956400000
"2022-05-17 06:00:00",N,NORTE,RR,RORAIMA,"TIPO I",TÉRMICA,Gás,"Jaguatirica II",RRJII,UTE.GN.RR.044619-0.01,7581200000
"2022-05-17 07:00:00",N,NORTE,RR,RORAIMA,"TIPO I",TÉRMICA,Gás,"Jaguatirica II",RRJII,UTE.GN.RR.044619-0.01,7491900000
"2022-05-17 08:00:00",N,NORTE,RR,RORAIMA,"TIPO I",TÉRMICA,Gás,"Jaguatirica II",RRJII,UTE.GN.RR.044619-0.01,7627600000
"2022-05-17 09:00:00",N,NORTE,RR,RORAIMA,"TIPO I",TÉRMICA,Gás,"Jaguatirica II",RRJII,UTE.GN.RR.044619-0.01,8665000000
"2022-05-17 10:00:00",N,NORTE,RR,RORAIMA,"TIPO I",TÉRMICA,Gás,"Jaguatirica II",RRJII,UTE.GN.RR.044619-0.01,8419900000
"2022-05-17 11:00:00",N,NORTE,RR,RORAIMA,"TIPO I",TÉRMICA,Gás,"Jaguatirica II",RRJII,UTE.GN.RR.044619-0.01,6479400000
"2022-05-17 12:00:00",N,NORTE,RR,RORAIMA,"TIPO I",TÉRMICA,Gás,"Jaguatirica II",RRJII,UTE.GN.RR.044619-0.01,6634100000
"2022-05-17 13:00:00",N,NORTE,RR,RORAIMA,"TIPO I",TÉRMICA,Gás,"Jaguatirica II",RRJII,UTE.GN.RR.044619-0.01,6715300000
"2022-05-17 14:00:00",N,NORTE,RR,RORAIMA,"TIPO I",TÉRMICA,Gás,"Jaguatirica II",RRJII,UTE.GN.RR.044619-0.01,6735600000
"2022-05-17 15:00:00",N,NORTE,RR,RORAIMA,"TIPO I",TÉRMICA,Gás,"Jaguatirica II",RRJII,UTE.GN.RR.044619-0.01,6697300000
"2022-05-17 16:00:00",N,NORTE,RR,RORAIMA,"TIPO I",TÉRMICA,Gás,"Jaguatirica II",RRJII,UTE.GN.RR.044619-0.01,6683200000
"2022-05-17 17:00:00",N,NORTE,RR,RORAIMA,"TIPO I",TÉRMICA,Gás,"Jaguatirica II",RRJII,UTE.GN.RR.044619-0.01,6720900000
"2022-05-17 18:00:00",N,NORTE,RR,RORAIMA,"TIPO I",TÉRMICA,Gás,"Jaguatirica II",RRJII,UTE.GN.RR.044619-0.01,6697300000
"2022-05-17 19:00:00",N,NORTE,RR,RORAIMA,"TIPO I",TÉRMICA,Gás,"Jaguatirica II",RRJII,UTE.GN.RR.044619-0.01,6677200000
"2022-05-17 20:00:00",N,NORTE,RR,RORAIMA,"TIPO I",TÉRMICA,Gás,"Jaguatirica II",RRJII,UTE.GN.RR.044619-0.01,6619900000
"2022-05-17 21:00:00",N,NORTE,RR,RORAIMA,"TIPO I",TÉRMICA,Gás,"Jaguatirica II",RRJII,UTE.GN.RR.044619-0.01,6297200000
"2022-05-17 22:00:00",N,NORTE,RR,RORAIMA,"TIPO I",TÉRMICA,Gás,"Jaguatirica II",RRJII,UTE.GN.RR.044619-0.01,6518300000
"2022-05-17 23:00:00",N,NORTE,RR,RORAIMA,"TIPO I",TÉRMICA,Gás,"Jaguatirica II",RRJII,UTE.GN.RR.044619-0.01,6598800000
"2022-05-18 00:00:00",N,NORTE,RR,RORAIMA,"TIPO I",TÉRMICA,Gás,"Jaguatirica II",RRJII,UTE.GN.RR.044619-0.01,5452700000
"2022-05-18 01:00:00",N,NORTE,RR,RORAIMA,"TIPO I",TÉRMICA,Gás,"Jaguatirica II",RRJII,UTE.GN.RR.044619-0.01,1392300000
"2022-05-18 02:00:00",N,NORTE,RR,RORAIMA,"TIPO I",TÉRMICA,Gás,"Jaguatirica II",RRJII,UTE.GN.RR.044619-0.01,200000
"2022-05-18 03:00:00",N,NORTE,RR,RORAIMA,"TIPO I",TÉRMICA,Gás,"Jaguatirica II",RRJII,UTE.GN.RR.044619-0.01,200000
"2022-05-18 04:00:00",N,NORTE,RR,RORAIMA,"TIPO I",TÉRMICA,Gás,"Jaguatirica II",RRJII,UTE.GN.RR.044619-0.01,200000
"2022-05-18 05:00:00",N,NORTE,RR,RORAIMA,"TIPO I",TÉRMICA,Gás,"Jaguatirica II",RRJII,UTE.GN.RR.044619-0.01,200000
"2022-05-18 06:00:00",N,NORTE,RR,RORAIMA,"TIPO I",TÉRMICA,Gás,"Jaguatirica II",RRJII,UTE.GN.RR.044619-0.01,200000
"2022-05-18 07:00:00",N,NORTE,RR,RORAIMA,"TIPO I",TÉRMICA,Gás,"Jaguatirica II",RRJII,UTE.GN.RR.044619-0.01,200000
"2022-05-18 08:00:00",N,NORTE,RR,RORAIMA,"TIPO I",TÉRMICA,Gás,"Jaguatirica II",RRJII,UTE.GN.RR.044619-0.01,200000
"2022-05-18 09:00:00",N,NORTE,RR,RORAIMA,"TIPO I",TÉRMICA,Gás,"Jaguatirica II",RRJII,UTE.GN.RR.044619-0.01,200000
"2022-05-18 10:00:00",N,NORTE,RR,RORAIMA,"TIPO I",TÉRMICA,Gás,"Jaguatirica II",RRJII,UTE.GN.RR.044619-0.01,200000
"2022-05-18 11:00:00",N,NORTE,RR,RORAIMA,"TIPO I",TÉRMICA,Gás,"Jaguatirica II",RRJII,UTE.GN.RR.044619-0.01,200000
"2022-05-18 12:00:00",N,NORTE,RR,RORAIMA,"TIPO I",TÉRMICA,Gás,"Jaguatirica II",RRJII,UTE.GN.RR.044619-0.01,200000
"2022-05-18 13:00:00",N,NORTE,RR,RORAIMA,"TIPO I",TÉRMICA,Gás,"Jaguatirica II",RRJII,UTE.GN.RR.044619-0.01,200000
"2022-05-18 14:00:00",N,NORTE,RR,RORAIMA,"TIPO I",TÉRMICA,Gás,"Jaguatirica II",RRJII,UTE.GN.RR.044619-0.01,200000
"2022-05-18 15:00:00",N,NORTE,RR,RORAIMA,"TIPO I",TÉRMICA,Gás,"Jaguatirica II",RRJII,UTE.GN.RR.044619-0.01,200000
"2022-05-18 16:00:00",N,NORTE,RR,RORAIMA,"TIPO I",TÉRMICA,Gás,"Jaguatirica II",RRJII,UTE.GN.RR.044619-0.01,200000
"2022-05-18 17:00:00",N,NORTE,RR,RORAIMA,"TIPO I",TÉRMICA,Gás,"Jaguatirica II",RRJII,UTE.GN.RR.044619-0.01,200000
"2022-05-18 18:00:00",N,NORTE,RR,RORAIMA,"TIPO I",TÉRMICA,Gás,"Jaguatirica II",RRJII,UTE.GN.RR.044619-0.01,200000
"2022-05-18 19:00:00",N,NORTE,RR,RORAIMA,"TIPO I",TÉRMICA,Gás,"Jaguatirica II",RRJII,UTE.GN.RR.044619-0.01,200000
"2022-05-18 20:00:00",N,NORTE,RR,RORAIMA,"TIPO I",TÉRMICA,Gás,"Jaguatirica II",RRJII,UTE.GN.RR.044619-0.01,200000
"2022-05-18 21:00:00",N,NORTE,RR,RORAIMA,"TIPO I",TÉRMICA,Gás,"Jaguatirica II",RRJII,UTE.GN.RR.044619-0.01,200000
"2022-05-18 22:00:00",N,NORTE,RR,RORAIMA,"TIPO I",TÉRMICA,Gás,"Jaguatirica II",RRJII,UTE.GN.RR.044619-0.01,200000
"2022-05-18 23:00:00",N,NORTE,RR,RORAIMA,"TIPO I",TÉRMICA,Gás,"Jaguatirica II",RRJII,UTE.GN.RR.044619-0.01,200000
"2022-05-19 00:00:00",N,NORTE,RR,RORAIMA,"TIPO I",TÉRMICA,Gás,"Jaguatirica II",RRJII,UTE.GN.RR.044619-0.01,200000
"2022-05-19 01:00:00",N,NORTE,RR,RORAIMA,"TIPO I",TÉRMICA,Gás,"Jaguatirica II",RRJII,UTE.GN.RR.044619-0.01,200000
"2022-05-19 02:00:00",N,NORTE,RR,RORAIMA,"TIPO I",TÉRMICA,Gás,"Jaguatirica II",RRJII,UTE.GN.RR.044619-0.01,200000
"2022-05-19 03:00:00",N,NORTE,RR,RORAIMA,"TIPO I",TÉRMICA,Gás,"Jaguatirica II",RRJII,UTE.GN.RR.044619-0.01,200000
"2022-05-19 04:00:00",N,NORTE,RR,RORAIMA,"TIPO I",TÉRMICA,Gás,"Jaguatirica II",RRJII,UTE.GN.RR.044619-0.01,200000
"2022-05-19 05:00:00",N,NORTE,RR,RORAIMA,"TIPO I",TÉRMICA,Gás,"Jaguatirica II",RRJII,UTE.GN.RR.044619-0.01,200000
"2022-05-19 06:00:00",N,NORTE,RR,RORAIMA,"TIPO I",TÉRMICA,Gás,"Jaguatirica II",RRJII,UTE.GN.RR.044619-0.01,200000
"2022-05-19 07:00:00",N,NORTE,RR,RORAIMA,"TIPO I",TÉRMICA,Gás,"Jaguatirica II",RRJII,UTE.GN.RR.044619-0.01,200000
"2022-05-19 08:00:00",N,NORTE,RR,RORAIMA,"TIPO I",TÉRMICA,Gás,"Jaguatirica II",RRJII,UTE.GN.RR.044619-0.01,200000
"2022-05-19 09:00:00",N,NORTE,RR,RORAIMA,"TIPO I",TÉRMICA,Gás,"Jaguatirica II",RRJII,UTE.GN.RR.044619-0.01,200000
"2022-05-19 10:00:00",N,NORTE,RR,RORAIMA,"TIPO I",TÉRMICA,Gás,"Jaguatirica II",RRJII,UTE.GN.RR.044619-0.01,200000
"2022-05-19 11:00:00",N,NORTE,RR,RORAIMA,"TIPO I",TÉRMICA,Gás,"Jaguatirica II",RRJII,UTE.GN.RR.044619-0.01,200000
"2022-05-19 12:00:00",N,NORTE,RR,RORAIMA,"TIPO I",TÉRMICA,Gás,"Jaguatirica II",RRJII,UTE.GN.RR.044619-0.01,200000
"2022-05-19 13:00:00",N,NORTE,RR,RORAIMA,"TIPO I",TÉRMICA,Gás,"Jaguatirica II",RRJII,UTE.GN.RR.044619-0.01,200000
"2022-05-19 14:00:00",N,NORTE,RR,RORAIMA,"TIPO I",TÉRMICA,Gás,"Jaguatirica II",RRJII,UTE.GN.RR.044619-0.01,200000
"2022-05-19 15:00:00",N,NORTE,RR,RORAIMA,"TIPO I",TÉRMICA,Gás,"Jaguatirica II",RRJII,UTE.GN.RR.044619-0.01,200000
"2022-05-19 16:00:00",N,NORTE,RR,RORAIMA,"TIPO I",TÉRMICA,Gás,"Jaguatirica II",RRJII,UTE.GN.RR.044619-0.01,200000
"2022-05-19 17:00:00",N,NORTE,RR,RORAIMA,"TIPO I",TÉRMICA,Gás,"Jaguatirica II",RRJII,UTE.GN.RR.044619-0.01,200000
"2022-05-19 18:00:00",N,NORTE,RR,RORAIMA,"TIPO I",TÉRMICA,Gás,"Jaguatirica II",RRJII,UTE.GN.RR.044619-0.01,200000
"2022-05-19 19:00:00",N,NORTE,RR,RORAIMA,"TIPO I",TÉRMICA,Gás,"Jaguatirica II",RRJII,UTE.GN.RR.044619-0.01,200000
"2022-05-19 20:00:00",N,NORTE,RR,RORAIMA,"TIPO I",TÉRMICA,Gás,"Jaguatirica II",RRJII,UTE.GN.RR.044619-0.01,200000
"2022-05-19 21:00:00",N,NORTE,RR,RORAIMA,"TIPO I",TÉRMICA,Gás,"Jaguatirica II",RRJII,UTE.GN.RR.044619-0.01,200000
"2022-05-19 22:00:00",N,NORTE,RR,RORAIMA,"TIPO I",TÉRMICA,Gás,"Jaguatirica II",RRJII,UTE.GN.RR.044619-0.01,200000
"2022-05-19 23:00:00",N,NORTE,RR,RORAIMA,"TIPO I",TÉRMICA,Gás,"Jaguatirica II",RRJII,UTE.GN.RR.044619-0.01,200000
"2022-05-20 00:00:00",N,NORTE,RR,RORAIMA,"TIPO I",TÉRMICA,Gás,"Jaguatirica II",RRJII,UTE.GN.RR.044619-0.01,200000
"2022-05-20 01:00:00",N,NORTE,RR,RORAIMA,"TIPO I",TÉRMICA,Gás,"Jaguatirica II",RRJII,UTE.GN.RR.044619-0.01,200000
"2022-05-20 02:00:00",N,NORTE,RR,RORAIMA,"TIPO I",TÉRMICA,Gás,"Jaguatirica II",RRJII,UTE.GN.RR.044619-0.01,200000
"2022-05-20 03:00:00",N,NORTE,RR,RORAIMA,"TIPO I",TÉRMICA,Gás,"Jaguatirica II",RRJII,UTE.GN.RR.044619-0.01,200000
"2022-05-20 04:00:00",N,NORTE,RR,RORAIMA,"TIPO I",TÉRMICA,Gás,"Jaguatirica II",RRJII,UTE.GN.RR.044619-0.01,200000
"2022-05-20 05:00:00",N,NORTE,RR,RORAIMA,"TIPO I",TÉRMICA,Gás,"Jaguatirica II",RRJII,UTE.GN.RR.044619-0.01,200000
"2022-05-20 06:00:00",N,NORTE,RR,RORAIMA,"TIPO I",TÉRMICA,Gás,"Jaguatirica II",RRJII,UTE.GN.RR.044619-0.01,200000
"2022-05-20 07:00:00",N,NORTE,RR,RORAIMA,"TIPO I",TÉRMICA,Gás,"Jaguatirica II",RRJII,UTE.GN.RR.044619-0.01,200000
"2022-05-20 08:00:00",N,NORTE,RR,RORAIMA,"TIPO I",TÉRMICA,Gás,"Jaguatirica II",RRJII,UTE.GN.RR.044619-0.01,200000
"2022-05-20 09:00:00",N,NORTE,RR,RORAIMA,"TIPO I",TÉRMICA,Gás,"Jaguatirica II",RRJII,UTE.GN.RR.044619-0.01,200000
"2022-05-20 10:00:00",N,NORTE,RR,RORAIMA,"TIPO I",TÉRMICA,Gás,"Jaguatirica II",RRJII,UTE.GN.RR.044619-0.01,200000
"2022-05-20 11:00:00",N,NORTE,RR,RORAIMA,"TIPO I",TÉRMICA,Gás,"Jaguatirica II",RRJII,UTE.GN.RR.044619-0.01,200000
"2022-05-20 12:00:00",N,NORTE,RR,RORAIMA,"TIPO I",TÉRMICA,Gás,"Jaguatirica II",RRJII,UTE.GN.RR.044619-0.01,200000
"2022-05-20 13:00:00",N,NORTE,RR,RORAIMA,"TIPO I",TÉRMICA,Gás,"Jaguatirica II",RRJII,UTE.GN.RR.044619-0.01,200000
"2022-05-20 14:00:00",N,NORTE,RR,RORAIMA,"TIPO I",TÉRMICA,Gás,"Jaguatirica II",RRJII,UTE.GN.RR.044619-0.01,200000
"2022-05-20 15:00:00",N,NORTE,RR,RORAIMA,"TIPO I",TÉRMICA,Gás,"Jaguatirica II",RRJII,UTE.GN.RR.044619-0.01,200000
"2022-05-20 16:00:00",N,NORTE,RR,RORAIMA,"TIPO I",TÉRMICA,Gás,"Jaguatirica II",RRJII,UTE.GN.RR.044619-0.01,200000
"2022-05-20 17:00:00",N,NORTE,RR,RORAIMA,"TIPO I",TÉRMICA,Gás,"Jaguatirica II",RRJII,UTE.GN.RR.044619-0.01,200000
"2022-05-20 18:00:00",N,NORTE,RR,RORAIMA,"TIPO I",TÉRMICA,Gás,"Jaguatirica II",RRJII,UTE.GN.RR.044619-0.01,200000
"2022-05-20 19:00:00",N,NORTE,RR,RORAIMA,"TIPO I",TÉRMICA,Gás,"Jaguatirica II",RRJII,UTE.GN.RR.044619-0.01,200000
"2022-05-20 20:00:00",N,NORTE,RR,RORAIMA,"TIPO I",TÉRMICA,Gás,"Jaguatirica II",RRJII,UTE.GN.RR.044619-0.01,200000
"2022-05-20 21:00:00",N,NORTE,RR,RORAIMA,"TIPO I",TÉRMICA,Gás,"Jaguatirica II",RRJII,UTE.GN.RR.044619-0.01,200000
"2022-05-20 22:00:00",N,NORTE,RR,RORAIMA,"TIPO I",TÉRMICA,Gás,"Jaguatirica II",RRJII,UTE.GN.RR.044619-0.01,200000
"2022-05-20 23:00:00",N,NORTE,RR,RORAIMA,"TIPO I",TÉRMICA,Gás,"Jaguatirica II",RRJII,UTE.GN.RR.044619-0.01,200000
"2022-05-21 00:00:00",N,NORTE,RR,RORAIMA,"TIPO I",TÉRMICA,Gás,"Jaguatirica II",RRJII,UTE.GN.RR.044619-0.01,200000
"2022-05-21 01:00:00",N,NORTE,RR,RORAIMA,"TIPO I",TÉRMICA,Gás,"Jaguatirica II",RRJII,UTE.GN.RR.044619-0.01,200000
"2022-05-21 02:00:00",N,NORTE,RR,RORAIMA,"TIPO I",TÉRMICA,Gás,"Jaguatirica II",RRJII,UTE.GN.RR.044619-0.01,200000
"2022-05-21 03:00:00",N,NORTE,RR,RORAIMA,"TIPO I",TÉRMICA,Gás,"Jaguatirica II",RRJII,UTE.GN.RR.044619-0.01,200000
"2022-05-21 04:00:00",N,NORTE,RR,RORAIMA,"TIPO I",TÉRMICA,Gás,"Jaguatirica II",RRJII,UTE.GN.RR.044619-0.01,200000
"2022-05-21 05:00:00",N,NORTE,RR,RORAIMA,"TIPO I",TÉRMICA,Gás,"Jaguatirica II",RRJII,UTE.GN.RR.044619-0.01,200000
"2022-05-21 06:00:00",N,NORTE,RR,RORAIMA,"TIPO I",TÉRMICA,Gás,"Jaguatirica II",RRJII,UTE.GN.RR.044619-0.01,200000
"2022-05-21 07:00:00",N,NORTE,RR,RORAIMA,"TIPO I",TÉRMICA,Gás,"Jaguatirica II",RRJII,UTE.GN.RR.044619-0.01,200000
"2022-05-21 08:00:00",N,NORTE,RR,RORAIMA,"TIPO I",TÉRMICA,Gás,"Jaguatirica II",RRJII,UTE.GN.RR.044619-0.01,320700000
"2022-05-21 09:00:00",N,NORTE,RR,RORAIMA,"TIPO I",TÉRMICA,Gás,"Jaguatirica II",RRJII,UTE.GN.RR.044619-0.01,727100000
"2022-05-21 10:00:00",N,NORTE,RR,RORAIMA,"TIPO I",TÉRMICA,Gás,"Jaguatirica II",RRJII,UTE.GN.RR.044619-0.01,6800000
"2022-05-21 11:00:00",N,NORTE,RR,RORAIMA,"TIPO I",TÉRMICA,Gás,"Jaguatirica II",RRJII,UTE.GN.RR.044619-0.01,200000
"2022-05-21 12:00:00",N,NORTE,RR,RORAIMA,"TIPO I",TÉRMICA,Gás,"Jaguatirica II",RRJII,UTE.GN.RR.044619-0.01,200000
"2022-05-21 13:00:00",N,NORTE,RR,RORAIMA,"TIPO I",TÉRMICA,Gás,"Jaguatirica II",RRJII,UTE.GN.RR.044619-0.01,734200000
"2022-05-21 14:00:00",N,NORTE,RR,RORAIMA,"TIPO I",TÉRMICA,Gás,"Jaguatirica II",RRJII,UTE.GN.RR.044619-0.01,1897600000
"2022-05-21 15:00:00",N,NORTE,RR,RORAIMA,"TIPO I",TÉRMICA,Gás,"Jaguatirica II",RRJII,UTE.GN.RR.044619-0.01,2456700000
"2022-05-21 16:00:00",N,NORTE,RR,RORAIMA,"TIPO I",TÉRMICA,Gás,"Jaguatirica II",RRJII,UTE.GN.RR.044619-0.01,3824700000
"2022-05-21 17:00:00",N,NORTE,RR,RORAIMA,"TIPO I",TÉRMICA,Gás,"Jaguatirica II",RRJII,UTE.GN.RR.044619-0.01,3813600000
"2022-05-21 18:00:00",N,NORTE,RR,RORAIMA,"TIPO I",TÉRMICA,Gás,"Jaguatirica II",RRJII,UTE.GN.RR.044619-0.01,3815100000
"2022-05-21 19:00:00",N,NORTE,RR,RORAIMA,"TIPO I",TÉRMICA,Gás,"Jaguatirica II",RRJII,UTE.GN.RR.044619-0.01,3836400000
"2022-05-21 20:00:00",N,NORTE,RR,RORAIMA,"TIPO I",TÉRMICA,Gás,"Jaguatirica II",RRJII,UTE.GN.RR.044619-0.01,3842300000
"2022-05-21 21:00:00",N,NORTE,RR,RORAIMA,"TIPO I",TÉRMICA,Gás,"Jaguatirica II",RRJII,UTE.GN.RR.044619-0.01,4726300000
"2022-05-21 22:00:00",N,NORTE,RR,RORAIMA,"TIPO I",TÉRMICA,Gás,"Jaguatirica II",RRJII,UTE.GN.RR.044619-0.01,4800100000
"2022-05-21 23:00:00",N,NORTE,RR,RORAIMA,"TIPO I",TÉRMICA,Gás,"Jaguatirica II",RRJII,UTE.GN.RR.044619-0.01,5220700000
"2022-05-22 00:00:00",N,NORTE,RR,RORAIMA,"TIPO I",TÉRMICA,Gás,"Jaguatirica II",RRJII,UTE.GN.RR.044619-0.01,5783200000
"2022-05-22 01:00:00",N,NORTE,RR,RORAIMA,"TIPO I",TÉRMICA,Gás,"Jaguatirica II",RRJII,UTE.GN.RR.044619-0.01,5785200000
"2022-05-22 02:00:00",N,NORTE,RR,RORAIMA,"TIPO I",TÉRMICA,Gás,"Jaguatirica II",RRJII,UTE.GN.RR.044619-0.01,5785500000
"2022-05-22 03:00:00",N,NORTE,RR,RORAIMA,"TIPO I",TÉRMICA,Gás,"Jaguatirica II",RRJII,UTE.GN.RR.044619-0.01,5786100000
"2022-05-22 04:00:00",N,NORTE,RR,RORAIMA,"TIPO I",TÉRMICA,Gás,"Jaguatirica II",RRJII,UTE.GN.RR.044619-0.01,5192000000
"2022-05-22 05:00:00",N,NORTE,RR,RORAIMA,"TIPO I",TÉRMICA,Gás,"Jaguatirica II",RRJII,UTE.GN.RR.044619-0.01,4984500000
"2022-05-22 06:00:00",N,NORTE,RR,RORAIMA,"TIPO I",TÉRMICA,Gás,"Jaguatirica II",RRJII,UTE.GN.RR.044619-0.01,4865200000
"2022-05-22 07:00:00",N,NORTE,RR,RORAIMA,"TIPO I",TÉRMICA,Gás,"Jaguatirica II",RRJII,UTE.GN.RR.044619-0.01,4012900000
"2022-05-22 08:00:00",N,NORTE,RR,RORAIMA,"TIPO I",TÉRMICA,Gás,"Jaguatirica II",RRJII,UTE.GN.RR.044619-0.01,3991600000
"2022-05-22 09:00:00",N,NORTE,RR,RORAIMA,"TIPO I",TÉRMICA,Gás,"Jaguatirica II",RRJII,UTE.GN.RR.044619-0.01,3985200000
"2022-05-22 10:00:00",N,NORTE,RR,RORAIMA,"TIPO I",TÉRMICA,Gás,"Jaguatirica II",RRJII,UTE.GN.RR.044619-0.01,4002400000
"2022-05-22 11:00:00",N,NORTE,RR,RORAIMA,"TIPO I",TÉRMICA,Gás,"Jaguatirica II",RRJII,UTE.GN.RR.044619-0.01,4035000000
"2022-05-22 12:00:00",N,NORTE,RR,RORAIMA,"TIPO I",TÉRMICA,Gás,"Jaguatirica II",RRJII,UTE.GN.RR.044619-0.01,1988100000
"2022-05-22 13:00:00",N,NORTE,RR,RORAIMA,"TIPO I",TÉRMICA,Gás,"Jaguatirica II",RRJII,UTE.GN.RR.044619-0.01,200000
"2022-05-22 14:00:00",N,NORTE,RR,RORAIMA,"TIPO I",TÉRMICA,Gás,"Jaguatirica II",RRJII,UTE.GN.RR.044619-0.01,200000
"2022-05-22 15:00:00",N,NORTE,RR,RORAIMA,"TIPO I",TÉRMICA,Gás,"Jaguatirica II",RRJII,UTE.GN.RR.044619-0.01,523100000
"2022-05-22 16:00:00",N,NORTE,RR,RORAIMA,"TIPO I",TÉRMICA,Gás,"Jaguatirica II",RRJII,UTE.GN.RR.044619-0.01,1473200000
"2022-05-22 17:00:00",N,NORTE,RR,RORAIMA,"TIPO I",TÉRMICA,Gás,"Jaguatirica II",RRJII,UTE.GN.RR.044619-0.01,1423900000
"2022-05-22 18:00:00",N,NORTE,RR,RORAIMA,"TIPO I",TÉRMICA,Gás,"Jaguatirica II",RRJII,UTE.GN.RR.044619-0.01,2249500000
"2022-05-22 19:00:00",N,NORTE,RR,RORAIMA,"TIPO I",TÉRMICA,Gás,"Jaguatirica II",RRJII,UTE.GN.RR.044619-0.01,4097800000
"2022-05-22 20:00:00",N,NORTE,RR,RORAIMA,"TIPO I",TÉRMICA,Gás,"Jaguatirica II",RRJII,UTE.GN.RR.044619-0.01,4174000000
"2022-05-22 21:00:00",N,NORTE,RR,RORAIMA,"TIPO I",TÉRMICA,Gás,"Jaguatirica II",RRJII,UTE.GN.RR.044619-0.01,3837800000
"2022-05-22 22:00:00",N,NORTE,RR,RORAIMA,"TIPO I",TÉRMICA,Gás,"Jaguatirica II",RRJII,UTE.GN.RR.044619-0.01,4595100000
"2022-05-22 23:00:00",N,NORTE,RR,RORAIMA,"TIPO I",TÉRMICA,Gás,"Jaguatirica II",RRJII,UTE.GN.RR.044619-0.01,5022400000
"2022-05-23 00:00:00",N,NORTE,RR,RORAIMA,"TIPO I",TÉRMICA,Gás,"Jaguatirica II",RRJII,UTE.GN.RR.044619-0.01,5039400000
"2022-05-23 01:00:00",N,NORTE,RR,RORAIMA,"TIPO I",TÉRMICA,Gás,"Jaguatirica II",RRJII,UTE.GN.RR.044619-0.01,5048000000
"2022-05-23 02:00:00",N,NORTE,RR,RORAIMA,"TIPO I",TÉRMICA,Gás,"Jaguatirica II",RRJII,UTE.GN.RR.044619-0.01,5046300000
"2022-05-23 03:00:00",N,NORTE,RR,RORAIMA,"TIPO I",TÉRMICA,Gás,"Jaguatirica II",RRJII,UTE.GN.RR.044619-0.01,5047800000
"2022-05-23 04:00:00",N,NORTE,RR,RORAIMA,"TIPO I",TÉRMICA,Gás,"Jaguatirica II",RRJII,UTE.GN.RR.044619-0.01,5045600000
"2022-05-23 05:00:00",N,NORTE,RR,RORAIMA,"TIPO I",TÉRMICA,Gás,"Jaguatirica II",RRJII,UTE.GN.RR.044619-0.01,5040100000
"2022-05-23 06:00:00",N,NORTE,RR,RORAIMA,"TIPO I",TÉRMICA,Gás,"Jaguatirica II",RRJII,UTE.GN.RR.044619-0.01,4686400000
"2022-05-23 07:00:00",N,NORTE,RR,RORAIMA,"TIPO I",TÉRMICA,Gás,"Jaguatirica II",RRJII,UTE.GN.RR.044619-0.01,4139400000
"2022-05-23 08:00:00",N,NORTE,RR,RORAIMA,"TIPO I",TÉRMICA,Gás,"Jaguatirica II",RRJII,UTE.GN.RR.044619-0.01,4076000000
"2022-05-23 09:00:00",N,NORTE,RR,RORAIMA,"TIPO I",TÉRMICA,Gás,"Jaguatirica II",RRJII,UTE.GN.RR.044619-0.01,4754700000
"2022-05-23 10:00:00",N,NORTE,RR,RORAIMA,"TIPO I",TÉRMICA,Gás,"Jaguatirica II",RRJII,UTE.GN.RR.044619-0.01,4925700000
"2022-05-23 11:00:00",N,NORTE,RR,RORAIMA,"TIPO I",TÉRMICA,Gás,"Jaguatirica II",RRJII,UTE.GN.RR.044619-0.01,5184700000
"2022-05-23 12:00:00",N,NORTE,RR,RORAIMA,"TIPO I",TÉRMICA,Gás,"Jaguatirica II",RRJII,UTE.GN.RR.044619-0.01,6572500000
"2022-05-23 13:00:00",N,NORTE,RR,RORAIMA,"TIPO I",TÉRMICA,Gás,"Jaguatirica II",RRJII,UTE.GN.RR.044619-0.01,5825500000
"2022-05-23 14:00:00",N,NORTE,RR,RORAIMA,"TIPO I",TÉRMICA,Gás,"Jaguatirica II",RRJII,UTE.GN.RR.044619-0.01,5900300000
"2022-05-23 15:00:00",N,NORTE,RR,RORAIMA,"TIPO I",TÉRMICA,Gás,"Jaguatirica II",RRJII,UTE.GN.RR.044619-0.01,5893400000
"2022-05-23 16:00:00",N,NORTE,RR,RORAIMA,"TIPO I",TÉRMICA,Gás,"Jaguatirica II",RRJII,UTE.GN.RR.044619-0.01,5892200000
"2022-05-23 17:00:00",N,NORTE,RR,RORAIMA,"TIPO I",TÉRMICA,Gás,"Jaguatirica II",RRJII,UTE.GN.RR.044619-0.01,5901800000
"2022-05-23 18:00:00",N,NORTE,RR,RORAIMA,"TIPO I",TÉRMICA,Gás,"Jaguatirica II",RRJII,UTE.GN.RR.044619-0.01,5865400000
"2022-05-23 19:00:00",N,NORTE,RR,RORAIMA,"TIPO I",TÉRMICA,Gás,"Jaguatirica II",RRJII,UTE.GN.RR.044619-0.01,5855300000
"2022-05-23 20:00:00",N,NORTE,RR,RORAIMA,"TIPO I",TÉRMICA,Gás,"Jaguatirica II",RRJII,UTE.GN.RR.044619-0.01,5835100000
"2022-05-23 21:00:00",N,NORTE,RR,RORAIMA,"TIPO I",TÉRMICA,Gás,"Jaguatirica II",RRJII,UTE.GN.RR.044619-0.01,5841700000
"2022-05-23 22:00:00",N,NORTE,RR,RORAIMA,"TIPO I",TÉRMICA,Gás,"Jaguatirica II",RRJII,UTE.GN.RR.044619-0.01,5842900000
"2022-05-23 23:00:00",N,NORTE,RR,RORAIMA,"TIPO I",TÉRMICA,Gás,"Jaguatirica II",RRJII,UTE.GN.RR.044619-0.01,5841600000
"2022-05-24 00:00:00",N,NORTE,RR,RORAIMA,"TIPO I",TÉRMICA,Gás,"Jaguatirica II",RRJII,UTE.GN.RR.044619-0.01,5833000000
"2022-05-24 01:00:00",N,NORTE,RR,RORAIMA,"TIPO I",TÉRMICA,Gás,"Jaguatirica II",RRJII,UTE.GN.RR.044619-0.01,5811500000
"2022-05-24 02:00:00",N,NORTE,RR,RORAIMA,"TIPO I",TÉRMICA,Gás,"Jaguatirica II",RRJII,UTE.GN.RR.044619-0.01,5807900000
"2022-05-24 03:00:00",N,NORTE,RR,RORAIMA,"TIPO I",TÉRMICA,Gás,"Jaguatirica II",RRJII,UTE.GN.RR.044619-0.01,5809800000
"2022-05-24 04:00:00",N,NORTE,RR,RORAIMA,"TIPO I",TÉRMICA,Gás,"Jaguatirica II",RRJII,UTE.GN.RR.044619-0.01,5869300000
"2022-05-24 05:00:00",N,NORTE,RR,RORAIMA,"TIPO I",TÉRMICA,Gás,"Jaguatirica II",RRJII,UTE.GN.RR.044619-0.01,6421700000
"2022-05-24 06:00:00",N,NORTE,RR,RORAIMA,"TIPO I",TÉRMICA,Gás,"Jaguatirica II",RRJII,UTE.GN.RR.044619-0.01,5881400000
"2022-05-24 07:00:00",N,NORTE,RR,RORAIMA,"TIPO I",TÉRMICA,Gás,"Jaguatirica II",RRJII,UTE.GN.RR.044619-0.01,4364300000
"2022-05-24 08:00:00",N,NORTE,RR,RORAIMA,"TIPO I",TÉRMICA,Gás,"Jaguatirica II",RRJII,UTE.GN.RR.044619-0.01,4445100000
"2022-05-24 09:00:00",N,NORTE,RR,RORAIMA,"TIPO I",TÉRMICA,Gás,"Jaguatirica II",RRJII,UTE.GN.RR.044619-0.01,5310400000
"2022-05-24 10:00:00",N,NORTE,RR,RORAIMA,"TIPO I",TÉRMICA,Gás,"Jaguatirica II",RRJII,UTE.GN.RR.044619-0.01,5894100000
"2022-05-24 11:00:00",N,NORTE,RR,RORAIMA,"TIPO I",TÉRMICA,Gás,"Jaguatirica II",RRJII,UTE.GN.RR.044619-0.01,6400300000
"2022-05-24 12:00:00",N,NORTE,RR,RORAIMA,"TIPO I",TÉRMICA,Gás,"Jaguatirica II",RRJII,UTE.GN.RR.044619-0.01,6455800000
"2022-05-24 13:00:00",N,NORTE,RR,RORAIMA,"TIPO I",TÉRMICA,Gás,"Jaguatirica II",RRJII,UTE.GN.RR.044619-0.01,6548900000
"2022-05-24 14:00:00",N,NORTE,RR,RORAIMA,"TIPO I",TÉRMICA,Gás,"Jaguatirica II",RRJII,UTE.GN.RR.044619-0.01,6508800000
"2022-05-24 15:00:00",N,NORTE,RR,RORAIMA,"TIPO I",TÉRMICA,Gás,"Jaguatirica II",RRJII,UTE.GN.RR.044619-0.01,6687100000
"2022-05-24 16:00:00",N,NORTE,RR,RORAIMA,"TIPO I",TÉRMICA,Gás,"Jaguatirica II",RRJII,UTE.GN.RR.044619-0.01,6704500000
"2022-05-24 17:00:00",N,NORTE,RR,RORAIMA,"TIPO I",TÉRMICA,Gás,"Jaguatirica II",RRJII,UTE.GN.RR.044619-0.01,6712800000
"2022-05-24 18:00:00",N,NORTE,RR,RORAIMA,"TIPO I",TÉRMICA,Gás,"Jaguatirica II",RRJII,UTE.GN.RR.044619-0.01,6628800000
"2022-05-24 19:00:00",N,NORTE,RR,RORAIMA,"TIPO I",TÉRMICA,Gás,"Jaguatirica II",RRJII,UTE.GN.RR.044619-0.01,6304000000
"2022-05-24 20:00:00",N,NORTE,RR,RORAIMA,"TIPO I",TÉRMICA,Gás,"Jaguatirica II",RRJII,UTE.GN.RR.044619-0.01,6719000000
"2022-05-24 21:00:00",N,NORTE,RR,RORAIMA,"TIPO I",TÉRMICA,Gás,"Jaguatirica II",RRJII,UTE.GN.RR.044619-0.01,6658900000
"2022-05-24 22:00:00",N,NORTE,RR,RORAIMA,"TIPO I",TÉRMICA,Gás,"Jaguatirica II",RRJII,UTE.GN.RR.044619-0.01,6659200000
"2022-05-24 23:00:00",N,NORTE,RR,RORAIMA,"TIPO I",TÉRMICA,Gás,"Jaguatirica II",RRJII,UTE.GN.RR.044619-0.01,6668200000
"2022-05-25 00:00:00",N,NORTE,RR,RORAIMA,"TIPO I",TÉRMICA,Gás,"Jaguatirica II",RRJII,UTE.GN.RR.044619-0.01,6681900000
"2022-05-25 01:00:00",N,NORTE,RR,RORAIMA,"TIPO I",TÉRMICA,Gás,"Jaguatirica II",RRJII,UTE.GN.RR.044619-0.01,6655700000
"2022-05-25 02:00:00",N,NORTE,RR,RORAIMA,"TIPO I",TÉRMICA,Gás,"Jaguatirica II",RRJII,UTE.GN.RR.044619-0.01,6660000000
"2022-05-25 03:00:00",N,NORTE,RR,RORAIMA,"TIPO I",TÉRMICA,Gás,"Jaguatirica II",RRJII,UTE.GN.RR.044619-0.01,6661600000
"2022-05-25 04:00:00",N,NORTE,RR,RORAIMA,"TIPO I",TÉRMICA,Gás,"Jaguatirica II",RRJII,UTE.GN.RR.044619-0.01,6611800000
"2022-05-25 05:00:00",N,NORTE,RR,RORAIMA,"TIPO I",TÉRMICA,Gás,"Jaguatirica II",RRJII,UTE.GN.RR.044619-0.01,5960700000
"2022-05-25 06:00:00",N,NORTE,RR,RORAIMA,"TIPO I",TÉRMICA,Gás,"Jaguatirica II",RRJII,UTE.GN.RR.044619-0.01,5409400000
"2022-05-25 07:00:00",N,NORTE,RR,RORAIMA,"TIPO I",TÉRMICA,Gás,"Jaguatirica II",RRJII,UTE.GN.RR.044619-0.01,4178000000
"2022-05-25 08:00:00",N,NORTE,RR,RORAIMA,"TIPO I",TÉRMICA,Gás,"Jaguatirica II",RRJII,UTE.GN.RR.044619-0.01,4373700000
"2022-05-25 09:00:00",N,NORTE,RR,RORAIMA,"TIPO I",TÉRMICA,Gás,"Jaguatirica II",RRJII,UTE.GN.RR.044619-0.01,5051600000
"2022-05-25 10:00:00",N,NORTE,RR,RORAIMA,"TIPO I",TÉRMICA,Gás,"Jaguatirica II",RRJII,UTE.GN.RR.044619-0.01,5664000000
"2022-05-25 11:00:00",N,NORTE,RR,RORAIMA,"TIPO I",TÉRMICA,Gás,"Jaguatirica II",RRJII,UTE.GN.RR.044619-0.01,5959500000
"2022-05-25 12:00:00",N,NORTE,RR,RORAIMA,"TIPO I",TÉRMICA,Gás,"Jaguatirica II",RRJII,UTE.GN.RR.044619-0.01,6387300000
"2022-05-25 13:00:00",N,NORTE,RR,RORAIMA,"TIPO I",TÉRMICA,Gás,"Jaguatirica II",RRJII,UTE.GN.RR.044619-0.01,6453900000
"2022-05-25 14:00:00",N,NORTE,RR,RORAIMA,"TIPO I",TÉRMICA,Gás,"Jaguatirica II",RRJII,UTE.GN.RR.044619-0.01,3754700000
"2022-05-25 15:00:00",N,NORTE,RR,RORAIMA,"TIPO I",TÉRMICA,Gás,"Jaguatirica II",RRJII,UTE.GN.RR.044619-0.01,200000
"2022-05-25 16:00:00",N,NORTE,RR,RORAIMA,"TIPO I",TÉRMICA,Gás,"Jaguatirica II",RRJII,UTE.GN.RR.044619-0.01,200000
"2022-05-25 17:00:00",N,NORTE,RR,RORAIMA,"TIPO I",TÉRMICA,Gás,"Jaguatirica II",RRJII,UTE.GN.RR.044619-0.01,200000
"2022-05-25 18:00:00",N,NORTE,RR,RORAIMA,"TIPO I",TÉRMICA,Gás,"Jaguatirica II",RRJII,UTE.GN.RR.044619-0.01,200000
"2022-05-25 19:00:00",N,NORTE,RR,RORAIMA,"TIPO I",TÉRMICA,Gás,"Jaguatirica II",RRJII,UTE.GN.RR.044619-0.01,200000
"2022-05-25 20:00:00",N,NORTE,RR,RORAIMA,"TIPO I",TÉRMICA,Gás,"Jaguatirica II",RRJII,UTE.GN.RR.044619-0.01,200000
"2022-05-25 21:00:00",N,NORTE,RR,RORAIMA,"TIPO I",TÉRMICA,Gás,"Jaguatirica II",RRJII,UTE.GN.RR.044619-0.01,262800000
"2022-05-25 22:00:00",N,NORTE,RR,RORAIMA,"TIPO I",TÉRMICA,Gás,"Jaguatirica II",RRJII,UTE.GN.RR.044619-0.01,1380600000
"2022-05-25 23:00:00",N,NORTE,RR,RORAIMA,"TIPO I",TÉRMICA,Gás,"Jaguatirica II",RRJII,UTE.GN.RR.044619-0.01,2265800000
"2022-05-26 00:00:00",N,NORTE,RR,RORAIMA,"TIPO I",TÉRMICA,Gás,"Jaguatirica II",RRJII,UTE.GN.RR.044619-0.01,5376600000
"2022-05-26 01:00:00",N,NORTE,RR,RORAIMA,"TIPO I",TÉRMICA,Gás,"Jaguatirica II",RRJII,UTE.GN.RR.044619-0.01,6770600000
"2022-05-26 02:00:00",N,NORTE,RR,RORAIMA,"TIPO I",TÉRMICA,Gás,"Jaguatirica II",RRJII,UTE.GN.RR.044619-0.01,6740300000
"2022-05-26 03:00:00",N,NORTE,RR,RORAIMA,"TIPO I",TÉRMICA,Gás,"Jaguatirica II",RRJII,UTE.GN.RR.044619-0.01,6722000000
"2022-05-26 04:00:00",N,NORTE,RR,RORAIMA,"TIPO I",TÉRMICA,Gás,"Jaguatirica II",RRJII,UTE.GN.RR.044619-0.01,6696700000
"2022-05-26 05:00:00",N,NORTE,RR,RORAIMA,"TIPO I",TÉRMICA,Gás,"Jaguatirica II",RRJII,UTE.GN.RR.044619-0.01,6707100000
"2022-05-26 06:00:00",N,NORTE,RR,RORAIMA,"TIPO I",TÉRMICA,Gás,"Jaguatirica II",RRJII,UTE.GN.RR.044619-0.01,6666600000
"2022-05-26 07:00:00",N,NORTE,RR,RORAIMA,"TIPO I",TÉRMICA,Gás,"Jaguatirica II",RRJII,UTE.GN.RR.044619-0.01,5445100000
"2022-05-26 08:00:00",N,NORTE,RR,RORAIMA,"TIPO I",TÉRMICA,Gás,"Jaguatirica II",RRJII,UTE.GN.RR.044619-0.01,5302300000
"2022-05-26 09:00:00",N,NORTE,RR,RORAIMA,"TIPO I",TÉRMICA,Gás,"Jaguatirica II",RRJII,UTE.GN.RR.044619-0.01,6488800000
"2022-05-26 10:00:00",N,NORTE,RR,RORAIMA,"TIPO I",TÉRMICA,Gás,"Jaguatirica II",RRJII,UTE.GN.RR.044619-0.01,6671200000
"2022-05-26 11:00:00",N,NORTE,RR,RORAIMA,"TIPO I",TÉRMICA,Gás,"Jaguatirica II",RRJII,UTE.GN.RR.044619-0.01,6755300000
"2022-05-26 12:00:00",N,NORTE,RR,RORAIMA,"TIPO I",TÉRMICA,Gás,"Jaguatirica II",RRJII,UTE.GN.RR.044619-0.01,6770400000
"2022-05-26 13:00:00",N,NORTE,RR,RORAIMA,"TIPO I",TÉRMICA,Gás,"Jaguatirica II",RRJII,UTE.GN.RR.044619-0.01,6782800000
"2022-05-26 14:00:00",N,NORTE,RR,RORAIMA,"TIPO I",TÉRMICA,Gás,"Jaguatirica II",RRJII,UTE.GN.RR.044619-0.01,6794400000
"2022-05-26 15:00:00",N,NORTE,RR,RORAIMA,"TIPO I",TÉRMICA,Gás,"Jaguatirica II",RRJII,UTE.GN.RR.044619-0.01,6805300000
"2022-05-26 16:00:00",N,NORTE,RR,RORAIMA,"TIPO I",TÉRMICA,Gás,"Jaguatirica II",RRJII,UTE.GN.RR.044619-0.01,6807000000
"2022-05-26 17:00:00",N,NORTE,RR,RORAIMA,"TIPO I",TÉRMICA,Gás,"Jaguatirica II",RRJII,UTE.GN.RR.044619-0.01,6822800000
"2022-05-26 18:00:00",N,NORTE,RR,RORAIMA,"TIPO I",TÉRMICA,Gás,"Jaguatirica II",RRJII,UTE.GN.RR.044619-0.01,6786900000
"2022-05-26 19:00:00",N,NORTE,RR,RORAIMA,"TIPO I",TÉRMICA,Gás,"Jaguatirica II",RRJII,UTE.GN.RR.044619-0.01,6640700000
"2022-05-26 20:00:00",N,NORTE,RR,RORAIMA,"TIPO I",TÉRMICA,Gás,"Jaguatirica II",RRJII,UTE.GN.RR.044619-0.01,6750200000
"2022-05-26 21:00:00",N,NORTE,RR,RORAIMA,"TIPO I",TÉRMICA,Gás,"Jaguatirica II",RRJII,UTE.GN.RR.044619-0.01,6786200000
"2022-05-26 22:00:00",N,NORTE,RR,RORAIMA,"TIPO I",TÉRMICA,Gás,"Jaguatirica II",RRJII,UTE.GN.RR.044619-0.01,6789900000
"2022-05-26 23:00:00",N,NORTE,RR,RORAIMA,"TIPO I",TÉRMICA,Gás,"Jaguatirica II",RRJII,UTE.GN.RR.044619-0.01,6775000000
"2022-05-27 00:00:00",N,NORTE,RR,RORAIMA,"TIPO I",TÉRMICA,Gás,"Jaguatirica II",RRJII,UTE.GN.RR.044619-0.01,6772200000
"2022-05-27 01:00:00",N,NORTE,RR,RORAIMA,"TIPO I",TÉRMICA,Gás,"Jaguatirica II",RRJII,UTE.GN.RR.044619-0.01,6678800000
"2022-05-27 02:00:00",N,NORTE,RR,RORAIMA,"TIPO I",TÉRMICA,Gás,"Jaguatirica II",RRJII,UTE.GN.RR.044619-0.01,6188900000
"2022-05-27 03:00:00",N,NORTE,RR,RORAIMA,"TIPO I",TÉRMICA,Gás,"Jaguatirica II",RRJII,UTE.GN.RR.044619-0.01,6152900000
"2022-05-27 04:00:00",N,NORTE,RR,RORAIMA,"TIPO I",TÉRMICA,Gás,"Jaguatirica II",RRJII,UTE.GN.RR.044619-0.01,6055000000
"2022-05-27 05:00:00",N,NORTE,RR,RORAIMA,"TIPO I",TÉRMICA,Gás,"Jaguatirica II",RRJII,UTE.GN.RR.044619-0.01,5626500000
"2022-05-27 06:00:00",N,NORTE,RR,RORAIMA,"TIPO I",TÉRMICA,Gás,"Jaguatirica II",RRJII,UTE.GN.RR.044619-0.01,5415700000
"2022-05-27 07:00:00",N,NORTE,RR,RORAIMA,"TIPO I",TÉRMICA,Gás,"Jaguatirica II",RRJII,UTE.GN.RR.044619-0.01,4055700000
"2022-05-27 08:00:00",N,NORTE,RR,RORAIMA,"TIPO I",TÉRMICA,Gás,"Jaguatirica II",RRJII,UTE.GN.RR.044619-0.01,3886500000
"2022-05-27 09:00:00",N,NORTE,RR,RORAIMA,"TIPO I",TÉRMICA,Gás,"Jaguatirica II",RRJII,UTE.GN.RR.044619-0.01,4698600000
"2022-05-27 10:00:00",N,NORTE,RR,RORAIMA,"TIPO I",TÉRMICA,Gás,"Jaguatirica II",RRJII,UTE.GN.RR.044619-0.01,5652600000
"2022-05-27 11:00:00",N,NORTE,RR,RORAIMA,"TIPO I",TÉRMICA,Gás,"Jaguatirica II",RRJII,UTE.GN.RR.044619-0.01,5882600000
"2022-05-27 12:00:00",N,NORTE,RR,RORAIMA,"TIPO I",TÉRMICA,Gás,"Jaguatirica II",RRJII,UTE.GN.RR.044619-0.01,6262800000
"2022-05-27 13:00:00",N,NORTE,RR,RORAIMA,"TIPO I",TÉRMICA,Gás,"Jaguatirica II",RRJII,UTE.GN.RR.044619-0.01,6371900000
"2022-05-27 14:00:00",N,NORTE,RR,RORAIMA,"TIPO I",TÉRMICA,Gás,"Jaguatirica II",RRJII,UTE.GN.RR.044619-0.01,6781300000
"2022-05-27 15:00:00",N,NORTE,RR,RORAIMA,"TIPO I",TÉRMICA,Gás,"Jaguatirica II",RRJII,UTE.GN.RR.044619-0.01,6783700000
"2022-05-27 16:00:00",N,NORTE,RR,RORAIMA,"TIPO I",TÉRMICA,Gás,"Jaguatirica II",RRJII,UTE.GN.RR.044619-0.01,6781600000
"2022-05-27 17:00:00",N,NORTE,RR,RORAIMA,"TIPO I",TÉRMICA,Gás,"Jaguatirica II",RRJII,UTE.GN.RR.044619-0.01,6801100000
"2022-05-27 18:00:00",N,NORTE,RR,RORAIMA,"TIPO I",TÉRMICA,Gás,"Jaguatirica II",RRJII,UTE.GN.RR.044619-0.01,6789500000
"2022-05-27 19:00:00",N,NORTE,RR,RORAIMA,"TIPO I",TÉRMICA,Gás,"Jaguatirica II",RRJII,UTE.GN.RR.044619-0.01,6793300000
"2022-05-27 20:00:00",N,NORTE,RR,RORAIMA,"TIPO I",TÉRMICA,Gás,"Jaguatirica II",RRJII,UTE.GN.RR.044619-0.01,6735900000
"2022-05-27 21:00:00",N,NORTE,RR,RORAIMA,"TIPO I",TÉRMICA,Gás,"Jaguatirica II",RRJII,UTE.GN.RR.044619-0.01,6700300000
"2022-05-27 22:00:00",N,NORTE,RR,RORAIMA,"TIPO I",TÉRMICA,Gás,"Jaguatirica II",RRJII,UTE.GN.RR.044619-0.01,6702100000
"2022-05-27 23:00:00",N,NORTE,RR,RORAIMA,"TIPO I",TÉRMICA,Gás,"Jaguatirica II",RRJII,UTE.GN.RR.044619-0.01,6696000000
"2022-05-28 00:00:00",N,NORTE,RR,RORAIMA,"TIPO I",TÉRMICA,Gás,"Jaguatirica II",RRJII,UTE.GN.RR.044619-0.01,6796500000
"2022-05-28 01:00:00",N,NORTE,RR,RORAIMA,"TIPO I",TÉRMICA,Gás,"Jaguatirica II",RRJII,UTE.GN.RR.044619-0.01,6819900000
"2022-05-28 02:00:00",N,NORTE,RR,RORAIMA,"TIPO I",TÉRMICA,Gás,"Jaguatirica II",RRJII,UTE.GN.RR.044619-0.01,6826300000
"2022-05-28 03:00:00",N,NORTE,RR,RORAIMA,"TIPO I",TÉRMICA,Gás,"Jaguatirica II",RRJII,UTE.GN.RR.044619-0.01,6829700000
"2022-05-28 04:00:00",N,NORTE,RR,RORAIMA,"TIPO I",TÉRMICA,Gás,"Jaguatirica II",RRJII,UTE.GN.RR.044619-0.01,6866200000
"2022-05-28 05:00:00",N,NORTE,RR,RORAIMA,"TIPO I",TÉRMICA,Gás,"Jaguatirica II",RRJII,UTE.GN.RR.044619-0.01,6844200000
"2022-05-28 06:00:00",N,NORTE,RR,RORAIMA,"TIPO I",TÉRMICA,Gás,"Jaguatirica II",RRJII,UTE.GN.RR.044619-0.01,6361900000
"2022-05-28 07:00:00",N,NORTE,RR,RORAIMA,"TIPO I",TÉRMICA,Gás,"Jaguatirica II",RRJII,UTE.GN.RR.044619-0.01,5493500000
"2022-05-28 08:00:00",N,NORTE,RR,RORAIMA,"TIPO I",TÉRMICA,Gás,"Jaguatirica II",RRJII,UTE.GN.RR.044619-0.01,4778700000
"2022-05-28 09:00:00",N,NORTE,RR,RORAIMA,"TIPO I",TÉRMICA,Gás,"Jaguatirica II",RRJII,UTE.GN.RR.044619-0.01,5057500000
"2022-05-28 10:00:00",N,NORTE,RR,RORAIMA,"TIPO I",TÉRMICA,Gás,"Jaguatirica II",RRJII,UTE.GN.RR.044619-0.01,5291200000
"2022-05-28 11:00:00",N,NORTE,RR,RORAIMA,"TIPO I",TÉRMICA,Gás,"Jaguatirica II",RRJII,UTE.GN.RR.044619-0.01,4394200000
"2022-05-28 12:00:00",N,NORTE,RR,RORAIMA,"TIPO I",TÉRMICA,Gás,"Jaguatirica II",RRJII,UTE.GN.RR.044619-0.01,3842500000
"2022-05-28 13:00:00",N,NORTE,RR,RORAIMA,"TIPO I",TÉRMICA,Gás,"Jaguatirica II",RRJII,UTE.GN.RR.044619-0.01,3803600000
"2022-05-28 14:00:00",N,NORTE,RR,RORAIMA,"TIPO I",TÉRMICA,Gás,"Jaguatirica II",RRJII,UTE.GN.RR.044619-0.01,3810300000
"2022-05-28 15:00:00",N,NORTE,RR,RORAIMA,"TIPO I",TÉRMICA,Gás,"Jaguatirica II",RRJII,UTE.GN.RR.044619-0.01,3836100000
"2022-05-28 16:00:00",N,NORTE,RR,RORAIMA,"TIPO I",TÉRMICA,Gás,"Jaguatirica II",RRJII,UTE.GN.RR.044619-0.01,3833800000
"2022-05-28 17:00:00",N,NORTE,RR,RORAIMA,"TIPO I",TÉRMICA,Gás,"Jaguatirica II",RRJII,UTE.GN.RR.044619-0.01,3837400000
"2022-05-28 18:00:00",N,NORTE,RR,RORAIMA,"TIPO I",TÉRMICA,Gás,"Jaguatirica II",RRJII,UTE.GN.RR.044619-0.01,3839800000
"2022-05-28 19:00:00",N,NORTE,RR,RORAIMA,"TIPO I",TÉRMICA,Gás,"Jaguatirica II",RRJII,UTE.GN.RR.044619-0.01,3836500000
"2022-05-28 20:00:00",N,NORTE,RR,RORAIMA,"TIPO I",TÉRMICA,Gás,"Jaguatirica II",RRJII,UTE.GN.RR.044619-0.01,3864200000
"2022-05-28 21:00:00",N,NORTE,RR,RORAIMA,"TIPO I",TÉRMICA,Gás,"Jaguatirica II",RRJII,UTE.GN.RR.044619-0.01,3843200000
"2022-05-28 22:00:00",N,NORTE,RR,RORAIMA,"TIPO I",TÉRMICA,Gás,"Jaguatirica II",RRJII,UTE.GN.RR.044619-0.01,3807200000
"2022-05-28 23:00:00",N,NORTE,RR,RORAIMA,"TIPO I",TÉRMICA,Gás,"Jaguatirica II",RRJII,UTE.GN.RR.044619-0.01,3801400000
"2022-05-29 00:00:00",N,NORTE,RR,RORAIMA,"TIPO I",TÉRMICA,Gás,"Jaguatirica II",RRJII,UTE.GN.RR.044619-0.01,3861000000
"2022-05-29 01:00:00",N,NORTE,RR,RORAIMA,"TIPO I",TÉRMICA,Gás,"Jaguatirica II",RRJII,UTE.GN.RR.044619-0.01,3826100000
"2022-05-29 02:00:00",N,NORTE,RR,RORAIMA,"TIPO I",TÉRMICA,Gás,"Jaguatirica II",RRJII,UTE.GN.RR.044619-0.01,3823000000
"2022-05-29 03:00:00",N,NORTE,RR,RORAIMA,"TIPO I",TÉRMICA,Gás,"Jaguatirica II",RRJII,UTE.GN.RR.044619-0.01,3803200000
"2022-05-29 04:00:00",N,NORTE,RR,RORAIMA,"TIPO I",TÉRMICA,Gás,"Jaguatirica II",RRJII,UTE.GN.RR.044619-0.01,3806700000
"2022-05-29 05:00:00",N,NORTE,RR,RORAIMA,"TIPO I",TÉRMICA,Gás,"Jaguatirica II",RRJII,UTE.GN.RR.044619-0.01,3769100000
"2022-05-29 06:00:00",N,NORTE,RR,RORAIMA,"TIPO I",TÉRMICA,Gás,"Jaguatirica II",RRJII,UTE.GN.RR.044619-0.01,3814400000
"2022-05-29 07:00:00",N,NORTE,RR,RORAIMA,"TIPO I",TÉRMICA,Gás,"Jaguatirica II",RRJII,UTE.GN.RR.044619-0.01,3791000000
"2022-05-29 08:00:00",N,NORTE,RR,RORAIMA,"TIPO I",TÉRMICA,Gás,"Jaguatirica II",RRJII,UTE.GN.RR.044619-0.01,3780700000
"2022-05-29 09:00:00",N,NORTE,RR,RORAIMA,"TIPO I",TÉRMICA,Gás,"Jaguatirica II",RRJII,UTE.GN.RR.044619-0.01,3790800000
"2022-05-29 10:00:00",N,NORTE,RR,RORAIMA,"TIPO I",TÉRMICA,Gás,"Jaguatirica II",RRJII,UTE.GN.RR.044619-0.01,4667100000
"2022-05-29 11:00:00",N,NORTE,RR,RORAIMA,"TIPO I",TÉRMICA,Gás,"Jaguatirica II",RRJII,UTE.GN.RR.044619-0.01,4821300000
"2022-05-29 12:00:00",N,NORTE,RR,RORAIMA,"TIPO I",TÉRMICA,Gás,"Jaguatirica II",RRJII,UTE.GN.RR.044619-0.01,4789300000
"2022-05-29 13:00:00",N,NORTE,RR,RORAIMA,"TIPO I",TÉRMICA,Gás,"Jaguatirica II",RRJII,UTE.GN.RR.044619-0.01,4795700000
"2022-05-29 14:00:00",N,NORTE,RR,RORAIMA,"TIPO I",TÉRMICA,Gás,"Jaguatirica II",RRJII,UTE.GN.RR.044619-0.01,5066800000
"2022-05-29 15:00:00",N,NORTE,RR,RORAIMA,"TIPO I",TÉRMICA,Gás,"Jaguatirica II",RRJII,UTE.GN.RR.044619-0.01,5768500000
"2022-05-29 16:00:00",N,NORTE,RR,RORAIMA,"TIPO I",TÉRMICA,Gás,"Jaguatirica II",RRJII,UTE.GN.RR.044619-0.01,5819500000
"2022-05-29 17:00:00",N,NORTE,RR,RORAIMA,"TIPO I",TÉRMICA,Gás,"Jaguatirica II",RRJII,UTE.GN.RR.044619-0.01,5808000000
"2022-05-29 18:00:00",N,NORTE,RR,RORAIMA,"TIPO I",TÉRMICA,Gás,"Jaguatirica II",RRJII,UTE.GN.RR.044619-0.01,5808700000
"2022-05-29 19:00:00",N,NORTE,RR,RORAIMA,"TIPO I",TÉRMICA,Gás,"Jaguatirica II",RRJII,UTE.GN.RR.044619-0.01,5812700000
"2022-05-29 20:00:00",N,NORTE,RR,RORAIMA,"TIPO I",TÉRMICA,Gás,"Jaguatirica II",RRJII,UTE.GN.RR.044619-0.01,6436300000
"2022-05-29 21:00:00",N,NORTE,RR,RORAIMA,"TIPO I",TÉRMICA,Gás,"Jaguatirica II",RRJII,UTE.GN.RR.044619-0.01,6674600000
"2022-05-29 22:00:00",N,NORTE,RR,RORAIMA,"TIPO I",TÉRMICA,Gás,"Jaguatirica II",RRJII,UTE.GN.RR.044619-0.01,6694600000
"2022-05-29 23:00:00",N,NORTE,RR,RORAIMA,"TIPO I",TÉRMICA,Gás,"Jaguatirica II",RRJII,UTE.GN.RR.044619-0.01,6694900000
"2022-05-30 00:00:00",N,NORTE,RR,RORAIMA,"TIPO I",TÉRMICA,Gás,"Jaguatirica II",RRJII,UTE.GN.RR.044619-0.01,6706300000
"2022-05-30 01:00:00",N,NORTE,RR,RORAIMA,"TIPO I",TÉRMICA,Gás,"Jaguatirica II",RRJII,UTE.GN.RR.044619-0.01,6675200000
"2022-05-30 02:00:00",N,NORTE,RR,RORAIMA,"TIPO I",TÉRMICA,Gás,"Jaguatirica II",RRJII,UTE.GN.RR.044619-0.01,6665100000
"2022-05-30 03:00:00",N,NORTE,RR,RORAIMA,"TIPO I",TÉRMICA,Gás,"Jaguatirica II",RRJII,UTE.GN.RR.044619-0.01,6668900000
"2022-05-30 04:00:00",N,NORTE,RR,RORAIMA,"TIPO I",TÉRMICA,Gás,"Jaguatirica II",RRJII,UTE.GN.RR.044619-0.01,6665900000
"2022-05-30 05:00:00",N,NORTE,RR,RORAIMA,"TIPO I",TÉRMICA,Gás,"Jaguatirica II",RRJII,UTE.GN.RR.044619-0.01,6668000000
"2022-05-30 06:00:00",N,NORTE,RR,RORAIMA,"TIPO I",TÉRMICA,Gás,"Jaguatirica II",RRJII,UTE.GN.RR.044619-0.01,6303100000
"2022-05-30 07:00:00",N,NORTE,RR,RORAIMA,"TIPO I",TÉRMICA,Gás,"Jaguatirica II",RRJII,UTE.GN.RR.044619-0.01,4892300000
"2022-05-30 08:00:00",N,NORTE,RR,RORAIMA,"TIPO I",TÉRMICA,Gás,"Jaguatirica II",RRJII,UTE.GN.RR.044619-0.01,5123500000
"2022-05-30 09:00:00",N,NORTE,RR,RORAIMA,"TIPO I",TÉRMICA,Gás,"Jaguatirica II",RRJII,UTE.GN.RR.044619-0.01,6385700000
"2022-05-30 10:00:00",N,NORTE,RR,RORAIMA,"TIPO I",TÉRMICA,Gás,"Jaguatirica II",RRJII,UTE.GN.RR.044619-0.01,6788600000
"2022-05-30 11:00:00",N,NORTE,RR,RORAIMA,"TIPO I",TÉRMICA,Gás,"Jaguatirica II",RRJII,UTE.GN.RR.044619-0.01,6748200000
"2022-05-30 12:00:00",N,NORTE,RR,RORAIMA,"TIPO I",TÉRMICA,Gás,"Jaguatirica II",RRJII,UTE.GN.RR.044619-0.01,6819100000
"2022-05-30 13:00:00",N,NORTE,RR,RORAIMA,"TIPO I",TÉRMICA,Gás,"Jaguatirica II",RRJII,UTE.GN.RR.044619-0.01,6860600000
"2022-05-30 14:00:00",N,NORTE,RR,RORAIMA,"TIPO I",TÉRMICA,Gás,"Jaguatirica II",RRJII,UTE.GN.RR.044619-0.01,6870000000
"2022-05-30 15:00:00",N,NORTE,RR,RORAIMA,"TIPO I",TÉRMICA,Gás,"Jaguatirica II",RRJII,UTE.GN.RR.044619-0.01,6870700000
"2022-05-30 16:00:00",N,NORTE,RR,RORAIMA,"TIPO I",TÉRMICA,Gás,"Jaguatirica II",RRJII,UTE.GN.RR.044619-0.01,6776400000
"2022-05-30 17:00:00",N,NORTE,RR,RORAIMA,"TIPO I",TÉRMICA,Gás,"Jaguatirica II",RRJII,UTE.GN.RR.044619-0.01,6876400000
"2022-05-30 18:00:00",N,NORTE,RR,RORAIMA,"TIPO I",TÉRMICA,Gás,"Jaguatirica II",RRJII,UTE.GN.RR.044619-0.01,6844800000
"2022-05-30 19:00:00",N,NORTE,RR,RORAIMA,"TIPO I",TÉRMICA,Gás,"Jaguatirica II",RRJII,UTE.GN.RR.044619-0.01,6879900000
"2022-05-30 20:00:00",N,NORTE,RR,RORAIMA,"TIPO I",TÉRMICA,Gás,"Jaguatirica II",RRJII,UTE.GN.RR.044619-0.01,6889500000
"2022-05-30 21:00:00",N,NORTE,RR,RORAIMA,"TIPO I",TÉRMICA,Gás,"Jaguatirica II",RRJII,UTE.GN.RR.044619-0.01,6911200000
"2022-05-30 22:00:00",N,NORTE,RR,RORAIMA,"TIPO I",TÉRMICA,Gás,"Jaguatirica II",RRJII,UTE.GN.RR.044619-0.01,6923600000
"2022-05-30 23:00:00",N,NORTE,RR,RORAIMA,"TIPO I",TÉRMICA,Gás,"Jaguatirica II",RRJII,UTE.GN.RR.044619-0.01,6936700000
"2022-05-31 00:00:00",N,NORTE,RR,RORAIMA,"TIPO I",TÉRMICA,Gás,"Jaguatirica II",RRJII,UTE.GN.RR.044619-0.01,6946700000
"2022-05-31 01:00:00",N,NORTE,RR,RORAIMA,"TIPO I",TÉRMICA,Gás,"Jaguatirica II",RRJII,UTE.GN.RR.044619-0.01,6941500000
"2022-05-31 02:00:00",N,NORTE,RR,RORAIMA,"TIPO I",TÉRMICA,Gás,"Jaguatirica II",RRJII,UTE.GN.RR.044619-0.01,6876700000
"2022-05-31 03:00:00",N,NORTE,RR,RORAIMA,"TIPO I",TÉRMICA,Gás,"Jaguatirica II",RRJII,UTE.GN.RR.044619-0.01,6893000000
"2022-05-31 04:00:00",N,NORTE,RR,RORAIMA,"TIPO I",TÉRMICA,Gás,"Jaguatirica II",RRJII,UTE.GN.RR.044619-0.01,6942500000
"2022-05-31 05:00:00",N,NORTE,RR,RORAIMA,"TIPO I",TÉRMICA,Gás,"Jaguatirica II",RRJII,UTE.GN.RR.044619-0.01,6935900000
"2022-05-31 06:00:00",N,NORTE,RR,RORAIMA,"TIPO I",TÉRMICA,Gás,"Jaguatirica II",RRJII,UTE.GN.RR.044619-0.01,6929500000
"2022-05-31 07:00:00",N,NORTE,RR,RORAIMA,"TIPO I",TÉRMICA,Gás,"Jaguatirica II",RRJII,UTE.GN.RR.044619-0.01,5689300000
"2022-05-31 08:00:00",N,NORTE,RR,RORAIMA,"TIPO I",TÉRMICA,Gás,"Jaguatirica II",RRJII,UTE.GN.RR.044619-0.01,5084600000
"2022-05-31 09:00:00",N,NORTE,RR,RORAIMA,"TIPO I",TÉRMICA,Gás,"Jaguatirica II",RRJII,UTE.GN.RR.044619-0.01,6403100000
"2022-05-31 10:00:00",N,NORTE,RR,RORAIMA,"TIPO I",TÉRMICA,Gás,"Jaguatirica II",RRJII,UTE.GN.RR.044619-0.01,6859400000
"2022-05-31 11:00:00",N,NORTE,RR,RORAIMA,"TIPO I",TÉRMICA,Gás,"Jaguatirica II",RRJII,UTE.GN.RR.044619-0.01,6857400000
"2022-05-31 12:00:00",N,NORTE,RR,RORAIMA,"TIPO I",TÉRMICA,Gás,"Jaguatirica II",RRJII,UTE.GN.RR.044619-0.01,6683200000
"2022-05-31 13:00:00",N,NORTE,RR,RORAIMA,"TIPO I",TÉRMICA,Gás,"Jaguatirica II",RRJII,UTE.GN.RR.044619-0.01,5770500000
"2022-05-31 14:00:00",N,NORTE,RR,RORAIMA,"TIPO I",TÉRMICA,Gás,"Jaguatirica II",RRJII,UTE.GN.RR.044619-0.01,6021800000
"2022-05-31 15:00:00",N,NORTE,RR,RORAIMA,"TIPO I",TÉRMICA,Gás,"Jaguatirica II",RRJII,UTE.GN.RR.044619-0.01,6560700000
"2022-05-31 16:00:00",N,NORTE,RR,RORAIMA,"TIPO I",TÉRMICA,Gás,"Jaguatirica II",RRJII,UTE.GN.RR.044619-0.01,6504700000
"2022-05-31 17:00:00",N,NORTE,RR,RORAIMA,"TIPO I",TÉRMICA,Gás,"Jaguatirica II",RRJII,UTE.GN.RR.044619-0.01,6199900000
"2022-05-31 18:00:00",N,NORTE,RR,RORAIMA,"TIPO I",TÉRMICA,Gás,"Jaguatirica II",RRJII,UTE.GN.RR.044619-0.01,5695400000
"2022-05-31 19:00:00",N,NORTE,RR,RORAIMA,"TIPO I",TÉRMICA,Gás,"Jaguatirica II",RRJII,UTE.GN.RR.044619-0.01,5567900000
"2022-05-31 20:00:00",N,NORTE,RR,RORAIMA,"TIPO I",TÉRMICA,Gás,"Jaguatirica II",RRJII,UTE.GN.RR.044619-0.01,6012000000
"2022-05-31 21:00:00",N,NORTE,RR,RORAIMA,"TIPO I",TÉRMICA,Gás,"Jaguatirica II",RRJII,UTE.GN.RR.044619-0.01,6040800000
"2022-05-31 22:00:00",N,NORTE,RR,RORAIMA,"TIPO I",TÉRMICA,Gás,"Jaguatirica II",RRJII,UTE.GN.RR.044619-0.01,6060800000
"2022-05-31 23:00:00",N,NORTE,RR,RORAIMA,"TIPO I",TÉRMICA,Gás,"Jaguatirica II",RRJII,UTE.GN.RR.044619-0.01,6077300000
"2022-06-01 00:00:00",N,NORTE,RR,RORAIMA,"TIPO I",TÉRMICA,Gás,"Jaguatirica II",RRJII,UTE.GN.RR.044619-0.01,6058000000
"2022-06-01 01:00:00",N,NORTE,RR,RORAIMA,"TIPO I",TÉRMICA,Gás,"Jaguatirica II",RRJII,UTE.GN.RR.044619-0.01,6000100000
"2022-06-01 02:00:00",N,NORTE,RR,RORAIMA,"TIPO I",TÉRMICA,Gás,"Jaguatirica II",RRJII,UTE.GN.RR.044619-0.01,5996200000
"2022-06-01 03:00:00",N,NORTE,RR,RORAIMA,"TIPO I",TÉRMICA,Gás,"Jaguatirica II",RRJII,UTE.GN.RR.044619-0.01,5795400000
"2022-06-01 04:00:00",N,NORTE,RR,RORAIMA,"TIPO I",TÉRMICA,Gás,"Jaguatirica II",RRJII,UTE.GN.RR.044619-0.01,5020300000
"2022-06-01 05:00:00",N,NORTE,RR,RORAIMA,"TIPO I",TÉRMICA,Gás,"Jaguatirica II",RRJII,UTE.GN.RR.044619-0.01,5037100000
"2022-06-01 06:00:00",N,NORTE,RR,RORAIMA,"TIPO I",TÉRMICA,Gás,"Jaguatirica II",RRJII,UTE.GN.RR.044619-0.01,4780200000
"2022-06-01 07:00:00",N,NORTE,RR,RORAIMA,"TIPO I",TÉRMICA,Gás,"Jaguatirica II",RRJII,UTE.GN.RR.044619-0.01,3836700000
"2022-06-01 08:00:00",N,NORTE,RR,RORAIMA,"TIPO I",TÉRMICA,Gás,"Jaguatirica II",RRJII,UTE.GN.RR.044619-0.01,3802700000
"2022-06-01 09:00:00",N,NORTE,RR,RORAIMA,"TIPO I",TÉRMICA,Gás,"Jaguatirica II",RRJII,UTE.GN.RR.044619-0.01,4521400000
"2022-06-01 10:00:00",N,NORTE,RR,RORAIMA,"TIPO I",TÉRMICA,Gás,"Jaguatirica II",RRJII,UTE.GN.RR.044619-0.01,5397900000
"2022-06-01 11:00:00",N,NORTE,RR,RORAIMA,"TIPO I",TÉRMICA,Gás,"Jaguatirica II",RRJII,UTE.GN.RR.044619-0.01,5926700000
"2022-06-01 12:00:00",N,NORTE,RR,RORAIMA,"TIPO I",TÉRMICA,Gás,"Jaguatirica II",RRJII,UTE.GN.RR.044619-0.01,6722100000
"2022-06-01 13:00:00",N,NORTE,RR,RORAIMA,"TIPO I",TÉRMICA,Gás,"Jaguatirica II",RRJII,UTE.GN.RR.044619-0.01,6842000000
"2022-06-01 14:00:00",N,NORTE,RR,RORAIMA,"TIPO I",TÉRMICA,Gás,"Jaguatirica II",RRJII,UTE.GN.RR.044619-0.01,6870500000
"2022-06-01 15:00:00",N,NORTE,RR,RORAIMA,"TIPO I",TÉRMICA,Gás,"Jaguatirica II",RRJII,UTE.GN.RR.044619-0.01,6829200000
"2022-06-01 16:00:00",N,NORTE,RR,RORAIMA,"TIPO I",TÉRMICA,Gás,"Jaguatirica II",RRJII,UTE.GN.RR.044619-0.01,6821000000
"2022-06-01 17:00:00",N,NORTE,RR,RORAIMA,"TIPO I",TÉRMICA,Gás,"Jaguatirica II",RRJII,UTE.GN.RR.044619-0.01,6811100000
"2022-06-01 18:00:00",N,NORTE,RR,RORAIMA,"TIPO I",TÉRMICA,Gás,"Jaguatirica II",RRJII,UTE.GN.RR.044619-0.01,6872500000
"2022-06-01 19:00:00",N,NORTE,RR,RORAIMA,"TIPO I",TÉRMICA,Gás,"Jaguatirica II",RRJII,UTE.GN.RR.044619-0.01,6868300000
"2022-06-01 20:00:00",N,NORTE,RR,RORAIMA,"TIPO I",TÉRMICA,Gás,"Jaguatirica II",RRJII,UTE.GN.RR.044619-0.01,6850100000
"2022-06-01 21:00:00",N,NORTE,RR,RORAIMA,"TIPO I",TÉRMICA,Gás,"Jaguatirica II",RRJII,UTE.GN.RR.044619-0.01,6869000000
"2022-06-01 22:00:00",N,NORTE,RR,RORAIMA,"TIPO I",TÉRMICA,Gás,"Jaguatirica II",RRJII,UTE.GN.RR.044619-0.01,6874200000
"2022-06-01 23:00:00",N,NORTE,RR,RORAIMA,"TIPO I",TÉRMICA,Gás,"Jaguatirica II",RRJII,UTE.GN.RR.044619-0.01,6884500000
"2022-06-02 00:00:00",N,NORTE,RR,RORAIMA,"TIPO I",TÉRMICA,Gás,"Jaguatirica II",RRJII,UTE.GN.RR.044619-0.01,6893700000
"2022-06-02 01:00:00",N,NORTE,RR,RORAIMA,"TIPO I",TÉRMICA,Gás,"Jaguatirica II",RRJII,UTE.GN.RR.044619-0.01,6883100000
"2022-06-02 02:00:00",N,NORTE,RR,RORAIMA,"TIPO I",TÉRMICA,Gás,"Jaguatirica II",RRJII,UTE.GN.RR.044619-0.01,6909400000
"2022-06-02 03:00:00",N,NORTE,RR,RORAIMA,"TIPO I",TÉRMICA,Gás,"Jaguatirica II",RRJII,UTE.GN.RR.044619-0.01,6792100000
"2022-06-02 04:00:00",N,NORTE,RR,RORAIMA,"TIPO I",TÉRMICA,Gás,"Jaguatirica II",RRJII,UTE.GN.RR.044619-0.01,6701500000
"2022-06-02 05:00:00",N,NORTE,RR,RORAIMA,"TIPO I",TÉRMICA,Gás,"Jaguatirica II",RRJII,UTE.GN.RR.044619-0.01,6697100000
"2022-06-02 06:00:00",N,NORTE,RR,RORAIMA,"TIPO I",TÉRMICA,Gás,"Jaguatirica II",RRJII,UTE.GN.RR.044619-0.01,6116900000
"2022-06-02 07:00:00",N,NORTE,RR,RORAIMA,"TIPO I",TÉRMICA,Gás,"Jaguatirica II",RRJII,UTE.GN.RR.044619-0.01,5201000000
"2022-06-02 08:00:00",N,NORTE,RR,RORAIMA,"TIPO I",TÉRMICA,Gás,"Jaguatirica II",RRJII,UTE.GN.RR.044619-0.01,5571200000
"2022-06-02 09:00:00",N,NORTE,RR,RORAIMA,"TIPO I",TÉRMICA,Gás,"Jaguatirica II",RRJII,UTE.GN.RR.044619-0.01,6639600000
"2022-06-02 10:00:00",N,NORTE,RR,RORAIMA,"TIPO I",TÉRMICA,Gás,"Jaguatirica II",RRJII,UTE.GN.RR.044619-0.01,6781200000
"2022-06-02 11:00:00",N,NORTE,RR,RORAIMA,"TIPO I",TÉRMICA,Gás,"Jaguatirica II",RRJII,UTE.GN.RR.044619-0.01,6719400000
"2022-06-02 12:00:00",N,NORTE,RR,RORAIMA,"TIPO I",TÉRMICA,Gás,"Jaguatirica II",RRJII,UTE.GN.RR.044619-0.01,6728800000
"2022-06-02 13:00:00",N,NORTE,RR,RORAIMA,"TIPO I",TÉRMICA,Gás,"Jaguatirica II",RRJII,UTE.GN.RR.044619-0.01,6728400000
"2022-06-02 14:00:00",N,NORTE,RR,RORAIMA,"TIPO I",TÉRMICA,Gás,"Jaguatirica II",RRJII,UTE.GN.RR.044619-0.01,6790700000
"2022-06-02 15:00:00",N,NORTE,RR,RORAIMA,"TIPO I",TÉRMICA,Gás,"Jaguatirica II",RRJII,UTE.GN.RR.044619-0.01,6847600000
"2022-06-02 16:00:00",N,NORTE,RR,RORAIMA,"TIPO I",TÉRMICA,Gás,"Jaguatirica II",RRJII,UTE.GN.RR.044619-0.01,6854600000
"2022-06-02 17:00:00",N,NORTE,RR,RORAIMA,"TIPO I",TÉRMICA,Gás,"Jaguatirica II",RRJII,UTE.GN.RR.044619-0.01,6864100000
"2022-06-02 18:00:00",N,NORTE,RR,RORAIMA,"TIPO I",TÉRMICA,Gás,"Jaguatirica II",RRJII,UTE.GN.RR.044619-0.01,6859700000
"2022-06-02 19:00:00",N,NORTE,RR,RORAIMA,"TIPO I",TÉRMICA,Gás,"Jaguatirica II",RRJII,UTE.GN.RR.044619-0.01,6861700000
"2022-06-02 20:00:00",N,NORTE,RR,RORAIMA,"TIPO I",TÉRMICA,Gás,"Jaguatirica II",RRJII,UTE.GN.RR.044619-0.01,6878400000
"2022-06-02 21:00:00",N,NORTE,RR,RORAIMA,"TIPO I",TÉRMICA,Gás,"Jaguatirica II",RRJII,UTE.GN.RR.044619-0.01,6919600000
"2022-06-02 22:00:00",N,NORTE,RR,RORAIMA,"TIPO I",TÉRMICA,Gás,"Jaguatirica II",RRJII,UTE.GN.RR.044619-0.01,6895100000
"2022-06-02 23:00:00",N,NORTE,RR,RORAIMA,"TIPO I",TÉRMICA,Gás,"Jaguatirica II",RRJII,UTE.GN.RR.044619-0.01,6868600000
"2022-06-03 00:00:00",N,NORTE,RR,RORAIMA,"TIPO I",TÉRMICA,Gás,"Jaguatirica II",RRJII,UTE.GN.RR.044619-0.01,6895300000
"2022-06-03 01:00:00",N,NORTE,RR,RORAIMA,"TIPO I",TÉRMICA,Gás,"Jaguatirica II",RRJII,UTE.GN.RR.044619-0.01,6886900000
"2022-06-03 02:00:00",N,NORTE,RR,RORAIMA,"TIPO I",TÉRMICA,Gás,"Jaguatirica II",RRJII,UTE.GN.RR.044619-0.01,6863900000
"2022-06-03 03:00:00",N,NORTE,RR,RORAIMA,"TIPO I",TÉRMICA,Gás,"Jaguatirica II",RRJII,UTE.GN.RR.044619-0.01,6558300000
"2022-06-03 04:00:00",N,NORTE,RR,RORAIMA,"TIPO I",TÉRMICA,Gás,"Jaguatirica II",RRJII,UTE.GN.RR.044619-0.01,5994200000
"2022-06-03 05:00:00",N,NORTE,RR,RORAIMA,"TIPO I",TÉRMICA,Gás,"Jaguatirica II",RRJII,UTE.GN.RR.044619-0.01,5483300000
"2022-06-03 06:00:00",N,NORTE,RR,RORAIMA,"TIPO I",TÉRMICA,Gás,"Jaguatirica II",RRJII,UTE.GN.RR.044619-0.01,5434500000
"2022-06-03 07:00:00",N,NORTE,RR,RORAIMA,"TIPO I",TÉRMICA,Gás,"Jaguatirica II",RRJII,UTE.GN.RR.044619-0.01,4348400000
"2022-06-03 08:00:00",N,NORTE,RR,RORAIMA,"TIPO I",TÉRMICA,Gás,"Jaguatirica II",RRJII,UTE.GN.RR.044619-0.01,4368400000
"2022-06-03 09:00:00",N,NORTE,RR,RORAIMA,"TIPO I",TÉRMICA,Gás,"Jaguatirica II",RRJII,UTE.GN.RR.044619-0.01,5099700000
"2022-06-03 10:00:00",N,NORTE,RR,RORAIMA,"TIPO I",TÉRMICA,Gás,"Jaguatirica II",RRJII,UTE.GN.RR.044619-0.01,6110700000
"2022-06-03 11:00:00",N,NORTE,RR,RORAIMA,"TIPO I",TÉRMICA,Gás,"Jaguatirica II",RRJII,UTE.GN.RR.044619-0.01,31900000
"2022-06-03 12:00:00",N,NORTE,RR,RORAIMA,"TIPO I",TÉRMICA,Gás,"Jaguatirica II",RRJII,UTE.GN.RR.044619-0.01,0
"2022-06-03 13:00:00",N,NORTE,RR,RORAIMA,"TIPO I",TÉRMICA,Gás,"Jaguatirica II",RRJII,UTE.GN.RR.044619-0.01,0
"2022-06-03 14:00:00",N,NORTE,RR,RORAIMA,"TIPO I",TÉRMICA,Gás,"Jaguatirica II",RRJII,UTE.GN.RR.044619-0.01,23500000
"2022-06-03 15:00:00",N,NORTE,RR,RORAIMA,"TIPO I",TÉRMICA,Gás,"Jaguatirica II",RRJII,UTE.GN.RR.044619-0.01,808900000
"2022-06-03 16:00:00",N,NORTE,RR,RORAIMA,"TIPO I",TÉRMICA,Gás,"Jaguatirica II",RRJII,UTE.GN.RR.044619-0.01,1382900000
"2022-06-03 17:00:00",N,NORTE,RR,RORAIMA,"TIPO I",TÉRMICA,Gás,"Jaguatirica II",RRJII,UTE.GN.RR.044619-0.01,2892800000
"2022-06-03 18:00:00",N,NORTE,RR,RORAIMA,"TIPO I",TÉRMICA,Gás,"Jaguatirica II",RRJII,UTE.GN.RR.044619-0.01,5961000000
"2022-06-03 19:00:00",N,NORTE,RR,RORAIMA,"TIPO I",TÉRMICA,Gás,"Jaguatirica II",RRJII,UTE.GN.RR.044619-0.01,6185100000
"2022-06-03 20:00:00",N,NORTE,RR,RORAIMA,"TIPO I",TÉRMICA,Gás,"Jaguatirica II",RRJII,UTE.GN.RR.044619-0.01,6827700000
"2022-06-03 21:00:00",N,NORTE,RR,RORAIMA,"TIPO I",TÉRMICA,Gás,"Jaguatirica II",RRJII,UTE.GN.RR.044619-0.01,6823200000
"2022-06-03 22:00:00",N,NORTE,RR,RORAIMA,"TIPO I",TÉRMICA,Gás,"Jaguatirica II",RRJII,UTE.GN.RR.044619-0.01,6797600000
"2022-06-03 23:00:00",N,NORTE,RR,RORAIMA,"TIPO I",TÉRMICA,Gás,"Jaguatirica II",RRJII,UTE.GN.RR.044619-0.01,6830400000
"2022-06-04 00:00:00",N,NORTE,RR,RORAIMA,"TIPO I",TÉRMICA,Gás,"Jaguatirica II",RRJII,UTE.GN.RR.044619-0.01,6852000000
"2022-06-04 01:00:00",N,NORTE,RR,RORAIMA,"TIPO I",TÉRMICA,Gás,"Jaguatirica II",RRJII,UTE.GN.RR.044619-0.01,6834000000
"2022-06-04 02:00:00",N,NORTE,RR,RORAIMA,"TIPO I",TÉRMICA,Gás,"Jaguatirica II",RRJII,UTE.GN.RR.044619-0.01,6812200000
"2022-06-04 03:00:00",N,NORTE,RR,RORAIMA,"TIPO I",TÉRMICA,Gás,"Jaguatirica II",RRJII,UTE.GN.RR.044619-0.01,6897400000
"2022-06-04 04:00:00",N,NORTE,RR,RORAIMA,"TIPO I",TÉRMICA,Gás,"Jaguatirica II",RRJII,UTE.GN.RR.044619-0.01,6903900000
"2022-06-04 05:00:00",N,NORTE,RR,RORAIMA,"TIPO I",TÉRMICA,Gás,"Jaguatirica II",RRJII,UTE.GN.RR.044619-0.01,6734900000
"2022-06-04 06:00:00",N,NORTE,RR,RORAIMA,"TIPO I",TÉRMICA,Gás,"Jaguatirica II",RRJII,UTE.GN.RR.044619-0.01,6159300000
"2022-06-04 07:00:00",N,NORTE,RR,RORAIMA,"TIPO I",TÉRMICA,Gás,"Jaguatirica II",RRJII,UTE.GN.RR.044619-0.01,4872300000
"2022-06-04 08:00:00",N,NORTE,RR,RORAIMA,"TIPO I",TÉRMICA,Gás,"Jaguatirica II",RRJII,UTE.GN.RR.044619-0.01,4394200000
"2022-06-04 09:00:00",N,NORTE,RR,RORAIMA,"TIPO I",TÉRMICA,Gás,"Jaguatirica II",RRJII,UTE.GN.RR.044619-0.01,4430200000
"2022-06-04 10:00:00",N,NORTE,RR,RORAIMA,"TIPO I",TÉRMICA,Gás,"Jaguatirica II",RRJII,UTE.GN.RR.044619-0.01,4559400000
"2022-06-04 11:00:00",N,NORTE,RR,RORAIMA,"TIPO I",TÉRMICA,Gás,"Jaguatirica II",RRJII,UTE.GN.RR.044619-0.01,4906100000
"2022-06-04 12:00:00",N,NORTE,RR,RORAIMA,"TIPO I",TÉRMICA,Gás,"Jaguatirica II",RRJII,UTE.GN.RR.044619-0.01,5478200000
"2022-06-04 13:00:00",N,NORTE,RR,RORAIMA,"TIPO I",TÉRMICA,Gás,"Jaguatirica II",RRJII,UTE.GN.RR.044619-0.01,4592400000
"2022-06-04 14:00:00",N,NORTE,RR,RORAIMA,"TIPO I",TÉRMICA,Gás,"Jaguatirica II",RRJII,UTE.GN.RR.044619-0.01,4760200000
"2022-06-04 15:00:00",N,NORTE,RR,RORAIMA,"TIPO I",TÉRMICA,Gás,"Jaguatirica II",RRJII,UTE.GN.RR.044619-0.01,6287400000
"2022-06-04 16:00:00",N,NORTE,RR,RORAIMA,"TIPO I",TÉRMICA,Gás,"Jaguatirica II",RRJII,UTE.GN.RR.044619-0.01,6780300000
"2022-06-04 17:00:00",N,NORTE,RR,RORAIMA,"TIPO I",TÉRMICA,Gás,"Jaguatirica II",RRJII,UTE.GN.RR.044619-0.01,6334400000
"2022-06-04 18:00:00",N,NORTE,RR,RORAIMA,"TIPO I",TÉRMICA,Gás,"Jaguatirica II",RRJII,UTE.GN.RR.044619-0.01,5824800000
"2022-06-04 19:00:00",N,NORTE,RR,RORAIMA,"TIPO I",TÉRMICA,Gás,"Jaguatirica II",RRJII,UTE.GN.RR.044619-0.01,6658100000
"2022-06-04 20:00:00",N,NORTE,RR,RORAIMA,"TIPO I",TÉRMICA,Gás,"Jaguatirica II",RRJII,UTE.GN.RR.044619-0.01,6931800000
"2022-06-04 21:00:00",N,NORTE,RR,RORAIMA,"TIPO I",TÉRMICA,Gás,"Jaguatirica II",RRJII,UTE.GN.RR.044619-0.01,6923100000
"2022-06-04 22:00:00",N,NORTE,RR,RORAIMA,"TIPO I",TÉRMICA,Gás,"Jaguatirica II",RRJII,UTE.GN.RR.044619-0.01,6934600000
"2022-06-04 23:00:00",N,NORTE,RR,RORAIMA,"TIPO I",TÉRMICA,Gás,"Jaguatirica II",RRJII,UTE.GN.RR.044619-0.01,6935800000
"2022-06-05 00:00:00",N,NORTE,RR,RORAIMA,"TIPO I",TÉRMICA,Gás,"Jaguatirica II",RRJII,UTE.GN.RR.044619-0.01,6941400000
"2022-06-05 01:00:00",N,NORTE,RR,RORAIMA,"TIPO I",TÉRMICA,Gás,"Jaguatirica II",RRJII,UTE.GN.RR.044619-0.01,6941200000
"2022-06-05 02:00:00",N,NORTE,RR,RORAIMA,"TIPO I",TÉRMICA,Gás,"Jaguatirica II",RRJII,UTE.GN.RR.044619-0.01,6930300000
"2022-06-05 03:00:00",N,NORTE,RR,RORAIMA,"TIPO I",TÉRMICA,Gás,"Jaguatirica II",RRJII,UTE.GN.RR.044619-0.01,6935400000
"2022-06-05 04:00:00",N,NORTE,RR,RORAIMA,"TIPO I",TÉRMICA,Gás,"Jaguatirica II",RRJII,UTE.GN.RR.044619-0.01,6946700000
"2022-06-05 05:00:00",N,NORTE,RR,RORAIMA,"TIPO I",TÉRMICA,Gás,"Jaguatirica II",RRJII,UTE.GN.RR.044619-0.01,6868100000
"2022-06-05 06:00:00",N,NORTE,RR,RORAIMA,"TIPO I",TÉRMICA,Gás,"Jaguatirica II",RRJII,UTE.GN.RR.044619-0.01,6433800000
"2022-06-05 07:00:00",N,NORTE,RR,RORAIMA,"TIPO I",TÉRMICA,Gás,"Jaguatirica II",RRJII,UTE.GN.RR.044619-0.01,5067100000
"2022-06-05 08:00:00",N,NORTE,RR,RORAIMA,"TIPO I",TÉRMICA,Gás,"Jaguatirica II",RRJII,UTE.GN.RR.044619-0.01,4219400000
"2022-06-05 09:00:00",N,NORTE,RR,RORAIMA,"TIPO I",TÉRMICA,Gás,"Jaguatirica II",RRJII,UTE.GN.RR.044619-0.01,3895300000
"2022-06-05 10:00:00",N,NORTE,RR,RORAIMA,"TIPO I",TÉRMICA,Gás,"Jaguatirica II",RRJII,UTE.GN.RR.044619-0.01,3855700000
"2022-06-05 11:00:00",N,NORTE,RR,RORAIMA,"TIPO I",TÉRMICA,Gás,"Jaguatirica II",RRJII,UTE.GN.RR.044619-0.01,3806400000
"2022-06-05 12:00:00",N,NORTE,RR,RORAIMA,"TIPO I",TÉRMICA,Gás,"Jaguatirica II",RRJII,UTE.GN.RR.044619-0.01,3819400000
"2022-06-05 13:00:00",N,NORTE,RR,RORAIMA,"TIPO I",TÉRMICA,Gás,"Jaguatirica II",RRJII,UTE.GN.RR.044619-0.01,3800700000
"2022-06-05 14:00:00",N,NORTE,RR,RORAIMA,"TIPO I",TÉRMICA,Gás,"Jaguatirica II",RRJII,UTE.GN.RR.044619-0.01,4184700000
"2022-06-05 15:00:00",N,NORTE,RR,RORAIMA,"TIPO I",TÉRMICA,Gás,"Jaguatirica II",RRJII,UTE.GN.RR.044619-0.01,5243200000
"2022-06-05 16:00:00",N,NORTE,RR,RORAIMA,"TIPO I",TÉRMICA,Gás,"Jaguatirica II",RRJII,UTE.GN.RR.044619-0.01,5691700000
"2022-06-05 17:00:00",N,NORTE,RR,RORAIMA,"TIPO I",TÉRMICA,Gás,"Jaguatirica II",RRJII,UTE.GN.RR.044619-0.01,5721800000
"2022-06-05 18:00:00",N,NORTE,RR,RORAIMA,"TIPO I",TÉRMICA,Gás,"Jaguatirica II",RRJII,UTE.GN.RR.044619-0.01,5103600000
"2022-06-05 19:00:00",N,NORTE,RR,RORAIMA,"TIPO I",TÉRMICA,Gás,"Jaguatirica II",RRJII,UTE.GN.RR.044619-0.01,6468000000
"2022-06-05 20:00:00",N,NORTE,RR,RORAIMA,"TIPO I",TÉRMICA,Gás,"Jaguatirica II",RRJII,UTE.GN.RR.044619-0.01,6859400000
"2022-06-05 21:00:00",N,NORTE,RR,RORAIMA,"TIPO I",TÉRMICA,Gás,"Jaguatirica II",RRJII,UTE.GN.RR.044619-0.01,6835400000
"2022-06-05 22:00:00",N,NORTE,RR,RORAIMA,"TIPO I",TÉRMICA,Gás,"Jaguatirica II",RRJII,UTE.GN.RR.044619-0.01,6930000000
"2022-06-05 23:00:00",N,NORTE,RR,RORAIMA,"TIPO I",TÉRMICA,Gás,"Jaguatirica II",RRJII,UTE.GN.RR.044619-0.01,6872400000
"2022-06-06 00:00:00",N,NORTE,RR,RORAIMA,"TIPO I",TÉRMICA,Gás,"Jaguatirica II",RRJII,UTE.GN.RR.044619-0.01,6800400000
"2022-06-06 01:00:00",N,NORTE,RR,RORAIMA,"TIPO I",TÉRMICA,Gás,"Jaguatirica II",RRJII,UTE.GN.RR.044619-0.01,6798600000
"2022-06-06 02:00:00",N,NORTE,RR,RORAIMA,"TIPO I",TÉRMICA,Gás,"Jaguatirica II",RRJII,UTE.GN.RR.044619-0.01,6791500000
"2022-06-06 03:00:00",N,NORTE,RR,RORAIMA,"TIPO I",TÉRMICA,Gás,"Jaguatirica II",RRJII,UTE.GN.RR.044619-0.01,6774300000
"2022-06-06 04:00:00",N,NORTE,RR,RORAIMA,"TIPO I",TÉRMICA,Gás,"Jaguatirica II",RRJII,UTE.GN.RR.044619-0.01,6373600000
"2022-06-06 05:00:00",N,NORTE,RR,RORAIMA,"TIPO I",TÉRMICA,Gás,"Jaguatirica II",RRJII,UTE.GN.RR.044619-0.01,5573900000
"2022-06-06 06:00:00",N,NORTE,RR,RORAIMA,"TIPO I",TÉRMICA,Gás,"Jaguatirica II",RRJII,UTE.GN.RR.044619-0.01,5215800000
"2022-06-06 07:00:00",N,NORTE,RR,RORAIMA,"TIPO I",TÉRMICA,Gás,"Jaguatirica II",RRJII,UTE.GN.RR.044619-0.01,4378100000
"2022-06-06 08:00:00",N,NORTE,RR,RORAIMA,"TIPO I",TÉRMICA,Gás,"Jaguatirica II",RRJII,UTE.GN.RR.044619-0.01,4246200000
"2022-06-06 09:00:00",N,NORTE,RR,RORAIMA,"TIPO I",TÉRMICA,Gás,"Jaguatirica II",RRJII,UTE.GN.RR.044619-0.01,5058700000
"2022-06-06 10:00:00",N,NORTE,RR,RORAIMA,"TIPO I",TÉRMICA,Gás,"Jaguatirica II",RRJII,UTE.GN.RR.044619-0.01,5322400000
"2022-06-06 11:00:00",N,NORTE,RR,RORAIMA,"TIPO I",TÉRMICA,Gás,"Jaguatirica II",RRJII,UTE.GN.RR.044619-0.01,5187800000
"2022-06-06 12:00:00",N,NORTE,RR,RORAIMA,"TIPO I",TÉRMICA,Gás,"Jaguatirica II",RRJII,UTE.GN.RR.044619-0.01,5201800000
"2022-06-06 13:00:00",N,NORTE,RR,RORAIMA,"TIPO I",TÉRMICA,Gás,"Jaguatirica II",RRJII,UTE.GN.RR.044619-0.01,5665500000
"2022-06-06 14:00:00",N,NORTE,RR,RORAIMA,"TIPO I",TÉRMICA,Gás,"Jaguatirica II",RRJII,UTE.GN.RR.044619-0.01,6036000000
"2022-06-06 15:00:00",N,NORTE,RR,RORAIMA,"TIPO I",TÉRMICA,Gás,"Jaguatirica II",RRJII,UTE.GN.RR.044619-0.01,6694900000
"2022-06-06 16:00:00",N,NORTE,RR,RORAIMA,"TIPO I",TÉRMICA,Gás,"Jaguatirica II",RRJII,UTE.GN.RR.044619-0.01,6726200000
"2022-06-06 17:00:00",N,NORTE,RR,RORAIMA,"TIPO I",TÉRMICA,Gás,"Jaguatirica II",RRJII,UTE.GN.RR.044619-0.01,6708000000
"2022-06-06 18:00:00",N,NORTE,RR,RORAIMA,"TIPO I",TÉRMICA,Gás,"Jaguatirica II",RRJII,UTE.GN.RR.044619-0.01,6672800000
"2022-06-06 19:00:00",N,NORTE,RR,RORAIMA,"TIPO I",TÉRMICA,Gás,"Jaguatirica II",RRJII,UTE.GN.RR.044619-0.01,6030900000
"2022-06-06 20:00:00",N,NORTE,RR,RORAIMA,"TIPO I",TÉRMICA,Gás,"Jaguatirica II",RRJII,UTE.GN.RR.044619-0.01,6004200000
"2022-06-06 21:00:00",N,NORTE,RR,RORAIMA,"TIPO I",TÉRMICA,Gás,"Jaguatirica II",RRJII,UTE.GN.RR.044619-0.01,6053500000
"2022-06-06 22:00:00",N,NORTE,RR,RORAIMA,"TIPO I",TÉRMICA,Gás,"Jaguatirica II",RRJII,UTE.GN.RR.044619-0.01,6095100000
"2022-06-06 23:00:00",N,NORTE,RR,RORAIMA,"TIPO I",TÉRMICA,Gás,"Jaguatirica II",RRJII,UTE.GN.RR.044619-0.01,6432200000
"2022-06-07 00:00:00",N,NORTE,RR,RORAIMA,"TIPO I",TÉRMICA,Gás,"Jaguatirica II",RRJII,UTE.GN.RR.044619-0.01,6777600000
"2022-06-07 01:00:00",N,NORTE,RR,RORAIMA,"TIPO I",TÉRMICA,Gás,"Jaguatirica II",RRJII,UTE.GN.RR.044619-0.01,6822600000
"2022-06-07 02:00:00",N,NORTE,RR,RORAIMA,"TIPO I",TÉRMICA,Gás,"Jaguatirica II",RRJII,UTE.GN.RR.044619-0.01,6800200000
"2022-06-07 03:00:00",N,NORTE,RR,RORAIMA,"TIPO I",TÉRMICA,Gás,"Jaguatirica II",RRJII,UTE.GN.RR.044619-0.01,6895500000
"2022-06-07 04:00:00",N,NORTE,RR,RORAIMA,"TIPO I",TÉRMICA,Gás,"Jaguatirica II",RRJII,UTE.GN.RR.044619-0.01,6859000000
"2022-06-07 05:00:00",N,NORTE,RR,RORAIMA,"TIPO I",TÉRMICA,Gás,"Jaguatirica II",RRJII,UTE.GN.RR.044619-0.01,6827100000
"2022-06-07 06:00:00",N,NORTE,RR,RORAIMA,"TIPO I",TÉRMICA,Gás,"Jaguatirica II",RRJII,UTE.GN.RR.044619-0.01,6632900000
"2022-06-07 07:00:00",N,NORTE,RR,RORAIMA,"TIPO I",TÉRMICA,Gás,"Jaguatirica II",RRJII,UTE.GN.RR.044619-0.01,4899600000
"2022-06-07 08:00:00",N,NORTE,RR,RORAIMA,"TIPO I",TÉRMICA,Gás,"Jaguatirica II",RRJII,UTE.GN.RR.044619-0.01,4131600000
"2022-06-07 09:00:00",N,NORTE,RR,RORAIMA,"TIPO I",TÉRMICA,Gás,"Jaguatirica II",RRJII,UTE.GN.RR.044619-0.01,4634100000
"2022-06-07 10:00:00",N,NORTE,RR,RORAIMA,"TIPO I",TÉRMICA,Gás,"Jaguatirica II",RRJII,UTE.GN.RR.044619-0.01,3896900000
"2022-06-07 11:00:00",N,NORTE,RR,RORAIMA,"TIPO I",TÉRMICA,Gás,"Jaguatirica II",RRJII,UTE.GN.RR.044619-0.01,4618500000
"2022-06-07 12:00:00",N,NORTE,RR,RORAIMA,"TIPO I",TÉRMICA,Gás,"Jaguatirica II",RRJII,UTE.GN.RR.044619-0.01,6463900000
"2022-06-07 13:00:00",N,NORTE,RR,RORAIMA,"TIPO I",TÉRMICA,Gás,"Jaguatirica II",RRJII,UTE.GN.RR.044619-0.01,6709500000
"2022-06-07 14:00:00",N,NORTE,RR,RORAIMA,"TIPO I",TÉRMICA,Gás,"Jaguatirica II",RRJII,UTE.GN.RR.044619-0.01,6676700000
"2022-06-07 15:00:00",N,NORTE,RR,RORAIMA,"TIPO I",TÉRMICA,Gás,"Jaguatirica II",RRJII,UTE.GN.RR.044619-0.01,6688000000
"2022-06-07 16:00:00",N,NORTE,RR,RORAIMA,"TIPO I",TÉRMICA,Gás,"Jaguatirica II",RRJII,UTE.GN.RR.044619-0.01,6632000000
"2022-06-07 17:00:00",N,NORTE,RR,RORAIMA,"TIPO I",TÉRMICA,Gás,"Jaguatirica II",RRJII,UTE.GN.RR.044619-0.01,6679200000
"2022-06-07 18:00:00",N,NORTE,RR,RORAIMA,"TIPO I",TÉRMICA,Gás,"Jaguatirica II",RRJII,UTE.GN.RR.044619-0.01,6192100000
"2022-06-07 19:00:00",N,NORTE,RR,RORAIMA,"TIPO I",TÉRMICA,Gás,"Jaguatirica II",RRJII,UTE.GN.RR.044619-0.01,5592800000
"2022-06-07 20:00:00",N,NORTE,RR,RORAIMA,"TIPO I",TÉRMICA,Gás,"Jaguatirica II",RRJII,UTE.GN.RR.044619-0.01,6645100000
"2022-06-07 21:00:00",N,NORTE,RR,RORAIMA,"TIPO I",TÉRMICA,Gás,"Jaguatirica II",RRJII,UTE.GN.RR.044619-0.01,6856300000
"2022-06-07 22:00:00",N,NORTE,RR,RORAIMA,"TIPO I",TÉRMICA,Gás,"Jaguatirica II",RRJII,UTE.GN.RR.044619-0.01,6852400000
"2022-06-07 23:00:00",N,NORTE,RR,RORAIMA,"TIPO I",TÉRMICA,Gás,"Jaguatirica II",RRJII,UTE.GN.RR.044619-0.01,6860400000
"2022-06-08 00:00:00",N,NORTE,RR,RORAIMA,"TIPO I",TÉRMICA,Gás,"Jaguatirica II",RRJII,UTE.GN.RR.044619-0.01,6864000000
"2022-06-08 01:00:00",N,NORTE,RR,RORAIMA,"TIPO I",TÉRMICA,Gás,"Jaguatirica II",RRJII,UTE.GN.RR.044619-0.01,6853300000
"2022-06-08 02:00:00",N,NORTE,RR,RORAIMA,"TIPO I",TÉRMICA,Gás,"Jaguatirica II",RRJII,UTE.GN.RR.044619-0.01,6860800000
"2022-06-08 03:00:00",N,NORTE,RR,RORAIMA,"TIPO I",TÉRMICA,Gás,"Jaguatirica II",RRJII,UTE.GN.RR.044619-0.01,6854600000
"2022-06-08 04:00:00",N,NORTE,RR,RORAIMA,"TIPO I",TÉRMICA,Gás,"Jaguatirica II",RRJII,UTE.GN.RR.044619-0.01,6862300000
"2022-06-08 05:00:00",N,NORTE,RR,RORAIMA,"TIPO I",TÉRMICA,Gás,"Jaguatirica II",RRJII,UTE.GN.RR.044619-0.01,6860100000
"2022-06-08 06:00:00",N,NORTE,RR,RORAIMA,"TIPO I",TÉRMICA,Gás,"Jaguatirica II",RRJII,UTE.GN.RR.044619-0.01,6760300000
"2022-06-08 07:00:00",N,NORTE,RR,RORAIMA,"TIPO I",TÉRMICA,Gás,"Jaguatirica II",RRJII,UTE.GN.RR.044619-0.01,5220100000
"2022-06-08 08:00:00",N,NORTE,RR,RORAIMA,"TIPO I",TÉRMICA,Gás,"Jaguatirica II",RRJII,UTE.GN.RR.044619-0.01,5058700000
"2022-06-08 09:00:00",N,NORTE,RR,RORAIMA,"TIPO I",TÉRMICA,Gás,"Jaguatirica II",RRJII,UTE.GN.RR.044619-0.01,6211900000
"2022-06-08 10:00:00",N,NORTE,RR,RORAIMA,"TIPO I",TÉRMICA,Gás,"Jaguatirica II",RRJII,UTE.GN.RR.044619-0.01,6725000000
"2022-06-08 11:00:00",N,NORTE,RR,RORAIMA,"TIPO I",TÉRMICA,Gás,"Jaguatirica II",RRJII,UTE.GN.RR.044619-0.01,6838100000
"2022-06-08 12:00:00",N,NORTE,RR,RORAIMA,"TIPO I",TÉRMICA,Gás,"Jaguatirica II",RRJII,UTE.GN.RR.044619-0.01,6817200000
"2022-06-08 13:00:00",N,NORTE,RR,RORAIMA,"TIPO I",TÉRMICA,Gás,"Jaguatirica II",RRJII,UTE.GN.RR.044619-0.01,6831400000
"2022-06-08 14:00:00",N,NORTE,RR,RORAIMA,"TIPO I",TÉRMICA,Gás,"Jaguatirica II",RRJII,UTE.GN.RR.044619-0.01,6836700000
"2022-06-08 15:00:00",N,NORTE,RR,RORAIMA,"TIPO I",TÉRMICA,Gás,"Jaguatirica II",RRJII,UTE.GN.RR.044619-0.01,6518000000
"2022-06-08 16:00:00",N,NORTE,RR,RORAIMA,"TIPO I",TÉRMICA,Gás,"Jaguatirica II",RRJII,UTE.GN.RR.044619-0.01,5718900000
"2022-06-08 17:00:00",N,NORTE,RR,RORAIMA,"TIPO I",TÉRMICA,Gás,"Jaguatirica II",RRJII,UTE.GN.RR.044619-0.01,4906700000
"2022-06-08 18:00:00",N,NORTE,RR,RORAIMA,"TIPO I",TÉRMICA,Gás,"Jaguatirica II",RRJII,UTE.GN.RR.044619-0.01,4359400000
"2022-06-08 19:00:00",N,NORTE,RR,RORAIMA,"TIPO I",TÉRMICA,Gás,"Jaguatirica II",RRJII,UTE.GN.RR.044619-0.01,3758600000
"2022-06-08 20:00:00",N,NORTE,RR,RORAIMA,"TIPO I",TÉRMICA,Gás,"Jaguatirica II",RRJII,UTE.GN.RR.044619-0.01,3803000000
"2022-06-08 21:00:00",N,NORTE,RR,RORAIMA,"TIPO I",TÉRMICA,Gás,"Jaguatirica II",RRJII,UTE.GN.RR.044619-0.01,5224800000
"2022-06-08 22:00:00",N,NORTE,RR,RORAIMA,"TIPO I",TÉRMICA,Gás,"Jaguatirica II",RRJII,UTE.GN.RR.044619-0.01,6527800000
"2022-06-08 23:00:00",N,NORTE,RR,RORAIMA,"TIPO I",TÉRMICA,Gás,"Jaguatirica II",RRJII,UTE.GN.RR.044619-0.01,6261400000
"2022-06-09 00:00:00",N,NORTE,RR,RORAIMA,"TIPO I",TÉRMICA,Gás,"Jaguatirica II",RRJII,UTE.GN.RR.044619-0.01,6295700000
"2022-06-09 01:00:00",N,NORTE,RR,RORAIMA,"TIPO I",TÉRMICA,Gás,"Jaguatirica II",RRJII,UTE.GN.RR.044619-0.01,6882200000
"2022-06-09 02:00:00",N,NORTE,RR,RORAIMA,"TIPO I",TÉRMICA,Gás,"Jaguatirica II",RRJII,UTE.GN.RR.044619-0.01,6865700000
"2022-06-09 03:00:00",N,NORTE,RR,RORAIMA,"TIPO I",TÉRMICA,Gás,"Jaguatirica II",RRJII,UTE.GN.RR.044619-0.01,6839100000
"2022-06-09 04:00:00",N,NORTE,RR,RORAIMA,"TIPO I",TÉRMICA,Gás,"Jaguatirica II",RRJII,UTE.GN.RR.044619-0.01,6808900000
"2022-06-09 05:00:00",N,NORTE,RR,RORAIMA,"TIPO I",TÉRMICA,Gás,"Jaguatirica II",RRJII,UTE.GN.RR.044619-0.01,6700900000
"2022-06-09 06:00:00",N,NORTE,RR,RORAIMA,"TIPO I",TÉRMICA,Gás,"Jaguatirica II",RRJII,UTE.GN.RR.044619-0.01,6864300000
"2022-06-09 07:00:00",N,NORTE,RR,RORAIMA,"TIPO I",TÉRMICA,Gás,"Jaguatirica II",RRJII,UTE.GN.RR.044619-0.01,6116400000
"2022-06-09 08:00:00",N,NORTE,RR,RORAIMA,"TIPO I",TÉRMICA,Gás,"Jaguatirica II",RRJII,UTE.GN.RR.044619-0.01,5346500000
"2022-06-09 09:00:00",N,NORTE,RR,RORAIMA,"TIPO I",TÉRMICA,Gás,"Jaguatirica II",RRJII,UTE.GN.RR.044619-0.01,6651900000
"2022-06-09 10:00:00",N,NORTE,RR,RORAIMA,"TIPO I",TÉRMICA,Gás,"Jaguatirica II",RRJII,UTE.GN.RR.044619-0.01,6878300000
"2022-06-09 11:00:00",N,NORTE,RR,RORAIMA,"TIPO I",TÉRMICA,Gás,"Jaguatirica II",RRJII,UTE.GN.RR.044619-0.01,6809600000
"2022-06-09 12:00:00",N,NORTE,RR,RORAIMA,"TIPO I",TÉRMICA,Gás,"Jaguatirica II",RRJII,UTE.GN.RR.044619-0.01,6767400000
"2022-06-09 13:00:00",N,NORTE,RR,RORAIMA,"TIPO I",TÉRMICA,Gás,"Jaguatirica II",RRJII,UTE.GN.RR.044619-0.01,6898900000
"2022-06-09 14:00:00",N,NORTE,RR,RORAIMA,"TIPO I",TÉRMICA,Gás,"Jaguatirica II",RRJII,UTE.GN.RR.044619-0.01,6892600000
"2022-06-09 15:00:00",N,NORTE,RR,RORAIMA,"TIPO I",TÉRMICA,Gás,"Jaguatirica II",RRJII,UTE.GN.RR.044619-0.01,6885400000
"2022-06-09 16:00:00",N,NORTE,RR,RORAIMA,"TIPO I",TÉRMICA,Gás,"Jaguatirica II",RRJII,UTE.GN.RR.044619-0.01,6849300000
"2022-06-09 17:00:00",N,NORTE,RR,RORAIMA,"TIPO I",TÉRMICA,Gás,"Jaguatirica II",RRJII,UTE.GN.RR.044619-0.01,6958100000
"2022-06-09 18:00:00",N,NORTE,RR,RORAIMA,"TIPO I",TÉRMICA,Gás,"Jaguatirica II",RRJII,UTE.GN.RR.044619-0.01,6882400000
"2022-06-09 19:00:00",N,NORTE,RR,RORAIMA,"TIPO I",TÉRMICA,Gás,"Jaguatirica II",RRJII,UTE.GN.RR.044619-0.01,6848400000
"2022-06-09 20:00:00",N,NORTE,RR,RORAIMA,"TIPO I",TÉRMICA,Gás,"Jaguatirica II",RRJII,UTE.GN.RR.044619-0.01,6494600000
"2022-06-09 21:00:00",N,NORTE,RR,RORAIMA,"TIPO I",TÉRMICA,Gás,"Jaguatirica II",RRJII,UTE.GN.RR.044619-0.01,6643900000
"2022-06-09 22:00:00",N,NORTE,RR,RORAIMA,"TIPO I",TÉRMICA,Gás,"Jaguatirica II",RRJII,UTE.GN.RR.044619-0.01,6791900000
"2022-06-09 23:00:00",N,NORTE,RR,RORAIMA,"TIPO I",TÉRMICA,Gás,"Jaguatirica II",RRJII,UTE.GN.RR.044619-0.01,6850800000
"2022-06-10 00:00:00",N,NORTE,RR,RORAIMA,"TIPO I",TÉRMICA,Gás,"Jaguatirica II",RRJII,UTE.GN.RR.044619-0.01,6890700000
"2022-06-10 01:00:00",N,NORTE,RR,RORAIMA,"TIPO I",TÉRMICA,Gás,"Jaguatirica II",RRJII,UTE.GN.RR.044619-0.01,6923500000
"2022-06-10 02:00:00",N,NORTE,RR,RORAIMA,"TIPO I",TÉRMICA,Gás,"Jaguatirica II",RRJII,UTE.GN.RR.044619-0.01,6908200000
"2022-06-10 03:00:00",N,NORTE,RR,RORAIMA,"TIPO I",TÉRMICA,Gás,"Jaguatirica II",RRJII,UTE.GN.RR.044619-0.01,6885400000
"2022-06-10 04:00:00",N,NORTE,RR,RORAIMA,"TIPO I",TÉRMICA,Gás,"Jaguatirica II",RRJII,UTE.GN.RR.044619-0.01,6855300000
"2022-06-10 05:00:00",N,NORTE,RR,RORAIMA,"TIPO I",TÉRMICA,Gás,"Jaguatirica II",RRJII,UTE.GN.RR.044619-0.01,6868400000
"2022-06-10 06:00:00",N,NORTE,RR,RORAIMA,"TIPO I",TÉRMICA,Gás,"Jaguatirica II",RRJII,UTE.GN.RR.044619-0.01,6874900000
"2022-06-10 07:00:00",N,NORTE,RR,RORAIMA,"TIPO I",TÉRMICA,Gás,"Jaguatirica II",RRJII,UTE.GN.RR.044619-0.01,6282400000
"2022-06-10 08:00:00",N,NORTE,RR,RORAIMA,"TIPO I",TÉRMICA,Gás,"Jaguatirica II",RRJII,UTE.GN.RR.044619-0.01,6050600000
"2022-06-10 09:00:00",N,NORTE,RR,RORAIMA,"TIPO I",TÉRMICA,Gás,"Jaguatirica II",RRJII,UTE.GN.RR.044619-0.01,6807500000
"2022-06-10 10:00:00",N,NORTE,RR,RORAIMA,"TIPO I",TÉRMICA,Gás,"Jaguatirica II",RRJII,UTE.GN.RR.044619-0.01,6867800000
"2022-06-10 11:00:00",N,NORTE,RR,RORAIMA,"TIPO I",TÉRMICA,Gás,"Jaguatirica II",RRJII,UTE.GN.RR.044619-0.01,6865000000
"2022-06-10 12:00:00",N,NORTE,RR,RORAIMA,"TIPO I",TÉRMICA,Gás,"Jaguatirica II",RRJII,UTE.GN.RR.044619-0.01,6964300000
"2022-06-10 13:00:00",N,NORTE,RR,RORAIMA,"TIPO I",TÉRMICA,Gás,"Jaguatirica II",RRJII,UTE.GN.RR.044619-0.01,6889600000
"2022-06-10 14:00:00",N,NORTE,RR,RORAIMA,"TIPO I",TÉRMICA,Gás,"Jaguatirica II",RRJII,UTE.GN.RR.044619-0.01,6515800000
"2022-06-10 15:00:00",N,NORTE,RR,RORAIMA,"TIPO I",TÉRMICA,Gás,"Jaguatirica II",RRJII,UTE.GN.RR.044619-0.01,4897300000
"2022-06-10 16:00:00",N,NORTE,RR,RORAIMA,"TIPO I",TÉRMICA,Gás,"Jaguatirica II",RRJII,UTE.GN.RR.044619-0.01,6076900000
"2022-06-10 17:00:00",N,NORTE,RR,RORAIMA,"TIPO I",TÉRMICA,Gás,"Jaguatirica II",RRJII,UTE.GN.RR.044619-0.01,6833700000
"2022-06-10 18:00:00",N,NORTE,RR,RORAIMA,"TIPO I",TÉRMICA,Gás,"Jaguatirica II",RRJII,UTE.GN.RR.044619-0.01,6841700000
"2022-06-10 19:00:00",N,NORTE,RR,RORAIMA,"TIPO I",TÉRMICA,Gás,"Jaguatirica II",RRJII,UTE.GN.RR.044619-0.01,6337000000
"2022-06-10 20:00:00",N,NORTE,RR,RORAIMA,"TIPO I",TÉRMICA,Gás,"Jaguatirica II",RRJII,UTE.GN.RR.044619-0.01,6850000000
"2022-06-10 21:00:00",N,NORTE,RR,RORAIMA,"TIPO I",TÉRMICA,Gás,"Jaguatirica II",RRJII,UTE.GN.RR.044619-0.01,6928300000
"2022-06-10 22:00:00",N,NORTE,RR,RORAIMA,"TIPO I",TÉRMICA,Gás,"Jaguatirica II",RRJII,UTE.GN.RR.044619-0.01,6902100000
"2022-06-10 23:00:00",N,NORTE,RR,RORAIMA,"TIPO I",TÉRMICA,Gás,"Jaguatirica II",RRJII,UTE.GN.RR.044619-0.01,6978600000
"2022-06-11 00:00:00",N,NORTE,RR,RORAIMA,"TIPO I",TÉRMICA,Gás,"Jaguatirica II",RRJII,UTE.GN.RR.044619-0.01,6966200000
"2022-06-11 01:00:00",N,NORTE,RR,RORAIMA,"TIPO I",TÉRMICA,Gás,"Jaguatirica II",RRJII,UTE.GN.RR.044619-0.01,6942700000
"2022-06-11 02:00:00",N,NORTE,RR,RORAIMA,"TIPO I",TÉRMICA,Gás,"Jaguatirica II",RRJII,UTE.GN.RR.044619-0.01,6915700000
"2022-06-11 03:00:00",N,NORTE,RR,RORAIMA,"TIPO I",TÉRMICA,Gás,"Jaguatirica II",RRJII,UTE.GN.RR.044619-0.01,6959900000
"2022-06-11 04:00:00",N,NORTE,RR,RORAIMA,"TIPO I",TÉRMICA,Gás,"Jaguatirica II",RRJII,UTE.GN.RR.044619-0.01,6849000000
"2022-06-11 05:00:00",N,NORTE,RR,RORAIMA,"TIPO I",TÉRMICA,Gás,"Jaguatirica II",RRJII,UTE.GN.RR.044619-0.01,6463200000
"2022-06-11 06:00:00",N,NORTE,RR,RORAIMA,"TIPO I",TÉRMICA,Gás,"Jaguatirica II",RRJII,UTE.GN.RR.044619-0.01,6314800000
"2022-06-11 07:00:00",N,NORTE,RR,RORAIMA,"TIPO I",TÉRMICA,Gás,"Jaguatirica II",RRJII,UTE.GN.RR.044619-0.01,5356600000
"2022-06-11 08:00:00",N,NORTE,RR,RORAIMA,"TIPO I",TÉRMICA,Gás,"Jaguatirica II",RRJII,UTE.GN.RR.044619-0.01,5094200000
"2022-06-11 09:00:00",N,NORTE,RR,RORAIMA,"TIPO I",TÉRMICA,Gás,"Jaguatirica II",RRJII,UTE.GN.RR.044619-0.01,5868000000
"2022-06-11 10:00:00",N,NORTE,RR,RORAIMA,"TIPO I",TÉRMICA,Gás,"Jaguatirica II",RRJII,UTE.GN.RR.044619-0.01,5721800000
"2022-06-11 11:00:00",N,NORTE,RR,RORAIMA,"TIPO I",TÉRMICA,Gás,"Jaguatirica II",RRJII,UTE.GN.RR.044619-0.01,5678100000
"2022-06-11 12:00:00",N,NORTE,RR,RORAIMA,"TIPO I",TÉRMICA,Gás,"Jaguatirica II",RRJII,UTE.GN.RR.044619-0.01,5639300000
"2022-06-11 13:00:00",N,NORTE,RR,RORAIMA,"TIPO I",TÉRMICA,Gás,"Jaguatirica II",RRJII,UTE.GN.RR.044619-0.01,5603800000
"2022-06-11 14:00:00",N,NORTE,RR,RORAIMA,"TIPO I",TÉRMICA,Gás,"Jaguatirica II",RRJII,UTE.GN.RR.044619-0.01,5503700000
"2022-06-11 15:00:00",N,NORTE,RR,RORAIMA,"TIPO I",TÉRMICA,Gás,"Jaguatirica II",RRJII,UTE.GN.RR.044619-0.01,5963200000
"2022-06-11 16:00:00",N,NORTE,RR,RORAIMA,"TIPO I",TÉRMICA,Gás,"Jaguatirica II",RRJII,UTE.GN.RR.044619-0.01,6586600000
"2022-06-11 17:00:00",N,NORTE,RR,RORAIMA,"TIPO I",TÉRMICA,Gás,"Jaguatirica II",RRJII,UTE.GN.RR.044619-0.01,5723800000
"2022-06-11 18:00:00",N,NORTE,RR,RORAIMA,"TIPO I",TÉRMICA,Gás,"Jaguatirica II",RRJII,UTE.GN.RR.044619-0.01,4531900000
"2022-06-11 19:00:00",N,NORTE,RR,RORAIMA,"TIPO I",TÉRMICA,Gás,"Jaguatirica II",RRJII,UTE.GN.RR.044619-0.01,1368800000
"2022-06-11 20:00:00",N,NORTE,RR,RORAIMA,"TIPO I",TÉRMICA,Gás,"Jaguatirica II",RRJII,UTE.GN.RR.044619-0.01,997400000
"2022-06-11 21:00:00",N,NORTE,RR,RORAIMA,"TIPO I",TÉRMICA,Gás,"Jaguatirica II",RRJII,UTE.GN.RR.044619-0.01,2448100000
"2022-06-11 22:00:00",N,NORTE,RR,RORAIMA,"TIPO I",TÉRMICA,Gás,"Jaguatirica II",RRJII,UTE.GN.RR.044619-0.01,4784300000
"2022-06-11 23:00:00",N,NORTE,RR,RORAIMA,"TIPO I",TÉRMICA,Gás,"Jaguatirica II",RRJII,UTE.GN.RR.044619-0.01,5929600000
"2022-06-12 00:00:00",N,NORTE,RR,RORAIMA,"TIPO I",TÉRMICA,Gás,"Jaguatirica II",RRJII,UTE.GN.RR.044619-0.01,6039100000
"2022-06-12 01:00:00",N,NORTE,RR,RORAIMA,"TIPO I",TÉRMICA,Gás,"Jaguatirica II",RRJII,UTE.GN.RR.044619-0.01,6006500000
"2022-06-12 02:00:00",N,NORTE,RR,RORAIMA,"TIPO I",TÉRMICA,Gás,"Jaguatirica II",RRJII,UTE.GN.RR.044619-0.01,6026500000
"2022-06-12 03:00:00",N,NORTE,RR,RORAIMA,"TIPO I",TÉRMICA,Gás,"Jaguatirica II",RRJII,UTE.GN.RR.044619-0.01,6116800000
"2022-06-12 04:00:00",N,NORTE,RR,RORAIMA,"TIPO I",TÉRMICA,Gás,"Jaguatirica II",RRJII,UTE.GN.RR.044619-0.01,6027400000
"2022-06-12 05:00:00",N,NORTE,RR,RORAIMA,"TIPO I",TÉRMICA,Gás,"Jaguatirica II",RRJII,UTE.GN.RR.044619-0.01,6009300000
"2022-06-12 06:00:00",N,NORTE,RR,RORAIMA,"TIPO I",TÉRMICA,Gás,"Jaguatirica II",RRJII,UTE.GN.RR.044619-0.01,5982100000
"2022-06-12 07:00:00",N,NORTE,RR,RORAIMA,"TIPO I",TÉRMICA,Gás,"Jaguatirica II",RRJII,UTE.GN.RR.044619-0.01,5251700000
"2022-06-12 08:00:00",N,NORTE,RR,RORAIMA,"TIPO I",TÉRMICA,Gás,"Jaguatirica II",RRJII,UTE.GN.RR.044619-0.01,4652400000
"2022-06-12 09:00:00",N,NORTE,RR,RORAIMA,"TIPO I",TÉRMICA,Gás,"Jaguatirica II",RRJII,UTE.GN.RR.044619-0.01,4198200000
"2022-06-12 10:00:00",N,NORTE,RR,RORAIMA,"TIPO I",TÉRMICA,Gás,"Jaguatirica II",RRJII,UTE.GN.RR.044619-0.01,4265200000
"2022-06-12 11:00:00",N,NORTE,RR,RORAIMA,"TIPO I",TÉRMICA,Gás,"Jaguatirica II",RRJII,UTE.GN.RR.044619-0.01,4039900000
"2022-06-12 12:00:00",N,NORTE,RR,RORAIMA,"TIPO I",TÉRMICA,Gás,"Jaguatirica II",RRJII,UTE.GN.RR.044619-0.01,4021500000
"2022-06-12 13:00:00",N,NORTE,RR,RORAIMA,"TIPO I",TÉRMICA,Gás,"Jaguatirica II",RRJII,UTE.GN.RR.044619-0.01,4272600000
"2022-06-12 14:00:00",N,NORTE,RR,RORAIMA,"TIPO I",TÉRMICA,Gás,"Jaguatirica II",RRJII,UTE.GN.RR.044619-0.01,4531200000
"2022-06-12 15:00:00",N,NORTE,RR,RORAIMA,"TIPO I",TÉRMICA,Gás,"Jaguatirica II",RRJII,UTE.GN.RR.044619-0.01,4498600000
"2022-06-12 16:00:00",N,NORTE,RR,RORAIMA,"TIPO I",TÉRMICA,Gás,"Jaguatirica II",RRJII,UTE.GN.RR.044619-0.01,4623700000
"2022-06-12 17:00:00",N,NORTE,RR,RORAIMA,"TIPO I",TÉRMICA,Gás,"Jaguatirica II",RRJII,UTE.GN.RR.044619-0.01,4965500000
"2022-06-12 18:00:00",N,NORTE,RR,RORAIMA,"TIPO I",TÉRMICA,Gás,"Jaguatirica II",RRJII,UTE.GN.RR.044619-0.01,4618400000
"2022-06-12 19:00:00",N,NORTE,RR,RORAIMA,"TIPO I",TÉRMICA,Gás,"Jaguatirica II",RRJII,UTE.GN.RR.044619-0.01,5866300000
"2022-06-12 20:00:00",N,NORTE,RR,RORAIMA,"TIPO I",TÉRMICA,Gás,"Jaguatirica II",RRJII,UTE.GN.RR.044619-0.01,6814300000
"2022-06-12 21:00:00",N,NORTE,RR,RORAIMA,"TIPO I",TÉRMICA,Gás,"Jaguatirica II",RRJII,UTE.GN.RR.044619-0.01,6930600000
"2022-06-12 22:00:00",N,NORTE,RR,RORAIMA,"TIPO I",TÉRMICA,Gás,"Jaguatirica II",RRJII,UTE.GN.RR.044619-0.01,6917800000
"2022-06-12 23:00:00",N,NORTE,RR,RORAIMA,"TIPO I",TÉRMICA,Gás,"Jaguatirica II",RRJII,UTE.GN.RR.044619-0.01,6900300000
"2022-06-13 00:00:00",N,NORTE,RR,RORAIMA,"TIPO I",TÉRMICA,Gás,"Jaguatirica II",RRJII,UTE.GN.RR.044619-0.01,6882600000
"2022-06-13 01:00:00",N,NORTE,RR,RORAIMA,"TIPO I",TÉRMICA,Gás,"Jaguatirica II",RRJII,UTE.GN.RR.044619-0.01,6856500000
"2022-06-13 02:00:00",N,NORTE,RR,RORAIMA,"TIPO I",TÉRMICA,Gás,"Jaguatirica II",RRJII,UTE.GN.RR.044619-0.01,6876800000
"2022-06-13 03:00:00",N,NORTE,RR,RORAIMA,"TIPO I",TÉRMICA,Gás,"Jaguatirica II",RRJII,UTE.GN.RR.044619-0.01,6433200000
"2022-06-13 04:00:00",N,NORTE,RR,RORAIMA,"TIPO I",TÉRMICA,Gás,"Jaguatirica II",RRJII,UTE.GN.RR.044619-0.01,6428500000
"2022-06-13 05:00:00",N,NORTE,RR,RORAIMA,"TIPO I",TÉRMICA,Gás,"Jaguatirica II",RRJII,UTE.GN.RR.044619-0.01,6202200000
"2022-06-13 06:00:00",N,NORTE,RR,RORAIMA,"TIPO I",TÉRMICA,Gás,"Jaguatirica II",RRJII,UTE.GN.RR.044619-0.01,5759400000
"2022-06-13 07:00:00",N,NORTE,RR,RORAIMA,"TIPO I",TÉRMICA,Gás,"Jaguatirica II",RRJII,UTE.GN.RR.044619-0.01,4547200000
"2022-06-13 08:00:00",N,NORTE,RR,RORAIMA,"TIPO I",TÉRMICA,Gás,"Jaguatirica II",RRJII,UTE.GN.RR.044619-0.01,4675900000
"2022-06-13 09:00:00",N,NORTE,RR,RORAIMA,"TIPO I",TÉRMICA,Gás,"Jaguatirica II",RRJII,UTE.GN.RR.044619-0.01,5899700000
"2022-06-13 10:00:00",N,NORTE,RR,RORAIMA,"TIPO I",TÉRMICA,Gás,"Jaguatirica II",RRJII,UTE.GN.RR.044619-0.01,6217200000
"2022-06-13 11:00:00",N,NORTE,RR,RORAIMA,"TIPO I",TÉRMICA,Gás,"Jaguatirica II",RRJII,UTE.GN.RR.044619-0.01,6697000000
"2022-06-13 12:00:00",N,NORTE,RR,RORAIMA,"TIPO I",TÉRMICA,Gás,"Jaguatirica II",RRJII,UTE.GN.RR.044619-0.01,6892300000
"2022-06-13 13:00:00",N,NORTE,RR,RORAIMA,"TIPO I",TÉRMICA,Gás,"Jaguatirica II",RRJII,UTE.GN.RR.044619-0.01,6323400000
"2022-06-13 14:00:00",N,NORTE,RR,RORAIMA,"TIPO I",TÉRMICA,Gás,"Jaguatirica II",RRJII,UTE.GN.RR.044619-0.01,6276000000
"2022-06-13 15:00:00",N,NORTE,RR,RORAIMA,"TIPO I",TÉRMICA,Gás,"Jaguatirica II",RRJII,UTE.GN.RR.044619-0.01,6380900000
"2022-06-13 16:00:00",N,NORTE,RR,RORAIMA,"TIPO I",TÉRMICA,Gás,"Jaguatirica II",RRJII,UTE.GN.RR.044619-0.01,5595900000
"2022-06-13 17:00:00",N,NORTE,RR,RORAIMA,"TIPO I",TÉRMICA,Gás,"Jaguatirica II",RRJII,UTE.GN.RR.044619-0.01,3102900000
"2022-06-13 18:00:00",N,NORTE,RR,RORAIMA,"TIPO I",TÉRMICA,Gás,"Jaguatirica II",RRJII,UTE.GN.RR.044619-0.01,678900000
"2022-06-13 19:00:00",N,NORTE,RR,RORAIMA,"TIPO I",TÉRMICA,Gás,"Jaguatirica II",RRJII,UTE.GN.RR.044619-0.01,1279100000
"2022-06-13 20:00:00",N,NORTE,RR,RORAIMA,"TIPO I",TÉRMICA,Gás,"Jaguatirica II",RRJII,UTE.GN.RR.044619-0.01,2097200000
"2022-06-13 21:00:00",N,NORTE,RR,RORAIMA,"TIPO I",TÉRMICA,Gás,"Jaguatirica II",RRJII,UTE.GN.RR.044619-0.01,2754200000
"2022-06-13 22:00:00",N,NORTE,RR,RORAIMA,"TIPO I",TÉRMICA,Gás,"Jaguatirica II",RRJII,UTE.GN.RR.044619-0.01,5653700000
"2022-06-13 23:00:00",N,NORTE,RR,RORAIMA,"TIPO I",TÉRMICA,Gás,"Jaguatirica II",RRJII,UTE.GN.RR.044619-0.01,6886800000
"2022-06-14 00:00:00",N,NORTE,RR,RORAIMA,"TIPO I",TÉRMICA,Gás,"Jaguatirica II",RRJII,UTE.GN.RR.044619-0.01,6861000000
"2022-06-14 01:00:00",N,NORTE,RR,RORAIMA,"TIPO I",TÉRMICA,Gás,"Jaguatirica II",RRJII,UTE.GN.RR.044619-0.01,6918900000
"2022-06-14 02:00:00",N,NORTE,RR,RORAIMA,"TIPO I",TÉRMICA,Gás,"Jaguatirica II",RRJII,UTE.GN.RR.044619-0.01,6895500000
"2022-06-14 03:00:00",N,NORTE,RR,RORAIMA,"TIPO I",TÉRMICA,Gás,"Jaguatirica II",RRJII,UTE.GN.RR.044619-0.01,6782300000
"2022-06-14 04:00:00",N,NORTE,RR,RORAIMA,"TIPO I",TÉRMICA,Gás,"Jaguatirica II",RRJII,UTE.GN.RR.044619-0.01,6327800000
"2022-06-14 05:00:00",N,NORTE,RR,RORAIMA,"TIPO I",TÉRMICA,Gás,"Jaguatirica II",RRJII,UTE.GN.RR.044619-0.01,5927800000
"2022-06-14 06:00:00",N,NORTE,RR,RORAIMA,"TIPO I",TÉRMICA,Gás,"Jaguatirica II",RRJII,UTE.GN.RR.044619-0.01,5419700000
"2022-06-14 07:00:00",N,NORTE,RR,RORAIMA,"TIPO I",TÉRMICA,Gás,"Jaguatirica II",RRJII,UTE.GN.RR.044619-0.01,4268000000
"2022-06-14 08:00:00",N,NORTE,RR,RORAIMA,"TIPO I",TÉRMICA,Gás,"Jaguatirica II",RRJII,UTE.GN.RR.044619-0.01,4203800000
"2022-06-14 09:00:00",N,NORTE,RR,RORAIMA,"TIPO I",TÉRMICA,Gás,"Jaguatirica II",RRJII,UTE.GN.RR.044619-0.01,5502900000
"2022-06-14 10:00:00",N,NORTE,RR,RORAIMA,"TIPO I",TÉRMICA,Gás,"Jaguatirica II",RRJII,UTE.GN.RR.044619-0.01,6199600000
"2022-06-14 11:00:00",N,NORTE,RR,RORAIMA,"TIPO I",TÉRMICA,Gás,"Jaguatirica II",RRJII,UTE.GN.RR.044619-0.01,6528100000
"2022-06-14 12:00:00",N,NORTE,RR,RORAIMA,"TIPO I",TÉRMICA,Gás,"Jaguatirica II",RRJII,UTE.GN.RR.044619-0.01,6733600000
"2022-06-14 13:00:00",N,NORTE,RR,RORAIMA,"TIPO I",TÉRMICA,Gás,"Jaguatirica II",RRJII,UTE.GN.RR.044619-0.01,6115200000
"2022-06-14 14:00:00",N,NORTE,RR,RORAIMA,"TIPO I",TÉRMICA,Gás,"Jaguatirica II",RRJII,UTE.GN.RR.044619-0.01,6837100000
"2022-06-14 15:00:00",N,NORTE,RR,RORAIMA,"TIPO I",TÉRMICA,Gás,"Jaguatirica II",RRJII,UTE.GN.RR.044619-0.01,6935700000
"2022-06-14 16:00:00",N,NORTE,RR,RORAIMA,"TIPO I",TÉRMICA,Gás,"Jaguatirica II",RRJII,UTE.GN.RR.044619-0.01,6904700000
"2022-06-14 17:00:00",N,NORTE,RR,RORAIMA,"TIPO I",TÉRMICA,Gás,"Jaguatirica II",RRJII,UTE.GN.RR.044619-0.01,6352300000
"2022-06-14 18:00:00",N,NORTE,RR,RORAIMA,"TIPO I",TÉRMICA,Gás,"Jaguatirica II",RRJII,UTE.GN.RR.044619-0.01,6111000000
"2022-06-14 19:00:00",N,NORTE,RR,RORAIMA,"TIPO I",TÉRMICA,Gás,"Jaguatirica II",RRJII,UTE.GN.RR.044619-0.01,5987700000
"2022-06-14 20:00:00",N,NORTE,RR,RORAIMA,"TIPO I",TÉRMICA,Gás,"Jaguatirica II",RRJII,UTE.GN.RR.044619-0.01,6955700000
"2022-06-14 21:00:00",N,NORTE,RR,RORAIMA,"TIPO I",TÉRMICA,Gás,"Jaguatirica II",RRJII,UTE.GN.RR.044619-0.01,6933600000
"2022-06-14 22:00:00",N,NORTE,RR,RORAIMA,"TIPO I",TÉRMICA,Gás,"Jaguatirica II",RRJII,UTE.GN.RR.044619-0.01,6914600000
"2022-06-14 23:00:00",N,NORTE,RR,RORAIMA,"TIPO I",TÉRMICA,Gás,"Jaguatirica II",RRJII,UTE.GN.RR.044619-0.01,6935100000
"2022-06-15 00:00:00",N,NORTE,RR,RORAIMA,"TIPO I",TÉRMICA,Gás,"Jaguatirica II",RRJII,UTE.GN.RR.044619-0.01,6974000000
"2022-06-15 01:00:00",N,NORTE,RR,RORAIMA,"TIPO I",TÉRMICA,Gás,"Jaguatirica II",RRJII,UTE.GN.RR.044619-0.01,6948400000
"2022-06-15 02:00:00",N,NORTE,RR,RORAIMA,"TIPO I",TÉRMICA,Gás,"Jaguatirica II",RRJII,UTE.GN.RR.044619-0.01,6933100000
"2022-06-15 03:00:00",N,NORTE,RR,RORAIMA,"TIPO I",TÉRMICA,Gás,"Jaguatirica II",RRJII,UTE.GN.RR.044619-0.01,6899600000
"2022-06-15 04:00:00",N,NORTE,RR,RORAIMA,"TIPO I",TÉRMICA,Gás,"Jaguatirica II",RRJII,UTE.GN.RR.044619-0.01,6956000000
"2022-06-15 05:00:00",N,NORTE,RR,RORAIMA,"TIPO I",TÉRMICA,Gás,"Jaguatirica II",RRJII,UTE.GN.RR.044619-0.01,6763400000
"2022-06-15 06:00:00",N,NORTE,RR,RORAIMA,"TIPO I",TÉRMICA,Gás,"Jaguatirica II",RRJII,UTE.GN.RR.044619-0.01,6181500000
"2022-06-15 07:00:00",N,NORTE,RR,RORAIMA,"TIPO I",TÉRMICA,Gás,"Jaguatirica II",RRJII,UTE.GN.RR.044619-0.01,4374900000
"2022-06-15 08:00:00",N,NORTE,RR,RORAIMA,"TIPO I",TÉRMICA,Gás,"Jaguatirica II",RRJII,UTE.GN.RR.044619-0.01,4276400000
"2022-06-15 09:00:00",N,NORTE,RR,RORAIMA,"TIPO I",TÉRMICA,Gás,"Jaguatirica II",RRJII,UTE.GN.RR.044619-0.01,5305900000
"2022-06-15 10:00:00",N,NORTE,RR,RORAIMA,"TIPO I",TÉRMICA,Gás,"Jaguatirica II",RRJII,UTE.GN.RR.044619-0.01,5993100000
"2022-06-15 11:00:00",N,NORTE,RR,RORAIMA,"TIPO I",TÉRMICA,Gás,"Jaguatirica II",RRJII,UTE.GN.RR.044619-0.01,6367400000
"2022-06-15 12:00:00",N,NORTE,RR,RORAIMA,"TIPO I",TÉRMICA,Gás,"Jaguatirica II",RRJII,UTE.GN.RR.044619-0.01,6498100000
"2022-06-15 13:00:00",N,NORTE,RR,RORAIMA,"TIPO I",TÉRMICA,Gás,"Jaguatirica II",RRJII,UTE.GN.RR.044619-0.01,4868600000
"2022-06-15 14:00:00",N,NORTE,RR,RORAIMA,"TIPO I",TÉRMICA,Gás,"Jaguatirica II",RRJII,UTE.GN.RR.044619-0.01,833600000
"2022-06-15 15:00:00",N,NORTE,RR,RORAIMA,"TIPO I",TÉRMICA,Gás,"Jaguatirica II",RRJII,UTE.GN.RR.044619-0.01,1313100000
"2022-06-15 16:00:00",N,NORTE,RR,RORAIMA,"TIPO I",TÉRMICA,Gás,"Jaguatirica II",RRJII,UTE.GN.RR.044619-0.01,3722100000
"2022-06-15 17:00:00",N,NORTE,RR,RORAIMA,"TIPO I",TÉRMICA,Gás,"Jaguatirica II",RRJII,UTE.GN.RR.044619-0.01,6296800000
"2022-06-15 18:00:00",N,NORTE,RR,RORAIMA,"TIPO I",TÉRMICA,Gás,"Jaguatirica II",RRJII,UTE.GN.RR.044619-0.01,6365400000
"2022-06-15 19:00:00",N,NORTE,RR,RORAIMA,"TIPO I",TÉRMICA,Gás,"Jaguatirica II",RRJII,UTE.GN.RR.044619-0.01,6386800000
"2022-06-15 20:00:00",N,NORTE,RR,RORAIMA,"TIPO I",TÉRMICA,Gás,"Jaguatirica II",RRJII,UTE.GN.RR.044619-0.01,6832500000
"2022-06-15 21:00:00",N,NORTE,RR,RORAIMA,"TIPO I",TÉRMICA,Gás,"Jaguatirica II",RRJII,UTE.GN.RR.044619-0.01,6805800000
"2022-06-15 22:00:00",N,NORTE,RR,RORAIMA,"TIPO I",TÉRMICA,Gás,"Jaguatirica II",RRJII,UTE.GN.RR.044619-0.01,6839600000
"2022-06-15 23:00:00",N,NORTE,RR,RORAIMA,"TIPO I",TÉRMICA,Gás,"Jaguatirica II",RRJII,UTE.GN.RR.044619-0.01,6865100000
"2022-06-16 00:00:00",N,NORTE,RR,RORAIMA,"TIPO I",TÉRMICA,Gás,"Jaguatirica II",RRJII,UTE.GN.RR.044619-0.01,6858600000
"2022-06-16 01:00:00",N,NORTE,RR,RORAIMA,"TIPO I",TÉRMICA,Gás,"Jaguatirica II",RRJII,UTE.GN.RR.044619-0.01,6828800000
"2022-06-16 02:00:00",N,NORTE,RR,RORAIMA,"TIPO I",TÉRMICA,Gás,"Jaguatirica II",RRJII,UTE.GN.RR.044619-0.01,6821000000
"2022-06-16 03:00:00",N,NORTE,RR,RORAIMA,"TIPO I",TÉRMICA,Gás,"Jaguatirica II",RRJII,UTE.GN.RR.044619-0.01,6801700000
"2022-06-16 04:00:00",N,NORTE,RR,RORAIMA,"TIPO I",TÉRMICA,Gás,"Jaguatirica II",RRJII,UTE.GN.RR.044619-0.01,5599200000
"2022-06-16 05:00:00",N,NORTE,RR,RORAIMA,"TIPO I",TÉRMICA,Gás,"Jaguatirica II",RRJII,UTE.GN.RR.044619-0.01,6144200000
"2022-06-16 06:00:00",N,NORTE,RR,RORAIMA,"TIPO I",TÉRMICA,Gás,"Jaguatirica II",RRJII,UTE.GN.RR.044619-0.01,6220300000
"2022-06-16 07:00:00",N,NORTE,RR,RORAIMA,"TIPO I",TÉRMICA,Gás,"Jaguatirica II",RRJII,UTE.GN.RR.044619-0.01,5049700000
"2022-06-16 08:00:00",N,NORTE,RR,RORAIMA,"TIPO I",TÉRMICA,Gás,"Jaguatirica II",RRJII,UTE.GN.RR.044619-0.01,4882100000
"2022-06-16 09:00:00",N,NORTE,RR,RORAIMA,"TIPO I",TÉRMICA,Gás,"Jaguatirica II",RRJII,UTE.GN.RR.044619-0.01,4911300000
"2022-06-16 10:00:00",N,NORTE,RR,RORAIMA,"TIPO I",TÉRMICA,Gás,"Jaguatirica II",RRJII,UTE.GN.RR.044619-0.01,4871900000
"2022-06-16 11:00:00",N,NORTE,RR,RORAIMA,"TIPO I",TÉRMICA,Gás,"Jaguatirica II",RRJII,UTE.GN.RR.044619-0.01,4450200000
"2022-06-16 12:00:00",N,NORTE,RR,RORAIMA,"TIPO I",TÉRMICA,Gás,"Jaguatirica II",RRJII,UTE.GN.RR.044619-0.01,4842100000
"2022-06-16 13:00:00",N,NORTE,RR,RORAIMA,"TIPO I",TÉRMICA,Gás,"Jaguatirica II",RRJII,UTE.GN.RR.044619-0.01,4953800000
"2022-06-16 14:00:00",N,NORTE,RR,RORAIMA,"TIPO I",TÉRMICA,Gás,"Jaguatirica II",RRJII,UTE.GN.RR.044619-0.01,5022400000
"2022-06-16 15:00:00",N,NORTE,RR,RORAIMA,"TIPO I",TÉRMICA,Gás,"Jaguatirica II",RRJII,UTE.GN.RR.044619-0.01,5981100000
"2022-06-16 16:00:00",N,NORTE,RR,RORAIMA,"TIPO I",TÉRMICA,Gás,"Jaguatirica II",RRJII,UTE.GN.RR.044619-0.01,6424000000
"2022-06-16 17:00:00",N,NORTE,RR,RORAIMA,"TIPO I",TÉRMICA,Gás,"Jaguatirica II",RRJII,UTE.GN.RR.044619-0.01,6415000000
"2022-06-16 18:00:00",N,NORTE,RR,RORAIMA,"TIPO I",TÉRMICA,Gás,"Jaguatirica II",RRJII,UTE.GN.RR.044619-0.01,5984900000
"2022-06-16 19:00:00",N,NORTE,RR,RORAIMA,"TIPO I",TÉRMICA,Gás,"Jaguatirica II",RRJII,UTE.GN.RR.044619-0.01,6408200000
"2022-06-16 20:00:00",N,NORTE,RR,RORAIMA,"TIPO I",TÉRMICA,Gás,"Jaguatirica II",RRJII,UTE.GN.RR.044619-0.01,6863500000
"2022-06-16 21:00:00",N,NORTE,RR,RORAIMA,"TIPO I",TÉRMICA,Gás,"Jaguatirica II",RRJII,UTE.GN.RR.044619-0.01,6841900000
"2022-06-16 22:00:00",N,NORTE,RR,RORAIMA,"TIPO I",TÉRMICA,Gás,"Jaguatirica II",RRJII,UTE.GN.RR.044619-0.01,6824000000
"2022-06-16 23:00:00",N,NORTE,RR,RORAIMA,"TIPO I",TÉRMICA,Gás,"Jaguatirica II",RRJII,UTE.GN.RR.044619-0.01,6803200000
"2022-06-17 00:00:00",N,NORTE,RR,RORAIMA,"TIPO I",TÉRMICA,Gás,"Jaguatirica II",RRJII,UTE.GN.RR.044619-0.01,6782400000
"2022-06-17 01:00:00",N,NORTE,RR,RORAIMA,"TIPO I",TÉRMICA,Gás,"Jaguatirica II",RRJII,UTE.GN.RR.044619-0.01,6861700000
"2022-06-17 02:00:00",N,NORTE,RR,RORAIMA,"TIPO I",TÉRMICA,Gás,"Jaguatirica II",RRJII,UTE.GN.RR.044619-0.01,6835700000
"2022-06-17 03:00:00",N,NORTE,RR,RORAIMA,"TIPO I",TÉRMICA,Gás,"Jaguatirica II",RRJII,UTE.GN.RR.044619-0.01,6804700000
"2022-06-17 04:00:00",N,NORTE,RR,RORAIMA,"TIPO I",TÉRMICA,Gás,"Jaguatirica II",RRJII,UTE.GN.RR.044619-0.01,6775600000
"2022-06-17 05:00:00",N,NORTE,RR,RORAIMA,"TIPO I",TÉRMICA,Gás,"Jaguatirica II",RRJII,UTE.GN.RR.044619-0.01,6508500000
"2022-06-17 06:00:00",N,NORTE,RR,RORAIMA,"TIPO I",TÉRMICA,Gás,"Jaguatirica II",RRJII,UTE.GN.RR.044619-0.01,6414700000
"2022-06-17 07:00:00",N,NORTE,RR,RORAIMA,"TIPO I",TÉRMICA,Gás,"Jaguatirica II",RRJII,UTE.GN.RR.044619-0.01,5812100000
"2022-06-17 08:00:00",N,NORTE,RR,RORAIMA,"TIPO I",TÉRMICA,Gás,"Jaguatirica II",RRJII,UTE.GN.RR.044619-0.01,5412700000
"2022-06-17 09:00:00",N,NORTE,RR,RORAIMA,"TIPO I",TÉRMICA,Gás,"Jaguatirica II",RRJII,UTE.GN.RR.044619-0.01,5749500000
"2022-06-17 10:00:00",N,NORTE,RR,RORAIMA,"TIPO I",TÉRMICA,Gás,"Jaguatirica II",RRJII,UTE.GN.RR.044619-0.01,6234900000
"2022-06-17 11:00:00",N,NORTE,RR,RORAIMA,"TIPO I",TÉRMICA,Gás,"Jaguatirica II",RRJII,UTE.GN.RR.044619-0.01,6634200000
"2022-06-17 12:00:00",N,NORTE,RR,RORAIMA,"TIPO I",TÉRMICA,Gás,"Jaguatirica II",RRJII,UTE.GN.RR.044619-0.01,6865300000
"2022-06-17 13:00:00",N,NORTE,RR,RORAIMA,"TIPO I",TÉRMICA,Gás,"Jaguatirica II",RRJII,UTE.GN.RR.044619-0.01,6833100000
"2022-06-17 14:00:00",N,NORTE,RR,RORAIMA,"TIPO I",TÉRMICA,Gás,"Jaguatirica II",RRJII,UTE.GN.RR.044619-0.01,6768500000
"2022-06-17 15:00:00",N,NORTE,RR,RORAIMA,"TIPO I",TÉRMICA,Gás,"Jaguatirica II",RRJII,UTE.GN.RR.044619-0.01,6651400000
"2022-06-17 16:00:00",N,NORTE,RR,RORAIMA,"TIPO I",TÉRMICA,Gás,"Jaguatirica II",RRJII,UTE.GN.RR.044619-0.01,6835600000
"2022-06-17 17:00:00",N,NORTE,RR,RORAIMA,"TIPO I",TÉRMICA,Gás,"Jaguatirica II",RRJII,UTE.GN.RR.044619-0.01,6819200000
"2022-06-17 18:00:00",N,NORTE,RR,RORAIMA,"TIPO I",TÉRMICA,Gás,"Jaguatirica II",RRJII,UTE.GN.RR.044619-0.01,6851900000
"2022-06-17 19:00:00",N,NORTE,RR,RORAIMA,"TIPO I",TÉRMICA,Gás,"Jaguatirica II",RRJII,UTE.GN.RR.044619-0.01,6866700000
"2022-06-17 20:00:00",N,NORTE,RR,RORAIMA,"TIPO I",TÉRMICA,Gás,"Jaguatirica II",RRJII,UTE.GN.RR.044619-0.01,6856200000
"2022-06-17 21:00:00",N,NORTE,RR,RORAIMA,"TIPO I",TÉRMICA,Gás,"Jaguatirica II",RRJII,UTE.GN.RR.044619-0.01,6835300000
"2022-06-17 22:00:00",N,NORTE,RR,RORAIMA,"TIPO I",TÉRMICA,Gás,"Jaguatirica II",RRJII,UTE.GN.RR.044619-0.01,6850900000
"2022-06-17 23:00:00",N,NORTE,RR,RORAIMA,"TIPO I",TÉRMICA,Gás,"Jaguatirica II",RRJII,UTE.GN.RR.044619-0.01,6858700000
"2022-06-18 00:00:00",N,NORTE,RR,RORAIMA,"TIPO I",TÉRMICA,Gás,"Jaguatirica II",RRJII,UTE.GN.RR.044619-0.01,6841100000
"2022-06-18 01:00:00",N,NORTE,RR,RORAIMA,"TIPO I",TÉRMICA,Gás,"Jaguatirica II",RRJII,UTE.GN.RR.044619-0.01,6831300000
"2022-06-18 02:00:00",N,NORTE,RR,RORAIMA,"TIPO I",TÉRMICA,Gás,"Jaguatirica II",RRJII,UTE.GN.RR.044619-0.01,6887200000
"2022-06-18 03:00:00",N,NORTE,RR,RORAIMA,"TIPO I",TÉRMICA,Gás,"Jaguatirica II",RRJII,UTE.GN.RR.044619-0.01,6917700000
"2022-06-18 04:00:00",N,NORTE,RR,RORAIMA,"TIPO I",TÉRMICA,Gás,"Jaguatirica II",RRJII,UTE.GN.RR.044619-0.01,6910000000
"2022-06-18 05:00:00",N,NORTE,RR,RORAIMA,"TIPO I",TÉRMICA,Gás,"Jaguatirica II",RRJII,UTE.GN.RR.044619-0.01,6891100000
"2022-06-18 06:00:00",N,NORTE,RR,RORAIMA,"TIPO I",TÉRMICA,Gás,"Jaguatirica II",RRJII,UTE.GN.RR.044619-0.01,6842200000
"2022-06-18 07:00:00",N,NORTE,RR,RORAIMA,"TIPO I",TÉRMICA,Gás,"Jaguatirica II",RRJII,UTE.GN.RR.044619-0.01,5435900000
"2022-06-18 08:00:00",N,NORTE,RR,RORAIMA,"TIPO I",TÉRMICA,Gás,"Jaguatirica II",RRJII,UTE.GN.RR.044619-0.01,4659800000
"2022-06-18 09:00:00",N,NORTE,RR,RORAIMA,"TIPO I",TÉRMICA,Gás,"Jaguatirica II",RRJII,UTE.GN.RR.044619-0.01,4964700000
"2022-06-18 10:00:00",N,NORTE,RR,RORAIMA,"TIPO I",TÉRMICA,Gás,"Jaguatirica II",RRJII,UTE.GN.RR.044619-0.01,5192400000
"2022-06-18 11:00:00",N,NORTE,RR,RORAIMA,"TIPO I",TÉRMICA,Gás,"Jaguatirica II",RRJII,UTE.GN.RR.044619-0.01,5231300000
"2022-06-18 12:00:00",N,NORTE,RR,RORAIMA,"TIPO I",TÉRMICA,Gás,"Jaguatirica II",RRJII,UTE.GN.RR.044619-0.01,5242500000
"2022-06-18 13:00:00",N,NORTE,RR,RORAIMA,"TIPO I",TÉRMICA,Gás,"Jaguatirica II",RRJII,UTE.GN.RR.044619-0.01,5564200000
"2022-06-18 14:00:00",N,NORTE,RR,RORAIMA,"TIPO I",TÉRMICA,Gás,"Jaguatirica II",RRJII,UTE.GN.RR.044619-0.01,6181800000
"2022-06-18 15:00:00",N,NORTE,RR,RORAIMA,"TIPO I",TÉRMICA,Gás,"Jaguatirica II",RRJII,UTE.GN.RR.044619-0.01,6746400000
"2022-06-18 16:00:00",N,NORTE,RR,RORAIMA,"TIPO I",TÉRMICA,Gás,"Jaguatirica II",RRJII,UTE.GN.RR.044619-0.01,6747300000
"2022-06-18 17:00:00",N,NORTE,RR,RORAIMA,"TIPO I",TÉRMICA,Gás,"Jaguatirica II",RRJII,UTE.GN.RR.044619-0.01,6747400000
"2022-06-18 18:00:00",N,NORTE,RR,RORAIMA,"TIPO I",TÉRMICA,Gás,"Jaguatirica II",RRJII,UTE.GN.RR.044619-0.01,6748500000
"2022-06-18 19:00:00",N,NORTE,RR,RORAIMA,"TIPO I",TÉRMICA,Gás,"Jaguatirica II",RRJII,UTE.GN.RR.044619-0.01,6776200000
"2022-06-18 20:00:00",N,NORTE,RR,RORAIMA,"TIPO I",TÉRMICA,Gás,"Jaguatirica II",RRJII,UTE.GN.RR.044619-0.01,6911400000
"2022-06-18 21:00:00",N,NORTE,RR,RORAIMA,"TIPO I",TÉRMICA,Gás,"Jaguatirica II",RRJII,UTE.GN.RR.044619-0.01,6942900000
"2022-06-18 22:00:00",N,NORTE,RR,RORAIMA,"TIPO I",TÉRMICA,Gás,"Jaguatirica II",RRJII,UTE.GN.RR.044619-0.01,6930000000
"2022-06-18 23:00:00",N,NORTE,RR,RORAIMA,"TIPO I",TÉRMICA,Gás,"Jaguatirica II",RRJII,UTE.GN.RR.044619-0.01,6908700000
"2022-06-19 00:00:00",N,NORTE,RR,RORAIMA,"TIPO I",TÉRMICA,Gás,"Jaguatirica II",RRJII,UTE.GN.RR.044619-0.01,6879800000
"2022-06-19 01:00:00",N,NORTE,RR,RORAIMA,"TIPO I",TÉRMICA,Gás,"Jaguatirica II",RRJII,UTE.GN.RR.044619-0.01,6857500000
"2022-06-19 02:00:00",N,NORTE,RR,RORAIMA,"TIPO I",TÉRMICA,Gás,"Jaguatirica II",RRJII,UTE.GN.RR.044619-0.01,6944500000
"2022-06-19 03:00:00",N,NORTE,RR,RORAIMA,"TIPO I",TÉRMICA,Gás,"Jaguatirica II",RRJII,UTE.GN.RR.044619-0.01,6946000000
"2022-06-19 04:00:00",N,NORTE,RR,RORAIMA,"TIPO I",TÉRMICA,Gás,"Jaguatirica II",RRJII,UTE.GN.RR.044619-0.01,6930300000
"2022-06-19 05:00:00",N,NORTE,RR,RORAIMA,"TIPO I",TÉRMICA,Gás,"Jaguatirica II",RRJII,UTE.GN.RR.044619-0.01,6909200000
"2022-06-19 06:00:00",N,NORTE,RR,RORAIMA,"TIPO I",TÉRMICA,Gás,"Jaguatirica II",RRJII,UTE.GN.RR.044619-0.01,6881200000
"2022-06-19 07:00:00",N,NORTE,RR,RORAIMA,"TIPO I",TÉRMICA,Gás,"Jaguatirica II",RRJII,UTE.GN.RR.044619-0.01,6383400000
"2022-06-19 08:00:00",N,NORTE,RR,RORAIMA,"TIPO I",TÉRMICA,Gás,"Jaguatirica II",RRJII,UTE.GN.RR.044619-0.01,5945400000
"2022-06-19 09:00:00",N,NORTE,RR,RORAIMA,"TIPO I",TÉRMICA,Gás,"Jaguatirica II",RRJII,UTE.GN.RR.044619-0.01,5600000000
"2022-06-19 10:00:00",N,NORTE,RR,RORAIMA,"TIPO I",TÉRMICA,Gás,"Jaguatirica II",RRJII,UTE.GN.RR.044619-0.01,5452700000
"2022-06-19 11:00:00",N,NORTE,RR,RORAIMA,"TIPO I",TÉRMICA,Gás,"Jaguatirica II",RRJII,UTE.GN.RR.044619-0.01,5042200000
"2022-06-19 12:00:00",N,NORTE,RR,RORAIMA,"TIPO I",TÉRMICA,Gás,"Jaguatirica II",RRJII,UTE.GN.RR.044619-0.01,5125500000
"2022-06-19 13:00:00",N,NORTE,RR,RORAIMA,"TIPO I",TÉRMICA,Gás,"Jaguatirica II",RRJII,UTE.GN.RR.044619-0.01,5543800000
"2022-06-19 14:00:00",N,NORTE,RR,RORAIMA,"TIPO I",TÉRMICA,Gás,"Jaguatirica II",RRJII,UTE.GN.RR.044619-0.01,5543200000
"2022-06-19 15:00:00",N,NORTE,RR,RORAIMA,"TIPO I",TÉRMICA,Gás,"Jaguatirica II",RRJII,UTE.GN.RR.044619-0.01,5870400000
"2022-06-19 16:00:00",N,NORTE,RR,RORAIMA,"TIPO I",TÉRMICA,Gás,"Jaguatirica II",RRJII,UTE.GN.RR.044619-0.01,6045700000
"2022-06-19 17:00:00",N,NORTE,RR,RORAIMA,"TIPO I",TÉRMICA,Gás,"Jaguatirica II",RRJII,UTE.GN.RR.044619-0.01,6045700000
"2022-06-19 18:00:00",N,NORTE,RR,RORAIMA,"TIPO I",TÉRMICA,Gás,"Jaguatirica II",RRJII,UTE.GN.RR.044619-0.01,6046000000
"2022-06-19 19:00:00",N,NORTE,RR,RORAIMA,"TIPO I",TÉRMICA,Gás,"Jaguatirica II",RRJII,UTE.GN.RR.044619-0.01,6753300000
"2022-06-19 20:00:00",N,NORTE,RR,RORAIMA,"TIPO I",TÉRMICA,Gás,"Jaguatirica II",RRJII,UTE.GN.RR.044619-0.01,6932300000
"2022-06-19 21:00:00",N,NORTE,RR,RORAIMA,"TIPO I",TÉRMICA,Gás,"Jaguatirica II",RRJII,UTE.GN.RR.044619-0.01,6910700000
"2022-06-19 22:00:00",N,NORTE,RR,RORAIMA,"TIPO I",TÉRMICA,Gás,"Jaguatirica II",RRJII,UTE.GN.RR.044619-0.01,6898200000
"2022-06-19 23:00:00",N,NORTE,RR,RORAIMA,"TIPO I",TÉRMICA,Gás,"Jaguatirica II",RRJII,UTE.GN.RR.044619-0.01,6942500000
"2022-06-20 00:00:00",N,NORTE,RR,RORAIMA,"TIPO I",TÉRMICA,Gás,"Jaguatirica II",RRJII,UTE.GN.RR.044619-0.01,6925200000
"2022-06-20 01:00:00",N,NORTE,RR,RORAIMA,"TIPO I",TÉRMICA,Gás,"Jaguatirica II",RRJII,UTE.GN.RR.044619-0.01,6901900000
"2022-06-20 02:00:00",N,NORTE,RR,RORAIMA,"TIPO I",TÉRMICA,Gás,"Jaguatirica II",RRJII,UTE.GN.RR.044619-0.01,6923000000
"2022-06-20 03:00:00",N,NORTE,RR,RORAIMA,"TIPO I",TÉRMICA,Gás,"Jaguatirica II",RRJII,UTE.GN.RR.044619-0.01,6947900000
"2022-06-20 04:00:00",N,NORTE,RR,RORAIMA,"TIPO I",TÉRMICA,Gás,"Jaguatirica II",RRJII,UTE.GN.RR.044619-0.01,6516300000
"2022-06-20 05:00:00",N,NORTE,RR,RORAIMA,"TIPO I",TÉRMICA,Gás,"Jaguatirica II",RRJII,UTE.GN.RR.044619-0.01,6209300000
"2022-06-20 06:00:00",N,NORTE,RR,RORAIMA,"TIPO I",TÉRMICA,Gás,"Jaguatirica II",RRJII,UTE.GN.RR.044619-0.01,5912600000
"2022-06-20 07:00:00",N,NORTE,RR,RORAIMA,"TIPO I",TÉRMICA,Gás,"Jaguatirica II",RRJII,UTE.GN.RR.044619-0.01,4947800000
"2022-06-20 08:00:00",N,NORTE,RR,RORAIMA,"TIPO I",TÉRMICA,Gás,"Jaguatirica II",RRJII,UTE.GN.RR.044619-0.01,4941400000
"2022-06-20 09:00:00",N,NORTE,RR,RORAIMA,"TIPO I",TÉRMICA,Gás,"Jaguatirica II",RRJII,UTE.GN.RR.044619-0.01,5474700000
"2022-06-20 10:00:00",N,NORTE,RR,RORAIMA,"TIPO I",TÉRMICA,Gás,"Jaguatirica II",RRJII,UTE.GN.RR.044619-0.01,6092400000
"2022-06-20 11:00:00",N,NORTE,RR,RORAIMA,"TIPO I",TÉRMICA,Gás,"Jaguatirica II",RRJII,UTE.GN.RR.044619-0.01,6246400000
"2022-06-20 12:00:00",N,NORTE,RR,RORAIMA,"TIPO I",TÉRMICA,Gás,"Jaguatirica II",RRJII,UTE.GN.RR.044619-0.01,5878100000
"2022-06-20 13:00:00",N,NORTE,RR,RORAIMA,"TIPO I",TÉRMICA,Gás,"Jaguatirica II",RRJII,UTE.GN.RR.044619-0.01,5242100000
"2022-06-20 14:00:00",N,NORTE,RR,RORAIMA,"TIPO I",TÉRMICA,Gás,"Jaguatirica II",RRJII,UTE.GN.RR.044619-0.01,5808400000
"2022-06-20 15:00:00",N,NORTE,RR,RORAIMA,"TIPO I",TÉRMICA,Gás,"Jaguatirica II",RRJII,UTE.GN.RR.044619-0.01,6718600000
"2022-06-20 16:00:00",N,NORTE,RR,RORAIMA,"TIPO I",TÉRMICA,Gás,"Jaguatirica II",RRJII,UTE.GN.RR.044619-0.01,6897000000
"2022-06-20 17:00:00",N,NORTE,RR,RORAIMA,"TIPO I",TÉRMICA,Gás,"Jaguatirica II",RRJII,UTE.GN.RR.044619-0.01,6946200000
"2022-06-20 18:00:00",N,NORTE,RR,RORAIMA,"TIPO I",TÉRMICA,Gás,"Jaguatirica II",RRJII,UTE.GN.RR.044619-0.01,6901500000
"2022-06-20 19:00:00",N,NORTE,RR,RORAIMA,"TIPO I",TÉRMICA,Gás,"Jaguatirica II",RRJII,UTE.GN.RR.044619-0.01,6589600000
"2022-06-20 20:00:00",N,NORTE,RR,RORAIMA,"TIPO I",TÉRMICA,Gás,"Jaguatirica II",RRJII,UTE.GN.RR.044619-0.01,6945800000
"2022-06-20 21:00:00",N,NORTE,RR,RORAIMA,"TIPO I",TÉRMICA,Gás,"Jaguatirica II",RRJII,UTE.GN.RR.044619-0.01,6929700000
"2022-06-20 22:00:00",N,NORTE,RR,RORAIMA,"TIPO I",TÉRMICA,Gás,"Jaguatirica II",RRJII,UTE.GN.RR.044619-0.01,6941900000
"2022-06-20 23:00:00",N,NORTE,RR,RORAIMA,"TIPO I",TÉRMICA,Gás,"Jaguatirica II",RRJII,UTE.GN.RR.044619-0.01,6947500000
"2022-06-21 00:00:00",N,NORTE,RR,RORAIMA,"TIPO I",TÉRMICA,Gás,"Jaguatirica II",RRJII,UTE.GN.RR.044619-0.01,6940700000
"2022-06-21 01:00:00",N,NORTE,RR,RORAIMA,"TIPO I",TÉRMICA,Gás,"Jaguatirica II",RRJII,UTE.GN.RR.044619-0.01,6933900000
"2022-06-21 02:00:00",N,NORTE,RR,RORAIMA,"TIPO I",TÉRMICA,Gás,"Jaguatirica II",RRJII,UTE.GN.RR.044619-0.01,6548200000
"2022-06-21 03:00:00",N,NORTE,RR,RORAIMA,"TIPO I",TÉRMICA,Gás,"Jaguatirica II",RRJII,UTE.GN.RR.044619-0.01,6145800000
"2022-06-21 04:00:00",N,NORTE,RR,RORAIMA,"TIPO I",TÉRMICA,Gás,"Jaguatirica II",RRJII,UTE.GN.RR.044619-0.01,6145600000
"2022-06-21 05:00:00",N,NORTE,RR,RORAIMA,"TIPO I",TÉRMICA,Gás,"Jaguatirica II",RRJII,UTE.GN.RR.044619-0.01,6145800000
"2022-06-21 06:00:00",N,NORTE,RR,RORAIMA,"TIPO I",TÉRMICA,Gás,"Jaguatirica II",RRJII,UTE.GN.RR.044619-0.01,5454900000
"2022-06-21 07:00:00",N,NORTE,RR,RORAIMA,"TIPO I",TÉRMICA,Gás,"Jaguatirica II",RRJII,UTE.GN.RR.044619-0.01,4214100000
"2022-06-21 08:00:00",N,NORTE,RR,RORAIMA,"TIPO I",TÉRMICA,Gás,"Jaguatirica II",RRJII,UTE.GN.RR.044619-0.01,4166400000
"2022-06-21 09:00:00",N,NORTE,RR,RORAIMA,"TIPO I",TÉRMICA,Gás,"Jaguatirica II",RRJII,UTE.GN.RR.044619-0.01,5526300000
"2022-06-21 10:00:00",N,NORTE,RR,RORAIMA,"TIPO I",TÉRMICA,Gás,"Jaguatirica II",RRJII,UTE.GN.RR.044619-0.01,6062200000
"2022-06-21 11:00:00",N,NORTE,RR,RORAIMA,"TIPO I",TÉRMICA,Gás,"Jaguatirica II",RRJII,UTE.GN.RR.044619-0.01,5543400000
"2022-06-21 12:00:00",N,NORTE,RR,RORAIMA,"TIPO I",TÉRMICA,Gás,"Jaguatirica II",RRJII,UTE.GN.RR.044619-0.01,5177100000
"2022-06-21 13:00:00",N,NORTE,RR,RORAIMA,"TIPO I",TÉRMICA,Gás,"Jaguatirica II",RRJII,UTE.GN.RR.044619-0.01,4366100000
"2022-06-21 14:00:00",N,NORTE,RR,RORAIMA,"TIPO I",TÉRMICA,Gás,"Jaguatirica II",RRJII,UTE.GN.RR.044619-0.01,4568900000
"2022-06-21 15:00:00",N,NORTE,RR,RORAIMA,"TIPO I",TÉRMICA,Gás,"Jaguatirica II",RRJII,UTE.GN.RR.044619-0.01,5722500000
"2022-06-21 16:00:00",N,NORTE,RR,RORAIMA,"TIPO I",TÉRMICA,Gás,"Jaguatirica II",RRJII,UTE.GN.RR.044619-0.01,6145700000
"2022-06-21 17:00:00",N,NORTE,RR,RORAIMA,"TIPO I",TÉRMICA,Gás,"Jaguatirica II",RRJII,UTE.GN.RR.044619-0.01,6145500000
"2022-06-21 18:00:00",N,NORTE,RR,RORAIMA,"TIPO I",TÉRMICA,Gás,"Jaguatirica II",RRJII,UTE.GN.RR.044619-0.01,6145700000
"2022-06-21 19:00:00",N,NORTE,RR,RORAIMA,"TIPO I",TÉRMICA,Gás,"Jaguatirica II",RRJII,UTE.GN.RR.044619-0.01,6436100000
"2022-06-21 20:00:00",N,NORTE,RR,RORAIMA,"TIPO I",TÉRMICA,Gás,"Jaguatirica II",RRJII,UTE.GN.RR.044619-0.01,6931600000
"2022-06-21 21:00:00",N,NORTE,RR,RORAIMA,"TIPO I",TÉRMICA,Gás,"Jaguatirica II",RRJII,UTE.GN.RR.044619-0.01,6948100000
"2022-06-21 22:00:00",N,NORTE,RR,RORAIMA,"TIPO I",TÉRMICA,Gás,"Jaguatirica II",RRJII,UTE.GN.RR.044619-0.01,6948000000
"2022-06-21 23:00:00",N,NORTE,RR,RORAIMA,"TIPO I",TÉRMICA,Gás,"Jaguatirica II",RRJII,UTE.GN.RR.044619-0.01,6947900000
"2022-06-22 00:00:00",N,NORTE,RR,RORAIMA,"TIPO I",TÉRMICA,Gás,"Jaguatirica II",RRJII,UTE.GN.RR.044619-0.01,6947400000
"2022-06-22 01:00:00",N,NORTE,RR,RORAIMA,"TIPO I",TÉRMICA,Gás,"Jaguatirica II",RRJII,UTE.GN.RR.044619-0.01,6941200000
"2022-06-22 02:00:00",N,NORTE,RR,RORAIMA,"TIPO I",TÉRMICA,Gás,"Jaguatirica II",RRJII,UTE.GN.RR.044619-0.01,6810500000
"2022-06-22 03:00:00",N,NORTE,RR,RORAIMA,"TIPO I",TÉRMICA,Gás,"Jaguatirica II",RRJII,UTE.GN.RR.044619-0.01,6384100000
"2022-06-22 04:00:00",N,NORTE,RR,RORAIMA,"TIPO I",TÉRMICA,Gás,"Jaguatirica II",RRJII,UTE.GN.RR.044619-0.01,6266400000
"2022-06-22 05:00:00",N,NORTE,RR,RORAIMA,"TIPO I",TÉRMICA,Gás,"Jaguatirica II",RRJII,UTE.GN.RR.044619-0.01,5844500000
"2022-06-22 06:00:00",N,NORTE,RR,RORAIMA,"TIPO I",TÉRMICA,Gás,"Jaguatirica II",RRJII,UTE.GN.RR.044619-0.01,5440800000
"2022-06-22 07:00:00",N,NORTE,RR,RORAIMA,"TIPO I",TÉRMICA,Gás,"Jaguatirica II",RRJII,UTE.GN.RR.044619-0.01,3924100000
"2022-06-22 08:00:00",N,NORTE,RR,RORAIMA,"TIPO I",TÉRMICA,Gás,"Jaguatirica II",RRJII,UTE.GN.RR.044619-0.01,4028800000
"2022-06-22 09:00:00",N,NORTE,RR,RORAIMA,"TIPO I",TÉRMICA,Gás,"Jaguatirica II",RRJII,UTE.GN.RR.044619-0.01,5200200000
"2022-06-22 10:00:00",N,NORTE,RR,RORAIMA,"TIPO I",TÉRMICA,Gás,"Jaguatirica II",RRJII,UTE.GN.RR.044619-0.01,5904500000
"2022-06-22 11:00:00",N,NORTE,RR,RORAIMA,"TIPO I",TÉRMICA,Gás,"Jaguatirica II",RRJII,UTE.GN.RR.044619-0.01,6145800000
"2022-06-22 12:00:00",N,NORTE,RR,RORAIMA,"TIPO I",TÉRMICA,Gás,"Jaguatirica II",RRJII,UTE.GN.RR.044619-0.01,6587900000
"2022-06-22 13:00:00",N,NORTE,RR,RORAIMA,"TIPO I",TÉRMICA,Gás,"Jaguatirica II",RRJII,UTE.GN.RR.044619-0.01,6703300000
"2022-06-22 14:00:00",N,NORTE,RR,RORAIMA,"TIPO I",TÉRMICA,Gás,"Jaguatirica II",RRJII,UTE.GN.RR.044619-0.01,6898100000
"2022-06-22 15:00:00",N,NORTE,RR,RORAIMA,"TIPO I",TÉRMICA,Gás,"Jaguatirica II",RRJII,UTE.GN.RR.044619-0.01,6898600000
"2022-06-22 16:00:00",N,NORTE,RR,RORAIMA,"TIPO I",TÉRMICA,Gás,"Jaguatirica II",RRJII,UTE.GN.RR.044619-0.01,6899000000
"2022-06-22 17:00:00",N,NORTE,RR,RORAIMA,"TIPO I",TÉRMICA,Gás,"Jaguatirica II",RRJII,UTE.GN.RR.044619-0.01,6898100000
"2022-06-22 18:00:00",N,NORTE,RR,RORAIMA,"TIPO I",TÉRMICA,Gás,"Jaguatirica II",RRJII,UTE.GN.RR.044619-0.01,6890000000
"2022-06-22 19:00:00",N,NORTE,RR,RORAIMA,"TIPO I",TÉRMICA,Gás,"Jaguatirica II",RRJII,UTE.GN.RR.044619-0.01,6762600000
"2022-06-22 20:00:00",N,NORTE,RR,RORAIMA,"TIPO I",TÉRMICA,Gás,"Jaguatirica II",RRJII,UTE.GN.RR.044619-0.01,6926100000
"2022-06-22 21:00:00",N,NORTE,RR,RORAIMA,"TIPO I",TÉRMICA,Gás,"Jaguatirica II",RRJII,UTE.GN.RR.044619-0.01,6946900000
"2022-06-22 22:00:00",N,NORTE,RR,RORAIMA,"TIPO I",TÉRMICA,Gás,"Jaguatirica II",RRJII,UTE.GN.RR.044619-0.01,6949100000
"2022-06-22 23:00:00",N,NORTE,RR,RORAIMA,"TIPO I",TÉRMICA,Gás,"Jaguatirica II",RRJII,UTE.GN.RR.044619-0.01,6947700000
"2022-06-23 00:00:00",N,NORTE,RR,RORAIMA,"TIPO I",TÉRMICA,Gás,"Jaguatirica II",RRJII,UTE.GN.RR.044619-0.01,6936700000
"2022-06-23 01:00:00",N,NORTE,RR,RORAIMA,"TIPO I",TÉRMICA,Gás,"Jaguatirica II",RRJII,UTE.GN.RR.044619-0.01,6913100000
"2022-06-23 02:00:00",N,NORTE,RR,RORAIMA,"TIPO I",TÉRMICA,Gás,"Jaguatirica II",RRJII,UTE.GN.RR.044619-0.01,6922300000
"2022-06-23 03:00:00",N,NORTE,RR,RORAIMA,"TIPO I",TÉRMICA,Gás,"Jaguatirica II",RRJII,UTE.GN.RR.044619-0.01,6948900000
"2022-06-23 04:00:00",N,NORTE,RR,RORAIMA,"TIPO I",TÉRMICA,Gás,"Jaguatirica II",RRJII,UTE.GN.RR.044619-0.01,6948500000
"2022-06-23 05:00:00",N,NORTE,RR,RORAIMA,"TIPO I",TÉRMICA,Gás,"Jaguatirica II",RRJII,UTE.GN.RR.044619-0.01,6922800000
"2022-06-23 06:00:00",N,NORTE,RR,RORAIMA,"TIPO I",TÉRMICA,Gás,"Jaguatirica II",RRJII,UTE.GN.RR.044619-0.01,6575900000
"2022-06-23 07:00:00",N,NORTE,RR,RORAIMA,"TIPO I",TÉRMICA,Gás,"Jaguatirica II",RRJII,UTE.GN.RR.044619-0.01,5124400000
"2022-06-23 08:00:00",N,NORTE,RR,RORAIMA,"TIPO I",TÉRMICA,Gás,"Jaguatirica II",RRJII,UTE.GN.RR.044619-0.01,5089100000
"2022-06-23 09:00:00",N,NORTE,RR,RORAIMA,"TIPO I",TÉRMICA,Gás,"Jaguatirica II",RRJII,UTE.GN.RR.044619-0.01,6416500000
"2022-06-23 10:00:00",N,NORTE,RR,RORAIMA,"TIPO I",TÉRMICA,Gás,"Jaguatirica II",RRJII,UTE.GN.RR.044619-0.01,6941600000
"2022-06-23 11:00:00",N,NORTE,RR,RORAIMA,"TIPO I",TÉRMICA,Gás,"Jaguatirica II",RRJII,UTE.GN.RR.044619-0.01,6915600000
"2022-06-23 12:00:00",N,NORTE,RR,RORAIMA,"TIPO I",TÉRMICA,Gás,"Jaguatirica II",RRJII,UTE.GN.RR.044619-0.01,6847900000
"2022-06-23 13:00:00",N,NORTE,RR,RORAIMA,"TIPO I",TÉRMICA,Gás,"Jaguatirica II",RRJII,UTE.GN.RR.044619-0.01,6847500000
"2022-06-23 14:00:00",N,NORTE,RR,RORAIMA,"TIPO I",TÉRMICA,Gás,"Jaguatirica II",RRJII,UTE.GN.RR.044619-0.01,6847600000
"2022-06-23 15:00:00",N,NORTE,RR,RORAIMA,"TIPO I",TÉRMICA,Gás,"Jaguatirica II",RRJII,UTE.GN.RR.044619-0.01,6942700000
"2022-06-23 16:00:00",N,NORTE,RR,RORAIMA,"TIPO I",TÉRMICA,Gás,"Jaguatirica II",RRJII,UTE.GN.RR.044619-0.01,6944600000
"2022-06-23 17:00:00",N,NORTE,RR,RORAIMA,"TIPO I",TÉRMICA,Gás,"Jaguatirica II",RRJII,UTE.GN.RR.044619-0.01,6930500000
"2022-06-23 18:00:00",N,NORTE,RR,RORAIMA,"TIPO I",TÉRMICA,Gás,"Jaguatirica II",RRJII,UTE.GN.RR.044619-0.01,6857100000
"2022-06-23 19:00:00",N,NORTE,RR,RORAIMA,"TIPO I",TÉRMICA,Gás,"Jaguatirica II",RRJII,UTE.GN.RR.044619-0.01,6854300000
"2022-06-23 20:00:00",N,NORTE,RR,RORAIMA,"TIPO I",TÉRMICA,Gás,"Jaguatirica II",RRJII,UTE.GN.RR.044619-0.01,6947100000
"2022-06-23 21:00:00",N,NORTE,RR,RORAIMA,"TIPO I",TÉRMICA,Gás,"Jaguatirica II",RRJII,UTE.GN.RR.044619-0.01,6942000000
"2022-06-23 22:00:00",N,NORTE,RR,RORAIMA,"TIPO I",TÉRMICA,Gás,"Jaguatirica II",RRJII,UTE.GN.RR.044619-0.01,6917400000
"2022-06-23 23:00:00",N,NORTE,RR,RORAIMA,"TIPO I",TÉRMICA,Gás,"Jaguatirica II",RRJII,UTE.GN.RR.044619-0.01,6930100000
"2022-06-24 00:00:00",N,NORTE,RR,RORAIMA,"TIPO I",TÉRMICA,Gás,"Jaguatirica II",RRJII,UTE.GN.RR.044619-0.01,6941100000
"2022-06-24 01:00:00",N,NORTE,RR,RORAIMA,"TIPO I",TÉRMICA,Gás,"Jaguatirica II",RRJII,UTE.GN.RR.044619-0.01,6928400000
"2022-06-24 02:00:00",N,NORTE,RR,RORAIMA,"TIPO I",TÉRMICA,Gás,"Jaguatirica II",RRJII,UTE.GN.RR.044619-0.01,6903800000
"2022-06-24 03:00:00",N,NORTE,RR,RORAIMA,"TIPO I",TÉRMICA,Gás,"Jaguatirica II",RRJII,UTE.GN.RR.044619-0.01,6871700000
"2022-06-24 04:00:00",N,NORTE,RR,RORAIMA,"TIPO I",TÉRMICA,Gás,"Jaguatirica II",RRJII,UTE.GN.RR.044619-0.01,6948700000
"2022-06-24 05:00:00",N,NORTE,RR,RORAIMA,"TIPO I",TÉRMICA,Gás,"Jaguatirica II",RRJII,UTE.GN.RR.044619-0.01,6696500000
"2022-06-24 06:00:00",N,NORTE,RR,RORAIMA,"TIPO I",TÉRMICA,Gás,"Jaguatirica II",RRJII,UTE.GN.RR.044619-0.01,6331600000
"2022-06-24 07:00:00",N,NORTE,RR,RORAIMA,"TIPO I",TÉRMICA,Gás,"Jaguatirica II",RRJII,UTE.GN.RR.044619-0.01,4653300000
"2022-06-24 08:00:00",N,NORTE,RR,RORAIMA,"TIPO I",TÉRMICA,Gás,"Jaguatirica II",RRJII,UTE.GN.RR.044619-0.01,4540800000
"2022-06-24 09:00:00",N,NORTE,RR,RORAIMA,"TIPO I",TÉRMICA,Gás,"Jaguatirica II",RRJII,UTE.GN.RR.044619-0.01,5418700000
"2022-06-24 10:00:00",N,NORTE,RR,RORAIMA,"TIPO I",TÉRMICA,Gás,"Jaguatirica II",RRJII,UTE.GN.RR.044619-0.01,6331400000
"2022-06-24 11:00:00",N,NORTE,RR,RORAIMA,"TIPO I",TÉRMICA,Gás,"Jaguatirica II",RRJII,UTE.GN.RR.044619-0.01,6546300000
"2022-06-24 12:00:00",N,NORTE,RR,RORAIMA,"TIPO I",TÉRMICA,Gás,"Jaguatirica II",RRJII,UTE.GN.RR.044619-0.01,6930000000
"2022-06-24 13:00:00",N,NORTE,RR,RORAIMA,"TIPO I",TÉRMICA,Gás,"Jaguatirica II",RRJII,UTE.GN.RR.044619-0.01,6907200000
"2022-06-24 14:00:00",N,NORTE,RR,RORAIMA,"TIPO I",TÉRMICA,Gás,"Jaguatirica II",RRJII,UTE.GN.RR.044619-0.01,6907700000
"2022-06-24 15:00:00",N,NORTE,RR,RORAIMA,"TIPO I",TÉRMICA,Gás,"Jaguatirica II",RRJII,UTE.GN.RR.044619-0.01,6902400000
"2022-06-24 16:00:00",N,NORTE,RR,RORAIMA,"TIPO I",TÉRMICA,Gás,"Jaguatirica II",RRJII,UTE.GN.RR.044619-0.01,6891900000
"2022-06-24 17:00:00",N,NORTE,RR,RORAIMA,"TIPO I",TÉRMICA,Gás,"Jaguatirica II",RRJII,UTE.GN.RR.044619-0.01,6878300000
"2022-06-24 18:00:00",N,NORTE,RR,RORAIMA,"TIPO I",TÉRMICA,Gás,"Jaguatirica II",RRJII,UTE.GN.RR.044619-0.01,6874700000
"2022-06-24 19:00:00",N,NORTE,RR,RORAIMA,"TIPO I",TÉRMICA,Gás,"Jaguatirica II",RRJII,UTE.GN.RR.044619-0.01,6887000000
"2022-06-24 20:00:00",N,NORTE,RR,RORAIMA,"TIPO I",TÉRMICA,Gás,"Jaguatirica II",RRJII,UTE.GN.RR.044619-0.01,6901900000
"2022-06-24 21:00:00",N,NORTE,RR,RORAIMA,"TIPO I",TÉRMICA,Gás,"Jaguatirica II",RRJII,UTE.GN.RR.044619-0.01,6918700000
"2022-06-24 22:00:00",N,NORTE,RR,RORAIMA,"TIPO I",TÉRMICA,Gás,"Jaguatirica II",RRJII,UTE.GN.RR.044619-0.01,6919400000
"2022-06-24 23:00:00",N,NORTE,RR,RORAIMA,"TIPO I",TÉRMICA,Gás,"Jaguatirica II",RRJII,UTE.GN.RR.044619-0.01,6938300000
"2022-06-25 00:00:00",N,NORTE,RR,RORAIMA,"TIPO I",TÉRMICA,Gás,"Jaguatirica II",RRJII,UTE.GN.RR.044619-0.01,6914100000
"2022-06-25 01:00:00",N,NORTE,RR,RORAIMA,"TIPO I",TÉRMICA,Gás,"Jaguatirica II",RRJII,UTE.GN.RR.044619-0.01,6893900000
"2022-06-25 02:00:00",N,NORTE,RR,RORAIMA,"TIPO I",TÉRMICA,Gás,"Jaguatirica II",RRJII,UTE.GN.RR.044619-0.01,6917700000
"2022-06-25 03:00:00",N,NORTE,RR,RORAIMA,"TIPO I",TÉRMICA,Gás,"Jaguatirica II",RRJII,UTE.GN.RR.044619-0.01,6902400000
"2022-06-25 04:00:00",N,NORTE,RR,RORAIMA,"TIPO I",TÉRMICA,Gás,"Jaguatirica II",RRJII,UTE.GN.RR.044619-0.01,6913100000
"2022-06-25 05:00:00",N,NORTE,RR,RORAIMA,"TIPO I",TÉRMICA,Gás,"Jaguatirica II",RRJII,UTE.GN.RR.044619-0.01,6905400000
"2022-06-25 06:00:00",N,NORTE,RR,RORAIMA,"TIPO I",TÉRMICA,Gás,"Jaguatirica II",RRJII,UTE.GN.RR.044619-0.01,6845300000
"2022-06-25 07:00:00",N,NORTE,RR,RORAIMA,"TIPO I",TÉRMICA,Gás,"Jaguatirica II",RRJII,UTE.GN.RR.044619-0.01,5890300000
"2022-06-25 08:00:00",N,NORTE,RR,RORAIMA,"TIPO I",TÉRMICA,Gás,"Jaguatirica II",RRJII,UTE.GN.RR.044619-0.01,4741600000
"2022-06-25 09:00:00",N,NORTE,RR,RORAIMA,"TIPO I",TÉRMICA,Gás,"Jaguatirica II",RRJII,UTE.GN.RR.044619-0.01,4741000000
"2022-06-25 10:00:00",N,NORTE,RR,RORAIMA,"TIPO I",TÉRMICA,Gás,"Jaguatirica II",RRJII,UTE.GN.RR.044619-0.01,4741000000
"2022-06-25 11:00:00",N,NORTE,RR,RORAIMA,"TIPO I",TÉRMICA,Gás,"Jaguatirica II",RRJII,UTE.GN.RR.044619-0.01,5184600000
"2022-06-25 12:00:00",N,NORTE,RR,RORAIMA,"TIPO I",TÉRMICA,Gás,"Jaguatirica II",RRJII,UTE.GN.RR.044619-0.01,5241900000
"2022-06-25 13:00:00",N,NORTE,RR,RORAIMA,"TIPO I",TÉRMICA,Gás,"Jaguatirica II",RRJII,UTE.GN.RR.044619-0.01,5025200000
"2022-06-25 14:00:00",N,NORTE,RR,RORAIMA,"TIPO I",TÉRMICA,Gás,"Jaguatirica II",RRJII,UTE.GN.RR.044619-0.01,5542900000
"2022-06-25 15:00:00",N,NORTE,RR,RORAIMA,"TIPO I",TÉRMICA,Gás,"Jaguatirica II",RRJII,UTE.GN.RR.044619-0.01,5617000000
"2022-06-25 16:00:00",N,NORTE,RR,RORAIMA,"TIPO I",TÉRMICA,Gás,"Jaguatirica II",RRJII,UTE.GN.RR.044619-0.01,6304400000
"2022-06-25 17:00:00",N,NORTE,RR,RORAIMA,"TIPO I",TÉRMICA,Gás,"Jaguatirica II",RRJII,UTE.GN.RR.044619-0.01,6723600000
"2022-06-25 18:00:00",N,NORTE,RR,RORAIMA,"TIPO I",TÉRMICA,Gás,"Jaguatirica II",RRJII,UTE.GN.RR.044619-0.01,6134600000
"2022-06-25 19:00:00",N,NORTE,RR,RORAIMA,"TIPO I",TÉRMICA,Gás,"Jaguatirica II",RRJII,UTE.GN.RR.044619-0.01,6617700000
"2022-06-25 20:00:00",N,NORTE,RR,RORAIMA,"TIPO I",TÉRMICA,Gás,"Jaguatirica II",RRJII,UTE.GN.RR.044619-0.01,6887000000
"2022-06-25 21:00:00",N,NORTE,RR,RORAIMA,"TIPO I",TÉRMICA,Gás,"Jaguatirica II",RRJII,UTE.GN.RR.044619-0.01,6916600000
"2022-06-25 22:00:00",N,NORTE,RR,RORAIMA,"TIPO I",TÉRMICA,Gás,"Jaguatirica II",RRJII,UTE.GN.RR.044619-0.01,6898400000
"2022-06-25 23:00:00",N,NORTE,RR,RORAIMA,"TIPO I",TÉRMICA,Gás,"Jaguatirica II",RRJII,UTE.GN.RR.044619-0.01,6934400000
"2022-06-26 00:00:00",N,NORTE,RR,RORAIMA,"TIPO I",TÉRMICA,Gás,"Jaguatirica II",RRJII,UTE.GN.RR.044619-0.01,6932900000
"2022-06-26 01:00:00",N,NORTE,RR,RORAIMA,"TIPO I",TÉRMICA,Gás,"Jaguatirica II",RRJII,UTE.GN.RR.044619-0.01,6911100000
"2022-06-26 02:00:00",N,NORTE,RR,RORAIMA,"TIPO I",TÉRMICA,Gás,"Jaguatirica II",RRJII,UTE.GN.RR.044619-0.01,6906400000
"2022-06-26 03:00:00",N,NORTE,RR,RORAIMA,"TIPO I",TÉRMICA,Gás,"Jaguatirica II",RRJII,UTE.GN.RR.044619-0.01,6946300000
"2022-06-26 04:00:00",N,NORTE,RR,RORAIMA,"TIPO I",TÉRMICA,Gás,"Jaguatirica II",RRJII,UTE.GN.RR.044619-0.01,6900400000
"2022-06-26 05:00:00",N,NORTE,RR,RORAIMA,"TIPO I",TÉRMICA,Gás,"Jaguatirica II",RRJII,UTE.GN.RR.044619-0.01,6648000000
"2022-06-26 06:00:00",N,NORTE,RR,RORAIMA,"TIPO I",TÉRMICA,Gás,"Jaguatirica II",RRJII,UTE.GN.RR.044619-0.01,6415200000
"2022-06-26 07:00:00",N,NORTE,RR,RORAIMA,"TIPO I",TÉRMICA,Gás,"Jaguatirica II",RRJII,UTE.GN.RR.044619-0.01,4840700000
"2022-06-26 08:00:00",N,NORTE,RR,RORAIMA,"TIPO I",TÉRMICA,Gás,"Jaguatirica II",RRJII,UTE.GN.RR.044619-0.01,4641300000
"2022-06-26 09:00:00",N,NORTE,RR,RORAIMA,"TIPO I",TÉRMICA,Gás,"Jaguatirica II",RRJII,UTE.GN.RR.044619-0.01,4641600000
"2022-06-26 10:00:00",N,NORTE,RR,RORAIMA,"TIPO I",TÉRMICA,Gás,"Jaguatirica II",RRJII,UTE.GN.RR.044619-0.01,4640900000
"2022-06-26 11:00:00",N,NORTE,RR,RORAIMA,"TIPO I",TÉRMICA,Gás,"Jaguatirica II",RRJII,UTE.GN.RR.044619-0.01,4209300000
"2022-06-26 12:00:00",N,NORTE,RR,RORAIMA,"TIPO I",TÉRMICA,Gás,"Jaguatirica II",RRJII,UTE.GN.RR.044619-0.01,4240200000
"2022-06-26 13:00:00",N,NORTE,RR,RORAIMA,"TIPO I",TÉRMICA,Gás,"Jaguatirica II",RRJII,UTE.GN.RR.044619-0.01,4844700000
"2022-06-26 14:00:00",N,NORTE,RR,RORAIMA,"TIPO I",TÉRMICA,Gás,"Jaguatirica II",RRJII,UTE.GN.RR.044619-0.01,5530700000
"2022-06-26 15:00:00",N,NORTE,RR,RORAIMA,"TIPO I",TÉRMICA,Gás,"Jaguatirica II",RRJII,UTE.GN.RR.044619-0.01,6542000000
"2022-06-26 16:00:00",N,NORTE,RR,RORAIMA,"TIPO I",TÉRMICA,Gás,"Jaguatirica II",RRJII,UTE.GN.RR.044619-0.01,6860100000
"2022-06-26 17:00:00",N,NORTE,RR,RORAIMA,"TIPO I",TÉRMICA,Gás,"Jaguatirica II",RRJII,UTE.GN.RR.044619-0.01,6834600000
"2022-06-26 18:00:00",N,NORTE,RR,RORAIMA,"TIPO I",TÉRMICA,Gás,"Jaguatirica II",RRJII,UTE.GN.RR.044619-0.01,6791000000
"2022-06-26 19:00:00",N,NORTE,RR,RORAIMA,"TIPO I",TÉRMICA,Gás,"Jaguatirica II",RRJII,UTE.GN.RR.044619-0.01,6869200000
"2022-06-26 20:00:00",N,NORTE,RR,RORAIMA,"TIPO I",TÉRMICA,Gás,"Jaguatirica II",RRJII,UTE.GN.RR.044619-0.01,6935200000
"2022-06-26 21:00:00",N,NORTE,RR,RORAIMA,"TIPO I",TÉRMICA,Gás,"Jaguatirica II",RRJII,UTE.GN.RR.044619-0.01,6924100000
"2022-06-26 22:00:00",N,NORTE,RR,RORAIMA,"TIPO I",TÉRMICA,Gás,"Jaguatirica II",RRJII,UTE.GN.RR.044619-0.01,6896900000
"2022-06-26 23:00:00",N,NORTE,RR,RORAIMA,"TIPO I",TÉRMICA,Gás,"Jaguatirica II",RRJII,UTE.GN.RR.044619-0.01,6935200000
"2022-06-27 00:00:00",N,NORTE,RR,RORAIMA,"TIPO I",TÉRMICA,Gás,"Jaguatirica II",RRJII,UTE.GN.RR.044619-0.01,6911700000
"2022-06-27 01:00:00",N,NORTE,RR,RORAIMA,"TIPO I",TÉRMICA,Gás,"Jaguatirica II",RRJII,UTE.GN.RR.044619-0.01,6925400000
"2022-06-27 02:00:00",N,NORTE,RR,RORAIMA,"TIPO I",TÉRMICA,Gás,"Jaguatirica II",RRJII,UTE.GN.RR.044619-0.01,6939100000
"2022-06-27 03:00:00",N,NORTE,RR,RORAIMA,"TIPO I",TÉRMICA,Gás,"Jaguatirica II",RRJII,UTE.GN.RR.044619-0.01,6912700000
"2022-06-27 04:00:00",N,NORTE,RR,RORAIMA,"TIPO I",TÉRMICA,Gás,"Jaguatirica II",RRJII,UTE.GN.RR.044619-0.01,6914100000
"2022-06-27 05:00:00",N,NORTE,RR,RORAIMA,"TIPO I",TÉRMICA,Gás,"Jaguatirica II",RRJII,UTE.GN.RR.044619-0.01,6938300000
"2022-06-27 06:00:00",N,NORTE,RR,RORAIMA,"TIPO I",TÉRMICA,Gás,"Jaguatirica II",RRJII,UTE.GN.RR.044619-0.01,6938600000
"2022-06-27 07:00:00",N,NORTE,RR,RORAIMA,"TIPO I",TÉRMICA,Gás,"Jaguatirica II",RRJII,UTE.GN.RR.044619-0.01,6467100000
"2022-06-27 08:00:00",N,NORTE,RR,RORAIMA,"TIPO I",TÉRMICA,Gás,"Jaguatirica II",RRJII,UTE.GN.RR.044619-0.01,5694000000
"2022-06-27 09:00:00",N,NORTE,RR,RORAIMA,"TIPO I",TÉRMICA,Gás,"Jaguatirica II",RRJII,UTE.GN.RR.044619-0.01,5997800000
"2022-06-27 10:00:00",N,NORTE,RR,RORAIMA,"TIPO I",TÉRMICA,Gás,"Jaguatirica II",RRJII,UTE.GN.RR.044619-0.01,6196000000
"2022-06-27 11:00:00",N,NORTE,RR,RORAIMA,"TIPO I",TÉRMICA,Gás,"Jaguatirica II",RRJII,UTE.GN.RR.044619-0.01,6195900000
"2022-06-27 12:00:00",N,NORTE,RR,RORAIMA,"TIPO I",TÉRMICA,Gás,"Jaguatirica II",RRJII,UTE.GN.RR.044619-0.01,5921200000
"2022-06-27 13:00:00",N,NORTE,RR,RORAIMA,"TIPO I",TÉRMICA,Gás,"Jaguatirica II",RRJII,UTE.GN.RR.044619-0.01,4788000000
"2022-06-27 14:00:00",N,NORTE,RR,RORAIMA,"TIPO I",TÉRMICA,Gás,"Jaguatirica II",RRJII,UTE.GN.RR.044619-0.01,4691600000
"2022-06-27 15:00:00",N,NORTE,RR,RORAIMA,"TIPO I",TÉRMICA,Gás,"Jaguatirica II",RRJII,UTE.GN.RR.044619-0.01,5386400000
"2022-06-27 16:00:00",N,NORTE,RR,RORAIMA,"TIPO I",TÉRMICA,Gás,"Jaguatirica II",RRJII,UTE.GN.RR.044619-0.01,5694000000
"2022-06-27 17:00:00",N,NORTE,RR,RORAIMA,"TIPO I",TÉRMICA,Gás,"Jaguatirica II",RRJII,UTE.GN.RR.044619-0.01,5396900000
"2022-06-27 18:00:00",N,NORTE,RR,RORAIMA,"TIPO I",TÉRMICA,Gás,"Jaguatirica II",RRJII,UTE.GN.RR.044619-0.01,4999800000
"2022-06-27 19:00:00",N,NORTE,RR,RORAIMA,"TIPO I",TÉRMICA,Gás,"Jaguatirica II",RRJII,UTE.GN.RR.044619-0.01,5845100000
"2022-06-27 20:00:00",N,NORTE,RR,RORAIMA,"TIPO I",TÉRMICA,Gás,"Jaguatirica II",RRJII,UTE.GN.RR.044619-0.01,6723800000
"2022-06-27 21:00:00",N,NORTE,RR,RORAIMA,"TIPO I",TÉRMICA,Gás,"Jaguatirica II",RRJII,UTE.GN.RR.044619-0.01,6783000000
"2022-06-27 22:00:00",N,NORTE,RR,RORAIMA,"TIPO I",TÉRMICA,Gás,"Jaguatirica II",RRJII,UTE.GN.RR.044619-0.01,6914900000
"2022-06-27 23:00:00",N,NORTE,RR,RORAIMA,"TIPO I",TÉRMICA,Gás,"Jaguatirica II",RRJII,UTE.GN.RR.044619-0.01,6907800000
"2022-06-28 00:00:00",N,NORTE,RR,RORAIMA,"TIPO I",TÉRMICA,Gás,"Jaguatirica II",RRJII,UTE.GN.RR.044619-0.01,6928200000
"2022-06-28 01:00:00",N,NORTE,RR,RORAIMA,"TIPO I",TÉRMICA,Gás,"Jaguatirica II",RRJII,UTE.GN.RR.044619-0.01,6908300000
"2022-06-28 02:00:00",N,NORTE,RR,RORAIMA,"TIPO I",TÉRMICA,Gás,"Jaguatirica II",RRJII,UTE.GN.RR.044619-0.01,6689500000
"2022-06-28 03:00:00",N,NORTE,RR,RORAIMA,"TIPO I",TÉRMICA,Gás,"Jaguatirica II",RRJII,UTE.GN.RR.044619-0.01,6447200000
"2022-06-28 04:00:00",N,NORTE,RR,RORAIMA,"TIPO I",TÉRMICA,Gás,"Jaguatirica II",RRJII,UTE.GN.RR.044619-0.01,6380600000
"2022-06-28 05:00:00",N,NORTE,RR,RORAIMA,"TIPO I",TÉRMICA,Gás,"Jaguatirica II",RRJII,UTE.GN.RR.044619-0.01,5944700000
"2022-06-28 06:00:00",N,NORTE,RR,RORAIMA,"TIPO I",TÉRMICA,Gás,"Jaguatirica II",RRJII,UTE.GN.RR.044619-0.01,5884500000
"2022-06-28 07:00:00",N,NORTE,RR,RORAIMA,"TIPO I",TÉRMICA,Gás,"Jaguatirica II",RRJII,UTE.GN.RR.044619-0.01,4782100000
"2022-06-28 08:00:00",N,NORTE,RR,RORAIMA,"TIPO I",TÉRMICA,Gás,"Jaguatirica II",RRJII,UTE.GN.RR.044619-0.01,4884900000
"2022-06-28 09:00:00",N,NORTE,RR,RORAIMA,"TIPO I",TÉRMICA,Gás,"Jaguatirica II",RRJII,UTE.GN.RR.044619-0.01,6091000000
"2022-06-28 10:00:00",N,NORTE,RR,RORAIMA,"TIPO I",TÉRMICA,Gás,"Jaguatirica II",RRJII,UTE.GN.RR.044619-0.01,6698000000
"2022-06-28 11:00:00",N,NORTE,RR,RORAIMA,"TIPO I",TÉRMICA,Gás,"Jaguatirica II",RRJII,UTE.GN.RR.044619-0.01,6875700000
"2022-06-28 12:00:00",N,NORTE,RR,RORAIMA,"TIPO I",TÉRMICA,Gás,"Jaguatirica II",RRJII,UTE.GN.RR.044619-0.01,6887100000
"2022-06-28 13:00:00",N,NORTE,RR,RORAIMA,"TIPO I",TÉRMICA,Gás,"Jaguatirica II",RRJII,UTE.GN.RR.044619-0.01,6873300000
"2022-06-28 14:00:00",N,NORTE,RR,RORAIMA,"TIPO I",TÉRMICA,Gás,"Jaguatirica II",RRJII,UTE.GN.RR.044619-0.01,6868800000
"2022-06-28 15:00:00",N,NORTE,RR,RORAIMA,"TIPO I",TÉRMICA,Gás,"Jaguatirica II",RRJII,UTE.GN.RR.044619-0.01,6852200000
"2022-06-28 16:00:00",N,NORTE,RR,RORAIMA,"TIPO I",TÉRMICA,Gás,"Jaguatirica II",RRJII,UTE.GN.RR.044619-0.01,6871200000
"2022-06-28 17:00:00",N,NORTE,RR,RORAIMA,"TIPO I",TÉRMICA,Gás,"Jaguatirica II",RRJII,UTE.GN.RR.044619-0.01,6897000000
"2022-06-28 18:00:00",N,NORTE,RR,RORAIMA,"TIPO I",TÉRMICA,Gás,"Jaguatirica II",RRJII,UTE.GN.RR.044619-0.01,6897400000
"2022-06-28 19:00:00",N,NORTE,RR,RORAIMA,"TIPO I",TÉRMICA,Gás,"Jaguatirica II",RRJII,UTE.GN.RR.044619-0.01,6897200000
"2022-06-28 20:00:00",N,NORTE,RR,RORAIMA,"TIPO I",TÉRMICA,Gás,"Jaguatirica II",RRJII,UTE.GN.RR.044619-0.01,6946000000
"2022-06-28 21:00:00",N,NORTE,RR,RORAIMA,"TIPO I",TÉRMICA,Gás,"Jaguatirica II",RRJII,UTE.GN.RR.044619-0.01,6941400000
"2022-06-28 22:00:00",N,NORTE,RR,RORAIMA,"TIPO I",TÉRMICA,Gás,"Jaguatirica II",RRJII,UTE.GN.RR.044619-0.01,6928400000
"2022-06-28 23:00:00",N,NORTE,RR,RORAIMA,"TIPO I",TÉRMICA,Gás,"Jaguatirica II",RRJII,UTE.GN.RR.044619-0.01,6908000000
"2022-06-29 00:00:00",N,NORTE,RR,RORAIMA,"TIPO I",TÉRMICA,Gás,"Jaguatirica II",RRJII,UTE.GN.RR.044619-0.01,6888400000
"2022-06-29 01:00:00",N,NORTE,RR,RORAIMA,"TIPO I",TÉRMICA,Gás,"Jaguatirica II",RRJII,UTE.GN.RR.044619-0.01,6938300000
"2022-06-29 02:00:00",N,NORTE,RR,RORAIMA,"TIPO I",TÉRMICA,Gás,"Jaguatirica II",RRJII,UTE.GN.RR.044619-0.01,6947300000
"2022-06-29 03:00:00",N,NORTE,RR,RORAIMA,"TIPO I",TÉRMICA,Gás,"Jaguatirica II",RRJII,UTE.GN.RR.044619-0.01,6943100000
"2022-06-29 04:00:00",N,NORTE,RR,RORAIMA,"TIPO I",TÉRMICA,Gás,"Jaguatirica II",RRJII,UTE.GN.RR.044619-0.01,6923500000
"2022-06-29 05:00:00",N,NORTE,RR,RORAIMA,"TIPO I",TÉRMICA,Gás,"Jaguatirica II",RRJII,UTE.GN.RR.044619-0.01,6904700000
"2022-06-29 06:00:00",N,NORTE,RR,RORAIMA,"TIPO I",TÉRMICA,Gás,"Jaguatirica II",RRJII,UTE.GN.RR.044619-0.01,6939900000
"2022-06-29 07:00:00",N,NORTE,RR,RORAIMA,"TIPO I",TÉRMICA,Gás,"Jaguatirica II",RRJII,UTE.GN.RR.044619-0.01,6344000000
"2022-06-29 08:00:00",N,NORTE,RR,RORAIMA,"TIPO I",TÉRMICA,Gás,"Jaguatirica II",RRJII,UTE.GN.RR.044619-0.01,6145900000
"2022-06-29 09:00:00",N,NORTE,RR,RORAIMA,"TIPO I",TÉRMICA,Gás,"Jaguatirica II",RRJII,UTE.GN.RR.044619-0.01,6145600000
"2022-06-29 10:00:00",N,NORTE,RR,RORAIMA,"TIPO I",TÉRMICA,Gás,"Jaguatirica II",RRJII,UTE.GN.RR.044619-0.01,6145500000
"2022-06-29 11:00:00",N,NORTE,RR,RORAIMA,"TIPO I",TÉRMICA,Gás,"Jaguatirica II",RRJII,UTE.GN.RR.044619-0.01,6426700000
"2022-06-29 12:00:00",N,NORTE,RR,RORAIMA,"TIPO I",TÉRMICA,Gás,"Jaguatirica II",RRJII,UTE.GN.RR.044619-0.01,6646300000
"2022-06-29 13:00:00",N,NORTE,RR,RORAIMA,"TIPO I",TÉRMICA,Gás,"Jaguatirica II",RRJII,UTE.GN.RR.044619-0.01,6847600000
"2022-06-29 14:00:00",N,NORTE,RR,RORAIMA,"TIPO I",TÉRMICA,Gás,"Jaguatirica II",RRJII,UTE.GN.RR.044619-0.01,6945200000
"2022-06-29 15:00:00",N,NORTE,RR,RORAIMA,"TIPO I",TÉRMICA,Gás,"Jaguatirica II",RRJII,UTE.GN.RR.044619-0.01,6946900000
"2022-06-29 16:00:00",N,NORTE,RR,RORAIMA,"TIPO I",TÉRMICA,Gás,"Jaguatirica II",RRJII,UTE.GN.RR.044619-0.01,6898600000
"2022-06-29 17:00:00",N,NORTE,RR,RORAIMA,"TIPO I",TÉRMICA,Gás,"Jaguatirica II",RRJII,UTE.GN.RR.044619-0.01,6461700000
"2022-06-29 18:00:00",N,NORTE,RR,RORAIMA,"TIPO I",TÉRMICA,Gás,"Jaguatirica II",RRJII,UTE.GN.RR.044619-0.01,5945000000
"2022-06-29 19:00:00",N,NORTE,RR,RORAIMA,"TIPO I",TÉRMICA,Gás,"Jaguatirica II",RRJII,UTE.GN.RR.044619-0.01,6094700000
"2022-06-29 20:00:00",N,NORTE,RR,RORAIMA,"TIPO I",TÉRMICA,Gás,"Jaguatirica II",RRJII,UTE.GN.RR.044619-0.01,6645500000
"2022-06-29 21:00:00",N,NORTE,RR,RORAIMA,"TIPO I",TÉRMICA,Gás,"Jaguatirica II",RRJII,UTE.GN.RR.044619-0.01,6937900000
"2022-06-29 22:00:00",N,NORTE,RR,RORAIMA,"TIPO I",TÉRMICA,Gás,"Jaguatirica II",RRJII,UTE.GN.RR.044619-0.01,6914300000
"2022-06-29 23:00:00",N,NORTE,RR,RORAIMA,"TIPO I",TÉRMICA,Gás,"Jaguatirica II",RRJII,UTE.GN.RR.044619-0.01,6906300000
"2022-06-30 00:00:00",N,NORTE,RR,RORAIMA,"TIPO I",TÉRMICA,Gás,"Jaguatirica II",RRJII,UTE.GN.RR.044619-0.01,6947700000
"2022-06-30 01:00:00",N,NORTE,RR,RORAIMA,"TIPO I",TÉRMICA,Gás,"Jaguatirica II",RRJII,UTE.GN.RR.044619-0.01,6944100000
"2022-06-30 02:00:00",N,NORTE,RR,RORAIMA,"TIPO I",TÉRMICA,Gás,"Jaguatirica II",RRJII,UTE.GN.RR.044619-0.01,6927200000
"2022-06-30 03:00:00",N,NORTE,RR,RORAIMA,"TIPO I",TÉRMICA,Gás,"Jaguatirica II",RRJII,UTE.GN.RR.044619-0.01,6901400000
"2022-06-30 04:00:00",N,NORTE,RR,RORAIMA,"TIPO I",TÉRMICA,Gás,"Jaguatirica II",RRJII,UTE.GN.RR.044619-0.01,6589500000
"2022-06-30 05:00:00",N,NORTE,RR,RORAIMA,"TIPO I",TÉRMICA,Gás,"Jaguatirica II",RRJII,UTE.GN.RR.044619-0.01,6326900000
"2022-06-30 06:00:00",N,NORTE,RR,RORAIMA,"TIPO I",TÉRMICA,Gás,"Jaguatirica II",RRJII,UTE.GN.RR.044619-0.01,5921300000
"2022-06-30 07:00:00",N,NORTE,RR,RORAIMA,"TIPO I",TÉRMICA,Gás,"Jaguatirica II",RRJII,UTE.GN.RR.044619-0.01,5243000000
"2022-06-30 08:00:00",N,NORTE,RR,RORAIMA,"TIPO I",TÉRMICA,Gás,"Jaguatirica II",RRJII,UTE.GN.RR.044619-0.01,5242200000
"2022-06-30 09:00:00",N,NORTE,RR,RORAIMA,"TIPO I",TÉRMICA,Gás,"Jaguatirica II",RRJII,UTE.GN.RR.044619-0.01,5740100000
"2022-06-30 10:00:00",N,NORTE,RR,RORAIMA,"TIPO I",TÉRMICA,Gás,"Jaguatirica II",RRJII,UTE.GN.RR.044619-0.01,6045300000
"2022-06-30 11:00:00",N,NORTE,RR,RORAIMA,"TIPO I",TÉRMICA,Gás,"Jaguatirica II",RRJII,UTE.GN.RR.044619-0.01,6550700000
"2022-06-30 12:00:00",N,NORTE,RR,RORAIMA,"TIPO I",TÉRMICA,Gás,"Jaguatirica II",RRJII,UTE.GN.RR.044619-0.01,6829700000
"2022-06-30 13:00:00",N,NORTE,RR,RORAIMA,"TIPO I",TÉRMICA,Gás,"Jaguatirica II",RRJII,UTE.GN.RR.044619-0.01,6818500000
"2022-06-30 14:00:00",N,NORTE,RR,RORAIMA,"TIPO I",TÉRMICA,Gás,"Jaguatirica II",RRJII,UTE.GN.RR.044619-0.01,6809000000
"2022-06-30 15:00:00",N,NORTE,RR,RORAIMA,"TIPO I",TÉRMICA,Gás,"Jaguatirica II",RRJII,UTE.GN.RR.044619-0.01,6811900000
"2022-06-30 16:00:00",N,NORTE,RR,RORAIMA,"TIPO I",TÉRMICA,Gás,"Jaguatirica II",RRJII,UTE.GN.RR.044619-0.01,6799100000
"2022-06-30 17:00:00",N,NORTE,RR,RORAIMA,"TIPO I",TÉRMICA,Gás,"Jaguatirica II",RRJII,UTE.GN.RR.044619-0.01,6774000000
"2022-06-30 18:00:00",N,NORTE,RR,RORAIMA,"TIPO I",TÉRMICA,Gás,"Jaguatirica II",RRJII,UTE.GN.RR.044619-0.01,6796300000
"2022-06-30 19:00:00",N,NORTE,RR,RORAIMA,"TIPO I",TÉRMICA,Gás,"Jaguatirica II",RRJII,UTE.GN.RR.044619-0.01,6821800000
"2022-06-30 20:00:00",N,NORTE,RR,RORAIMA,"TIPO I",TÉRMICA,Gás,"Jaguatirica II",RRJII,UTE.GN.RR.044619-0.01,6822100000
"2022-06-30 21:00:00",N,NORTE,RR,RORAIMA,"TIPO I",TÉRMICA,Gás,"Jaguatirica II",RRJII,UTE.GN.RR.044619-0.01,6915400000
"2022-06-30 22:00:00",N,NORTE,RR,RORAIMA,"TIPO I",TÉRMICA,Gás,"Jaguatirica II",RRJII,UTE.GN.RR.044619-0.01,6921200000
"2022-06-30 23:00:00",N,NORTE,RR,RORAIMA,"TIPO I",TÉRMICA,Gás,"Jaguatirica II",RRJII,UTE.GN.RR.044619-0.01,6893500000
"2022-07-01 00:00:00",N,NORTE,RR,RORAIMA,"TIPO I",TÉRMICA,Gás,"Jaguatirica II",RRJII,UTE.GN.RR.044619-0.01,6884000000
"2022-07-01 01:00:00",N,NORTE,RR,RORAIMA,"TIPO I",TÉRMICA,Gás,"Jaguatirica II",RRJII,UTE.GN.RR.044619-0.01,6939600000
"2022-07-01 02:00:00",N,NORTE,RR,RORAIMA,"TIPO I",TÉRMICA,Gás,"Jaguatirica II",RRJII,UTE.GN.RR.044619-0.01,6939500000
"2022-07-01 03:00:00",N,NORTE,RR,RORAIMA,"TIPO I",TÉRMICA,Gás,"Jaguatirica II",RRJII,UTE.GN.RR.044619-0.01,6914600000
"2022-07-01 04:00:00",N,NORTE,RR,RORAIMA,"TIPO I",TÉRMICA,Gás,"Jaguatirica II",RRJII,UTE.GN.RR.044619-0.01,6889000000
"2022-07-01 05:00:00",N,NORTE,RR,RORAIMA,"TIPO I",TÉRMICA,Gás,"Jaguatirica II",RRJII,UTE.GN.RR.044619-0.01,6923100000
"2022-07-01 06:00:00",N,NORTE,RR,RORAIMA,"TIPO I",TÉRMICA,Gás,"Jaguatirica II",RRJII,UTE.GN.RR.044619-0.01,6898300000
"2022-07-01 07:00:00",N,NORTE,RR,RORAIMA,"TIPO I",TÉRMICA,Gás,"Jaguatirica II",RRJII,UTE.GN.RR.044619-0.01,5959700000
"2022-07-01 08:00:00",N,NORTE,RR,RORAIMA,"TIPO I",TÉRMICA,Gás,"Jaguatirica II",RRJII,UTE.GN.RR.044619-0.01,5874400000
"2022-07-01 09:00:00",N,NORTE,RR,RORAIMA,"TIPO I",TÉRMICA,Gás,"Jaguatirica II",RRJII,UTE.GN.RR.044619-0.01,6868500000
"2022-07-01 10:00:00",N,NORTE,RR,RORAIMA,"TIPO I",TÉRMICA,Gás,"Jaguatirica II",RRJII,UTE.GN.RR.044619-0.01,6836400000
"2022-07-01 11:00:00",N,NORTE,RR,RORAIMA,"TIPO I",TÉRMICA,Gás,"Jaguatirica II",RRJII,UTE.GN.RR.044619-0.01,6807900000
"2022-07-01 12:00:00",N,NORTE,RR,RORAIMA,"TIPO I",TÉRMICA,Gás,"Jaguatirica II",RRJII,UTE.GN.RR.044619-0.01,6831100000
"2022-07-01 13:00:00",N,NORTE,RR,RORAIMA,"TIPO I",TÉRMICA,Gás,"Jaguatirica II",RRJII,UTE.GN.RR.044619-0.01,6790800000
"2022-07-01 14:00:00",N,NORTE,RR,RORAIMA,"TIPO I",TÉRMICA,Gás,"Jaguatirica II",RRJII,UTE.GN.RR.044619-0.01,6850200000
"2022-07-01 15:00:00",N,NORTE,RR,RORAIMA,"TIPO I",TÉRMICA,Gás,"Jaguatirica II",RRJII,UTE.GN.RR.044619-0.01,6864800000
"2022-07-01 16:00:00",N,NORTE,RR,RORAIMA,"TIPO I",TÉRMICA,Gás,"Jaguatirica II",RRJII,UTE.GN.RR.044619-0.01,6905900000
"2022-07-01 17:00:00",N,NORTE,RR,RORAIMA,"TIPO I",TÉRMICA,Gás,"Jaguatirica II",RRJII,UTE.GN.RR.044619-0.01,6756900000
"2022-07-01 18:00:00",N,NORTE,RR,RORAIMA,"TIPO I",TÉRMICA,Gás,"Jaguatirica II",RRJII,UTE.GN.RR.044619-0.01,6547100000
"2022-07-01 19:00:00",N,NORTE,RR,RORAIMA,"TIPO I",TÉRMICA,Gás,"Jaguatirica II",RRJII,UTE.GN.RR.044619-0.01,5196600000
"2022-07-01 20:00:00",N,NORTE,RR,RORAIMA,"TIPO I",TÉRMICA,Gás,"Jaguatirica II",RRJII,UTE.GN.RR.044619-0.01,5627900000
"2022-07-01 21:00:00",N,NORTE,RR,RORAIMA,"TIPO I",TÉRMICA,Gás,"Jaguatirica II",RRJII,UTE.GN.RR.044619-0.01,6356900000
"2022-07-01 22:00:00",N,NORTE,RR,RORAIMA,"TIPO I",TÉRMICA,Gás,"Jaguatirica II",RRJII,UTE.GN.RR.044619-0.01,6851100000
"2022-07-01 23:00:00",N,NORTE,RR,RORAIMA,"TIPO I",TÉRMICA,Gás,"Jaguatirica II",RRJII,UTE.GN.RR.044619-0.01,6887400000
"2022-07-02 00:00:00",N,NORTE,RR,RORAIMA,"TIPO I",TÉRMICA,Gás,"Jaguatirica II",RRJII,UTE.GN.RR.044619-0.01,6897400000
"2022-07-02 01:00:00",N,NORTE,RR,RORAIMA,"TIPO I",TÉRMICA,Gás,"Jaguatirica II",RRJII,UTE.GN.RR.044619-0.01,6912600000
"2022-07-02 02:00:00",N,NORTE,RR,RORAIMA,"TIPO I",TÉRMICA,Gás,"Jaguatirica II",RRJII,UTE.GN.RR.044619-0.01,6785900000
"2022-07-02 03:00:00",N,NORTE,RR,RORAIMA,"TIPO I",TÉRMICA,Gás,"Jaguatirica II",RRJII,UTE.GN.RR.044619-0.01,6417600000
"2022-07-02 04:00:00",N,NORTE,RR,RORAIMA,"TIPO I",TÉRMICA,Gás,"Jaguatirica II",RRJII,UTE.GN.RR.044619-0.01,6417300000
"2022-07-02 05:00:00",N,NORTE,RR,RORAIMA,"TIPO I",TÉRMICA,Gás,"Jaguatirica II",RRJII,UTE.GN.RR.044619-0.01,6347500000
"2022-07-02 06:00:00",N,NORTE,RR,RORAIMA,"TIPO I",TÉRMICA,Gás,"Jaguatirica II",RRJII,UTE.GN.RR.044619-0.01,5877600000
"2022-07-02 07:00:00",N,NORTE,RR,RORAIMA,"TIPO I",TÉRMICA,Gás,"Jaguatirica II",RRJII,UTE.GN.RR.044619-0.01,4744500000
"2022-07-02 08:00:00",N,NORTE,RR,RORAIMA,"TIPO I",TÉRMICA,Gás,"Jaguatirica II",RRJII,UTE.GN.RR.044619-0.01,4046700000
"2022-07-02 09:00:00",N,NORTE,RR,RORAIMA,"TIPO I",TÉRMICA,Gás,"Jaguatirica II",RRJII,UTE.GN.RR.044619-0.01,4447200000
"2022-07-02 10:00:00",N,NORTE,RR,RORAIMA,"TIPO I",TÉRMICA,Gás,"Jaguatirica II",RRJII,UTE.GN.RR.044619-0.01,4846800000
"2022-07-02 11:00:00",N,NORTE,RR,RORAIMA,"TIPO I",TÉRMICA,Gás,"Jaguatirica II",RRJII,UTE.GN.RR.044619-0.01,5149800000
"2022-07-02 12:00:00",N,NORTE,RR,RORAIMA,"TIPO I",TÉRMICA,Gás,"Jaguatirica II",RRJII,UTE.GN.RR.044619-0.01,5544700000
"2022-07-02 13:00:00",N,NORTE,RR,RORAIMA,"TIPO I",TÉRMICA,Gás,"Jaguatirica II",RRJII,UTE.GN.RR.044619-0.01,5558200000
"2022-07-02 14:00:00",N,NORTE,RR,RORAIMA,"TIPO I",TÉRMICA,Gás,"Jaguatirica II",RRJII,UTE.GN.RR.044619-0.01,6353200000
"2022-07-02 15:00:00",N,NORTE,RR,RORAIMA,"TIPO I",TÉRMICA,Gás,"Jaguatirica II",RRJII,UTE.GN.RR.044619-0.01,6793600000
"2022-07-02 16:00:00",N,NORTE,RR,RORAIMA,"TIPO I",TÉRMICA,Gás,"Jaguatirica II",RRJII,UTE.GN.RR.044619-0.01,5961400000
"2022-07-02 17:00:00",N,NORTE,RR,RORAIMA,"TIPO I",TÉRMICA,Gás,"Jaguatirica II",RRJII,UTE.GN.RR.044619-0.01,6796800000
"2022-07-02 18:00:00",N,NORTE,RR,RORAIMA,"TIPO I",TÉRMICA,Gás,"Jaguatirica II",RRJII,UTE.GN.RR.044619-0.01,6944300000
"2022-07-02 19:00:00",N,NORTE,RR,RORAIMA,"TIPO I",TÉRMICA,Gás,"Jaguatirica II",RRJII,UTE.GN.RR.044619-0.01,6935200000
"2022-07-02 20:00:00",N,NORTE,RR,RORAIMA,"TIPO I",TÉRMICA,Gás,"Jaguatirica II",RRJII,UTE.GN.RR.044619-0.01,6911700000
"2022-07-02 21:00:00",N,NORTE,RR,RORAIMA,"TIPO I",TÉRMICA,Gás,"Jaguatirica II",RRJII,UTE.GN.RR.044619-0.01,6890600000
"2022-07-02 22:00:00",N,NORTE,RR,RORAIMA,"TIPO I",TÉRMICA,Gás,"Jaguatirica II",RRJII,UTE.GN.RR.044619-0.01,6943400000
"2022-07-02 23:00:00",N,NORTE,RR,RORAIMA,"TIPO I",TÉRMICA,Gás,"Jaguatirica II",RRJII,UTE.GN.RR.044619-0.01,6933200000
"2022-07-03 00:00:00",N,NORTE,RR,RORAIMA,"TIPO I",TÉRMICA,Gás,"Jaguatirica II",RRJII,UTE.GN.RR.044619-0.01,6910200000
"2022-07-03 01:00:00",N,NORTE,RR,RORAIMA,"TIPO I",TÉRMICA,Gás,"Jaguatirica II",RRJII,UTE.GN.RR.044619-0.01,6884200000
"2022-07-03 02:00:00",N,NORTE,RR,RORAIMA,"TIPO I",TÉRMICA,Gás,"Jaguatirica II",RRJII,UTE.GN.RR.044619-0.01,6872800000
"2022-07-03 03:00:00",N,NORTE,RR,RORAIMA,"TIPO I",TÉRMICA,Gás,"Jaguatirica II",RRJII,UTE.GN.RR.044619-0.01,6938800000
"2022-07-03 04:00:00",N,NORTE,RR,RORAIMA,"TIPO I",TÉRMICA,Gás,"Jaguatirica II",RRJII,UTE.GN.RR.044619-0.01,6945900000
"2022-07-03 05:00:00",N,NORTE,RR,RORAIMA,"TIPO I",TÉRMICA,Gás,"Jaguatirica II",RRJII,UTE.GN.RR.044619-0.01,6929900000
"2022-07-03 06:00:00",N,NORTE,RR,RORAIMA,"TIPO I",TÉRMICA,Gás,"Jaguatirica II",RRJII,UTE.GN.RR.044619-0.01,6905800000
"2022-07-03 07:00:00",N,NORTE,RR,RORAIMA,"TIPO I",TÉRMICA,Gás,"Jaguatirica II",RRJII,UTE.GN.RR.044619-0.01,6305700000
"2022-07-03 08:00:00",N,NORTE,RR,RORAIMA,"TIPO I",TÉRMICA,Gás,"Jaguatirica II",RRJII,UTE.GN.RR.044619-0.01,5535900000
"2022-07-03 09:00:00",N,NORTE,RR,RORAIMA,"TIPO I",TÉRMICA,Gás,"Jaguatirica II",RRJII,UTE.GN.RR.044619-0.01,4890100000
"2022-07-03 10:00:00",N,NORTE,RR,RORAIMA,"TIPO I",TÉRMICA,Gás,"Jaguatirica II",RRJII,UTE.GN.RR.044619-0.01,4538800000
"2022-07-03 11:00:00",N,NORTE,RR,RORAIMA,"TIPO I",TÉRMICA,Gás,"Jaguatirica II",RRJII,UTE.GN.RR.044619-0.01,4279600000
"2022-07-03 12:00:00",N,NORTE,RR,RORAIMA,"TIPO I",TÉRMICA,Gás,"Jaguatirica II",RRJII,UTE.GN.RR.044619-0.01,4041900000
"2022-07-03 13:00:00",N,NORTE,RR,RORAIMA,"TIPO I",TÉRMICA,Gás,"Jaguatirica II",RRJII,UTE.GN.RR.044619-0.01,4411200000
"2022-07-03 14:00:00",N,NORTE,RR,RORAIMA,"TIPO I",TÉRMICA,Gás,"Jaguatirica II",RRJII,UTE.GN.RR.044619-0.01,5771700000
"2022-07-03 15:00:00",N,NORTE,RR,RORAIMA,"TIPO I",TÉRMICA,Gás,"Jaguatirica II",RRJII,UTE.GN.RR.044619-0.01,6743000000
"2022-07-03 16:00:00",N,NORTE,RR,RORAIMA,"TIPO I",TÉRMICA,Gás,"Jaguatirica II",RRJII,UTE.GN.RR.044619-0.01,6905700000
"2022-07-03 17:00:00",N,NORTE,RR,RORAIMA,"TIPO I",TÉRMICA,Gás,"Jaguatirica II",RRJII,UTE.GN.RR.044619-0.01,6893300000
"2022-07-03 18:00:00",N,NORTE,RR,RORAIMA,"TIPO I",TÉRMICA,Gás,"Jaguatirica II",RRJII,UTE.GN.RR.044619-0.01,6865200000
"2022-07-03 19:00:00",N,NORTE,RR,RORAIMA,"TIPO I",TÉRMICA,Gás,"Jaguatirica II",RRJII,UTE.GN.RR.044619-0.01,6903000000
"2022-07-03 20:00:00",N,NORTE,RR,RORAIMA,"TIPO I",TÉRMICA,Gás,"Jaguatirica II",RRJII,UTE.GN.RR.044619-0.01,6911300000
"2022-07-03 21:00:00",N,NORTE,RR,RORAIMA,"TIPO I",TÉRMICA,Gás,"Jaguatirica II",RRJII,UTE.GN.RR.044619-0.01,6888800000
"2022-07-03 22:00:00",N,NORTE,RR,RORAIMA,"TIPO I",TÉRMICA,Gás,"Jaguatirica II",RRJII,UTE.GN.RR.044619-0.01,6884100000
"2022-07-03 23:00:00",N,NORTE,RR,RORAIMA,"TIPO I",TÉRMICA,Gás,"Jaguatirica II",RRJII,UTE.GN.RR.044619-0.01,6941900000
"2022-07-04 00:00:00",N,NORTE,RR,RORAIMA,"TIPO I",TÉRMICA,Gás,"Jaguatirica II",RRJII,UTE.GN.RR.044619-0.01,6926800000
"2022-07-04 01:00:00",N,NORTE,RR,RORAIMA,"TIPO I",TÉRMICA,Gás,"Jaguatirica II",RRJII,UTE.GN.RR.044619-0.01,6910000000
"2022-07-04 02:00:00",N,NORTE,RR,RORAIMA,"TIPO I",TÉRMICA,Gás,"Jaguatirica II",RRJII,UTE.GN.RR.044619-0.01,6890100000
"2022-07-04 03:00:00",N,NORTE,RR,RORAIMA,"TIPO I",TÉRMICA,Gás,"Jaguatirica II",RRJII,UTE.GN.RR.044619-0.01,6860700000
"2022-07-04 04:00:00",N,NORTE,RR,RORAIMA,"TIPO I",TÉRMICA,Gás,"Jaguatirica II",RRJII,UTE.GN.RR.044619-0.01,6943500000
"2022-07-04 05:00:00",N,NORTE,RR,RORAIMA,"TIPO I",TÉRMICA,Gás,"Jaguatirica II",RRJII,UTE.GN.RR.044619-0.01,6946800000
"2022-07-04 06:00:00",N,NORTE,RR,RORAIMA,"TIPO I",TÉRMICA,Gás,"Jaguatirica II",RRJII,UTE.GN.RR.044619-0.01,6960800000
"2022-07-04 07:00:00",N,NORTE,RR,RORAIMA,"TIPO I",TÉRMICA,Gás,"Jaguatirica II",RRJII,UTE.GN.RR.044619-0.01,5890100000
"2022-07-04 08:00:00",N,NORTE,RR,RORAIMA,"TIPO I",TÉRMICA,Gás,"Jaguatirica II",RRJII,UTE.GN.RR.044619-0.01,5584100000
"2022-07-04 09:00:00",N,NORTE,RR,RORAIMA,"TIPO I",TÉRMICA,Gás,"Jaguatirica II",RRJII,UTE.GN.RR.044619-0.01,6763300000
"2022-07-04 10:00:00",N,NORTE,RR,RORAIMA,"TIPO I",TÉRMICA,Gás,"Jaguatirica II",RRJII,UTE.GN.RR.044619-0.01,6916400000
"2022-07-04 11:00:00",N,NORTE,RR,RORAIMA,"TIPO I",TÉRMICA,Gás,"Jaguatirica II",RRJII,UTE.GN.RR.044619-0.01,6877200000
"2022-07-04 12:00:00",N,NORTE,RR,RORAIMA,"TIPO I",TÉRMICA,Gás,"Jaguatirica II",RRJII,UTE.GN.RR.044619-0.01,6905200000
"2022-07-04 13:00:00",N,NORTE,RR,RORAIMA,"TIPO I",TÉRMICA,Gás,"Jaguatirica II",RRJII,UTE.GN.RR.044619-0.01,6891000000
"2022-07-04 14:00:00",N,NORTE,RR,RORAIMA,"TIPO I",TÉRMICA,Gás,"Jaguatirica II",RRJII,UTE.GN.RR.044619-0.01,6907600000
"2022-07-04 15:00:00",N,NORTE,RR,RORAIMA,"TIPO I",TÉRMICA,Gás,"Jaguatirica II",RRJII,UTE.GN.RR.044619-0.01,6885600000
"2022-07-04 16:00:00",N,NORTE,RR,RORAIMA,"TIPO I",TÉRMICA,Gás,"Jaguatirica II",RRJII,UTE.GN.RR.044619-0.01,6873900000
"2022-07-04 17:00:00",N,NORTE,RR,RORAIMA,"TIPO I",TÉRMICA,Gás,"Jaguatirica II",RRJII,UTE.GN.RR.044619-0.01,6892800000
"2022-07-04 18:00:00",N,NORTE,RR,RORAIMA,"TIPO I",TÉRMICA,Gás,"Jaguatirica II",RRJII,UTE.GN.RR.044619-0.01,6877900000
"2022-07-04 19:00:00",N,NORTE,RR,RORAIMA,"TIPO I",TÉRMICA,Gás,"Jaguatirica II",RRJII,UTE.GN.RR.044619-0.01,6894000000
"2022-07-04 20:00:00",N,NORTE,RR,RORAIMA,"TIPO I",TÉRMICA,Gás,"Jaguatirica II",RRJII,UTE.GN.RR.044619-0.01,6913400000
"2022-07-04 21:00:00",N,NORTE,RR,RORAIMA,"TIPO I",TÉRMICA,Gás,"Jaguatirica II",RRJII,UTE.GN.RR.044619-0.01,6902500000
"2022-07-04 22:00:00",N,NORTE,RR,RORAIMA,"TIPO I",TÉRMICA,Gás,"Jaguatirica II",RRJII,UTE.GN.RR.044619-0.01,6881200000
"2022-07-04 23:00:00",N,NORTE,RR,RORAIMA,"TIPO I",TÉRMICA,Gás,"Jaguatirica II",RRJII,UTE.GN.RR.044619-0.01,6873400000
"2022-07-05 00:00:00",N,NORTE,RR,RORAIMA,"TIPO I",TÉRMICA,Gás,"Jaguatirica II",RRJII,UTE.GN.RR.044619-0.01,6856300000
"2022-07-05 01:00:00",N,NORTE,RR,RORAIMA,"TIPO I",TÉRMICA,Gás,"Jaguatirica II",RRJII,UTE.GN.RR.044619-0.01,6949600000
"2022-07-05 02:00:00",N,NORTE,RR,RORAIMA,"TIPO I",TÉRMICA,Gás,"Jaguatirica II",RRJII,UTE.GN.RR.044619-0.01,6939000000
"2022-07-05 03:00:00",N,NORTE,RR,RORAIMA,"TIPO I",TÉRMICA,Gás,"Jaguatirica II",RRJII,UTE.GN.RR.044619-0.01,6916600000
"2022-07-05 04:00:00",N,NORTE,RR,RORAIMA,"TIPO I",TÉRMICA,Gás,"Jaguatirica II",RRJII,UTE.GN.RR.044619-0.01,6888700000
"2022-07-05 05:00:00",N,NORTE,RR,RORAIMA,"TIPO I",TÉRMICA,Gás,"Jaguatirica II",RRJII,UTE.GN.RR.044619-0.01,6861800000
"2022-07-05 06:00:00",N,NORTE,RR,RORAIMA,"TIPO I",TÉRMICA,Gás,"Jaguatirica II",RRJII,UTE.GN.RR.044619-0.01,6836600000
"2022-07-05 07:00:00",N,NORTE,RR,RORAIMA,"TIPO I",TÉRMICA,Gás,"Jaguatirica II",RRJII,UTE.GN.RR.044619-0.01,5127200000
"2022-07-05 08:00:00",N,NORTE,RR,RORAIMA,"TIPO I",TÉRMICA,Gás,"Jaguatirica II",RRJII,UTE.GN.RR.044619-0.01,4451500000
"2022-07-05 09:00:00",N,NORTE,RR,RORAIMA,"TIPO I",TÉRMICA,Gás,"Jaguatirica II",RRJII,UTE.GN.RR.044619-0.01,5907100000
"2022-07-05 10:00:00",N,NORTE,RR,RORAIMA,"TIPO I",TÉRMICA,Gás,"Jaguatirica II",RRJII,UTE.GN.RR.044619-0.01,6761800000
"2022-07-05 11:00:00",N,NORTE,RR,RORAIMA,"TIPO I",TÉRMICA,Gás,"Jaguatirica II",RRJII,UTE.GN.RR.044619-0.01,6920100000
"2022-07-05 12:00:00",N,NORTE,RR,RORAIMA,"TIPO I",TÉRMICA,Gás,"Jaguatirica II",RRJII,UTE.GN.RR.044619-0.01,6900000000
"2022-07-05 13:00:00",N,NORTE,RR,RORAIMA,"TIPO I",TÉRMICA,Gás,"Jaguatirica II",RRJII,UTE.GN.RR.044619-0.01,6867400000
"2022-07-05 14:00:00",N,NORTE,RR,RORAIMA,"TIPO I",TÉRMICA,Gás,"Jaguatirica II",RRJII,UTE.GN.RR.044619-0.01,6905100000
"2022-07-05 15:00:00",N,NORTE,RR,RORAIMA,"TIPO I",TÉRMICA,Gás,"Jaguatirica II",RRJII,UTE.GN.RR.044619-0.01,6900400000
"2022-07-05 16:00:00",N,NORTE,RR,RORAIMA,"TIPO I",TÉRMICA,Gás,"Jaguatirica II",RRJII,UTE.GN.RR.044619-0.01,6881000000
"2022-07-05 17:00:00",N,NORTE,RR,RORAIMA,"TIPO I",TÉRMICA,Gás,"Jaguatirica II",RRJII,UTE.GN.RR.044619-0.01,6902900000
"2022-07-05 18:00:00",N,NORTE,RR,RORAIMA,"TIPO I",TÉRMICA,Gás,"Jaguatirica II",RRJII,UTE.GN.RR.044619-0.01,6936100000
"2022-07-05 19:00:00",N,NORTE,RR,RORAIMA,"TIPO I",TÉRMICA,Gás,"Jaguatirica II",RRJII,UTE.GN.RR.044619-0.01,6775800000
"2022-07-05 20:00:00",N,NORTE,RR,RORAIMA,"TIPO I",TÉRMICA,Gás,"Jaguatirica II",RRJII,UTE.GN.RR.044619-0.01,6897700000
"2022-07-05 21:00:00",N,NORTE,RR,RORAIMA,"TIPO I",TÉRMICA,Gás,"Jaguatirica II",RRJII,UTE.GN.RR.044619-0.01,6872300000
"2022-07-05 22:00:00",N,NORTE,RR,RORAIMA,"TIPO I",TÉRMICA,Gás,"Jaguatirica II",RRJII,UTE.GN.RR.044619-0.01,6844200000
"2022-07-05 23:00:00",N,NORTE,RR,RORAIMA,"TIPO I",TÉRMICA,Gás,"Jaguatirica II",RRJII,UTE.GN.RR.044619-0.01,6913300000
"2022-07-06 00:00:00",N,NORTE,RR,RORAIMA,"TIPO I",TÉRMICA,Gás,"Jaguatirica II",RRJII,UTE.GN.RR.044619-0.01,6916500000
"2022-07-06 01:00:00",N,NORTE,RR,RORAIMA,"TIPO I",TÉRMICA,Gás,"Jaguatirica II",RRJII,UTE.GN.RR.044619-0.01,4814200000
"2022-07-06 02:00:00",N,NORTE,RR,RORAIMA,"TIPO I",TÉRMICA,Gás,"Jaguatirica II",RRJII,UTE.GN.RR.044619-0.01,892300000
"2022-07-06 03:00:00",N,NORTE,RR,RORAIMA,"TIPO I",TÉRMICA,Gás,"Jaguatirica II",RRJII,UTE.GN.RR.044619-0.01,0
"2022-07-06 04:00:00",N,NORTE,RR,RORAIMA,"TIPO I",TÉRMICA,Gás,"Jaguatirica II",RRJII,UTE.GN.RR.044619-0.01,0
"2022-07-06 05:00:00",N,NORTE,RR,RORAIMA,"TIPO I",TÉRMICA,Gás,"Jaguatirica II",RRJII,UTE.GN.RR.044619-0.01,0
"2022-07-06 06:00:00",N,NORTE,RR,RORAIMA,"TIPO I",TÉRMICA,Gás,"Jaguatirica II",RRJII,UTE.GN.RR.044619-0.01,0
"2022-07-06 07:00:00",N,NORTE,RR,RORAIMA,"TIPO I",TÉRMICA,Gás,"Jaguatirica II",RRJII,UTE.GN.RR.044619-0.01,0
"2022-07-06 08:00:00",N,NORTE,RR,RORAIMA,"TIPO I",TÉRMICA,Gás,"Jaguatirica II",RRJII,UTE.GN.RR.044619-0.01,0
"2022-07-06 09:00:00",N,NORTE,RR,RORAIMA,"TIPO I",TÉRMICA,Gás,"Jaguatirica II",RRJII,UTE.GN.RR.044619-0.01,0
"2022-07-06 10:00:00",N,NORTE,RR,RORAIMA,"TIPO I",TÉRMICA,Gás,"Jaguatirica II",RRJII,UTE.GN.RR.044619-0.01,0
"2022-07-06 11:00:00",N,NORTE,RR,RORAIMA,"TIPO I",TÉRMICA,Gás,"Jaguatirica II",RRJII,UTE.GN.RR.044619-0.01,0
"2022-07-06 12:00:00",N,NORTE,RR,RORAIMA,"TIPO I",TÉRMICA,Gás,"Jaguatirica II",RRJII,UTE.GN.RR.044619-0.01,0
"2022-07-06 13:00:00",N,NORTE,RR,RORAIMA,"TIPO I",TÉRMICA,Gás,"Jaguatirica II",RRJII,UTE.GN.RR.044619-0.01,0
"2022-07-06 14:00:00",N,NORTE,RR,RORAIMA,"TIPO I",TÉRMICA,Gás,"Jaguatirica II",RRJII,UTE.GN.RR.044619-0.01,0
"2022-07-06 15:00:00",N,NORTE,RR,RORAIMA,"TIPO I",TÉRMICA,Gás,"Jaguatirica II",RRJII,UTE.GN.RR.044619-0.01,0
"2022-07-06 16:00:00",N,NORTE,RR,RORAIMA,"TIPO I",TÉRMICA,Gás,"Jaguatirica II",RRJII,UTE.GN.RR.044619-0.01,0
"2022-07-06 17:00:00",N,NORTE,RR,RORAIMA,"TIPO I",TÉRMICA,Gás,"Jaguatirica II",RRJII,UTE.GN.RR.044619-0.01,0
"2022-07-06 18:00:00",N,NORTE,RR,RORAIMA,"TIPO I",TÉRMICA,Gás,"Jaguatirica II",RRJII,UTE.GN.RR.044619-0.01,0
"2022-07-06 19:00:00",N,NORTE,RR,RORAIMA,"TIPO I",TÉRMICA,Gás,"Jaguatirica II",RRJII,UTE.GN.RR.044619-0.01,0
"2022-07-06 20:00:00",N,NORTE,RR,RORAIMA,"TIPO I",TÉRMICA,Gás,"Jaguatirica II",RRJII,UTE.GN.RR.044619-0.01,0
"2022-07-06 21:00:00",N,NORTE,RR,RORAIMA,"TIPO I",TÉRMICA,Gás,"Jaguatirica II",RRJII,UTE.GN.RR.044619-0.01,0
"2022-07-06 22:00:00",N,NORTE,RR,RORAIMA,"TIPO I",TÉRMICA,Gás,"Jaguatirica II",RRJII,UTE.GN.RR.044619-0.01,0
"2022-07-06 23:00:00",N,NORTE,RR,RORAIMA,"TIPO I",TÉRMICA,Gás,"Jaguatirica II",RRJII,UTE.GN.RR.044619-0.01,0
"2022-07-07 00:00:00",N,NORTE,RR,RORAIMA,"TIPO I",TÉRMICA,Gás,"Jaguatirica II",RRJII,UTE.GN.RR.044619-0.01,0
"2022-07-07 01:00:00",N,NORTE,RR,RORAIMA,"TIPO I",TÉRMICA,Gás,"Jaguatirica II",RRJII,UTE.GN.RR.044619-0.01,0
"2022-07-07 02:00:00",N,NORTE,RR,RORAIMA,"TIPO I",TÉRMICA,Gás,"Jaguatirica II",RRJII,UTE.GN.RR.044619-0.01,0
"2022-07-07 03:00:00",N,NORTE,RR,RORAIMA,"TIPO I",TÉRMICA,Gás,"Jaguatirica II",RRJII,UTE.GN.RR.044619-0.01,0
"2022-07-07 04:00:00",N,NORTE,RR,RORAIMA,"TIPO I",TÉRMICA,Gás,"Jaguatirica II",RRJII,UTE.GN.RR.044619-0.01,0
"2022-07-07 05:00:00",N,NORTE,RR,RORAIMA,"TIPO I",TÉRMICA,Gás,"Jaguatirica II",RRJII,UTE.GN.RR.044619-0.01,0
"2022-07-07 06:00:00",N,NORTE,RR,RORAIMA,"TIPO I",TÉRMICA,Gás,"Jaguatirica II",RRJII,UTE.GN.RR.044619-0.01,0
"2022-07-07 07:00:00",N,NORTE,RR,RORAIMA,"TIPO I",TÉRMICA,Gás,"Jaguatirica II",RRJII,UTE.GN.RR.044619-0.01,0
"2022-07-07 08:00:00",N,NORTE,RR,RORAIMA,"TIPO I",TÉRMICA,Gás,"Jaguatirica II",RRJII,UTE.GN.RR.044619-0.01,0
"2022-07-07 09:00:00",N,NORTE,RR,RORAIMA,"TIPO I",TÉRMICA,Gás,"Jaguatirica II",RRJII,UTE.GN.RR.044619-0.01,0
"2022-07-07 10:00:00",N,NORTE,RR,RORAIMA,"TIPO I",TÉRMICA,Gás,"Jaguatirica II",RRJII,UTE.GN.RR.044619-0.01,0
"2022-07-07 11:00:00",N,NORTE,RR,RORAIMA,"TIPO I",TÉRMICA,Gás,"Jaguatirica II",RRJII,UTE.GN.RR.044619-0.01,0
"2022-07-07 12:00:00",N,NORTE,RR,RORAIMA,"TIPO I",TÉRMICA,Gás,"Jaguatirica II",RRJII,UTE.GN.RR.044619-0.01,0
"2022-07-07 13:00:00",N,NORTE,RR,RORAIMA,"TIPO I",TÉRMICA,Gás,"Jaguatirica II",RRJII,UTE.GN.RR.044619-0.01,0
"2022-07-07 14:00:00",N,NORTE,RR,RORAIMA,"TIPO I",TÉRMICA,Gás,"Jaguatirica II",RRJII,UTE.GN.RR.044619-0.01,0
"2022-07-07 15:00:00",N,NORTE,RR,RORAIMA,"TIPO I",TÉRMICA,Gás,"Jaguatirica II",RRJII,UTE.GN.RR.044619-0.01,0
"2022-07-07 16:00:00",N,NORTE,RR,RORAIMA,"TIPO I",TÉRMICA,Gás,"Jaguatirica II",RRJII,UTE.GN.RR.044619-0.01,0
"2022-07-07 17:00:00",N,NORTE,RR,RORAIMA,"TIPO I",TÉRMICA,Gás,"Jaguatirica II",RRJII,UTE.GN.RR.044619-0.01,0
"2022-07-07 18:00:00",N,NORTE,RR,RORAIMA,"TIPO I",TÉRMICA,Gás,"Jaguatirica II",RRJII,UTE.GN.RR.044619-0.01,0
"2022-07-07 19:00:00",N,NORTE,RR,RORAIMA,"TIPO I",TÉRMICA,Gás,"Jaguatirica II",RRJII,UTE.GN.RR.044619-0.01,0
"2022-07-07 20:00:00",N,NORTE,RR,RORAIMA,"TIPO I",TÉRMICA,Gás,"Jaguatirica II",RRJII,UTE.GN.RR.044619-0.01,0
"2022-07-07 21:00:00",N,NORTE,RR,RORAIMA,"TIPO I",TÉRMICA,Gás,"Jaguatirica II",RRJII,UTE.GN.RR.044619-0.01,0
"2022-07-07 22:00:00",N,NORTE,RR,RORAIMA,"TIPO I",TÉRMICA,Gás,"Jaguatirica II",RRJII,UTE.GN.RR.044619-0.01,0
"2022-07-07 23:00:00",N,NORTE,RR,RORAIMA,"TIPO I",TÉRMICA,Gás,"Jaguatirica II",RRJII,UTE.GN.RR.044619-0.01,0
"2022-07-08 00:00:00",N,NORTE,RR,RORAIMA,"TIPO I",TÉRMICA,Gás,"Jaguatirica II",RRJII,UTE.GN.RR.044619-0.01,0
"2022-07-08 01:00:00",N,NORTE,RR,RORAIMA,"TIPO I",TÉRMICA,Gás,"Jaguatirica II",RRJII,UTE.GN.RR.044619-0.01,0
"2022-07-08 02:00:00",N,NORTE,RR,RORAIMA,"TIPO I",TÉRMICA,Gás,"Jaguatirica II",RRJII,UTE.GN.RR.044619-0.01,0
"2022-07-08 03:00:00",N,NORTE,RR,RORAIMA,"TIPO I",TÉRMICA,Gás,"Jaguatirica II",RRJII,UTE.GN.RR.044619-0.01,0
"2022-07-08 04:00:00",N,NORTE,RR,RORAIMA,"TIPO I",TÉRMICA,Gás,"Jaguatirica II",RRJII,UTE.GN.RR.044619-0.01,0
"2022-07-08 05:00:00",N,NORTE,RR,RORAIMA,"TIPO I",TÉRMICA,Gás,"Jaguatirica II",RRJII,UTE.GN.RR.044619-0.01,0
"2022-07-08 06:00:00",N,NORTE,RR,RORAIMA,"TIPO I",TÉRMICA,Gás,"Jaguatirica II",RRJII,UTE.GN.RR.044619-0.01,0
"2022-07-08 07:00:00",N,NORTE,RR,RORAIMA,"TIPO I",TÉRMICA,Gás,"Jaguatirica II",RRJII,UTE.GN.RR.044619-0.01,0
"2022-07-08 08:00:00",N,NORTE,RR,RORAIMA,"TIPO I",TÉRMICA,Gás,"Jaguatirica II",RRJII,UTE.GN.RR.044619-0.01,0
"2022-07-08 09:00:00",N,NORTE,RR,RORAIMA,"TIPO I",TÉRMICA,Gás,"Jaguatirica II",RRJII,UTE.GN.RR.044619-0.01,0
"2022-07-08 10:00:00",N,NORTE,RR,RORAIMA,"TIPO I",TÉRMICA,Gás,"Jaguatirica II",RRJII,UTE.GN.RR.044619-0.01,0
"2022-07-08 11:00:00",N,NORTE,RR,RORAIMA,"TIPO I",TÉRMICA,Gás,"Jaguatirica II",RRJII,UTE.GN.RR.044619-0.01,0
"2022-07-08 12:00:00",N,NORTE,RR,RORAIMA,"TIPO I",TÉRMICA,Gás,"Jaguatirica II",RRJII,UTE.GN.RR.044619-0.01,0
"2022-07-08 13:00:00",N,NORTE,RR,RORAIMA,"TIPO I",TÉRMICA,Gás,"Jaguatirica II",RRJII,UTE.GN.RR.044619-0.01,0
"2022-07-08 14:00:00",N,NORTE,RR,RORAIMA,"TIPO I",TÉRMICA,Gás,"Jaguatirica II",RRJII,UTE.GN.RR.044619-0.01,0
"2022-07-08 15:00:00",N,NORTE,RR,RORAIMA,"TIPO I",TÉRMICA,Gás,"Jaguatirica II",RRJII,UTE.GN.RR.044619-0.01,0
"2022-07-08 16:00:00",N,NORTE,RR,RORAIMA,"TIPO I",TÉRMICA,Gás,"Jaguatirica II",RRJII,UTE.GN.RR.044619-0.01,0
"2022-07-08 17:00:00",N,NORTE,RR,RORAIMA,"TIPO I",TÉRMICA,Gás,"Jaguatirica II",RRJII,UTE.GN.RR.044619-0.01,0
"2022-07-08 18:00:00",N,NORTE,RR,RORAIMA,"TIPO I",TÉRMICA,Gás,"Jaguatirica II",RRJII,UTE.GN.RR.044619-0.01,0
"2022-07-08 19:00:00",N,NORTE,RR,RORAIMA,"TIPO I",TÉRMICA,Gás,"Jaguatirica II",RRJII,UTE.GN.RR.044619-0.01,0
"2022-07-08 20:00:00",N,NORTE,RR,RORAIMA,"TIPO I",TÉRMICA,Gás,"Jaguatirica II",RRJII,UTE.GN.RR.044619-0.01,0
"2022-07-08 21:00:00",N,NORTE,RR,RORAIMA,"TIPO I",TÉRMICA,Gás,"Jaguatirica II",RRJII,UTE.GN.RR.044619-0.01,0
"2022-07-08 22:00:00",N,NORTE,RR,RORAIMA,"TIPO I",TÉRMICA,Gás,"Jaguatirica II",RRJII,UTE.GN.RR.044619-0.01,0
"2022-07-08 23:00:00",N,NORTE,RR,RORAIMA,"TIPO I",TÉRMICA,Gás,"Jaguatirica II",RRJII,UTE.GN.RR.044619-0.01,0
"2022-07-09 00:00:00",N,NORTE,RR,RORAIMA,"TIPO I",TÉRMICA,Gás,"Jaguatirica II",RRJII,UTE.GN.RR.044619-0.01,0
"2022-07-09 01:00:00",N,NORTE,RR,RORAIMA,"TIPO I",TÉRMICA,Gás,"Jaguatirica II",RRJII,UTE.GN.RR.044619-0.01,0
"2022-07-09 02:00:00",N,NORTE,RR,RORAIMA,"TIPO I",TÉRMICA,Gás,"Jaguatirica II",RRJII,UTE.GN.RR.044619-0.01,0
"2022-07-09 03:00:00",N,NORTE,RR,RORAIMA,"TIPO I",TÉRMICA,Gás,"Jaguatirica II",RRJII,UTE.GN.RR.044619-0.01,0
"2022-07-09 04:00:00",N,NORTE,RR,RORAIMA,"TIPO I",TÉRMICA,Gás,"Jaguatirica II",RRJII,UTE.GN.RR.044619-0.01,0
"2022-07-09 05:00:00",N,NORTE,RR,RORAIMA,"TIPO I",TÉRMICA,Gás,"Jaguatirica II",RRJII,UTE.GN.RR.044619-0.01,0
"2022-07-09 06:00:00",N,NORTE,RR,RORAIMA,"TIPO I",TÉRMICA,Gás,"Jaguatirica II",RRJII,UTE.GN.RR.044619-0.01,0
"2022-07-09 07:00:00",N,NORTE,RR,RORAIMA,"TIPO I",TÉRMICA,Gás,"Jaguatirica II",RRJII,UTE.GN.RR.044619-0.01,0
"2022-07-09 08:00:00",N,NORTE,RR,RORAIMA,"TIPO I",TÉRMICA,Gás,"Jaguatirica II",RRJII,UTE.GN.RR.044619-0.01,0
"2022-07-09 09:00:00",N,NORTE,RR,RORAIMA,"TIPO I",TÉRMICA,Gás,"Jaguatirica II",RRJII,UTE.GN.RR.044619-0.01,0
"2022-07-09 10:00:00",N,NORTE,RR,RORAIMA,"TIPO I",TÉRMICA,Gás,"Jaguatirica II",RRJII,UTE.GN.RR.044619-0.01,0
"2022-07-09 11:00:00",N,NORTE,RR,RORAIMA,"TIPO I",TÉRMICA,Gás,"Jaguatirica II",RRJII,UTE.GN.RR.044619-0.01,0
"2022-07-09 12:00:00",N,NORTE,RR,RORAIMA,"TIPO I",TÉRMICA,Gás,"Jaguatirica II",RRJII,UTE.GN.RR.044619-0.01,0
"2022-07-09 13:00:00",N,NORTE,RR,RORAIMA,"TIPO I",TÉRMICA,Gás,"Jaguatirica II",RRJII,UTE.GN.RR.044619-0.01,0
"2022-07-09 14:00:00",N,NORTE,RR,RORAIMA,"TIPO I",TÉRMICA,Gás,"Jaguatirica II",RRJII,UTE.GN.RR.044619-0.01,0
"2022-07-09 15:00:00",N,NORTE,RR,RORAIMA,"TIPO I",TÉRMICA,Gás,"Jaguatirica II",RRJII,UTE.GN.RR.044619-0.01,0
"2022-07-09 16:00:00",N,NORTE,RR,RORAIMA,"TIPO I",TÉRMICA,Gás,"Jaguatirica II",RRJII,UTE.GN.RR.044619-0.01,0
"2022-07-09 17:00:00",N,NORTE,RR,RORAIMA,"TIPO I",TÉRMICA,Gás,"Jaguatirica II",RRJII,UTE.GN.RR.044619-0.01,0
"2022-07-09 18:00:00",N,NORTE,RR,RORAIMA,"TIPO I",TÉRMICA,Gás,"Jaguatirica II",RRJII,UTE.GN.RR.044619-0.01,0
"2022-07-09 19:00:00",N,NORTE,RR,RORAIMA,"TIPO I",TÉRMICA,Gás,"Jaguatirica II",RRJII,UTE.GN.RR.044619-0.01,0
"2022-07-09 20:00:00",N,NORTE,RR,RORAIMA,"TIPO I",TÉRMICA,Gás,"Jaguatirica II",RRJII,UTE.GN.RR.044619-0.01,0
"2022-07-09 21:00:00",N,NORTE,RR,RORAIMA,"TIPO I",TÉRMICA,Gás,"Jaguatirica II",RRJII,UTE.GN.RR.044619-0.01,0
"2022-07-09 22:00:00",N,NORTE,RR,RORAIMA,"TIPO I",TÉRMICA,Gás,"Jaguatirica II",RRJII,UTE.GN.RR.044619-0.01,0
"2022-07-09 23:00:00",N,NORTE,RR,RORAIMA,"TIPO I",TÉRMICA,Gás,"Jaguatirica II",RRJII,UTE.GN.RR.044619-0.01,0
"2022-07-10 00:00:00",N,NORTE,RR,RORAIMA,"TIPO I",TÉRMICA,Gás,"Jaguatirica II",RRJII,UTE.GN.RR.044619-0.01,0
"2022-07-10 01:00:00",N,NORTE,RR,RORAIMA,"TIPO I",TÉRMICA,Gás,"Jaguatirica II",RRJII,UTE.GN.RR.044619-0.01,0
"2022-07-10 02:00:00",N,NORTE,RR,RORAIMA,"TIPO I",TÉRMICA,Gás,"Jaguatirica II",RRJII,UTE.GN.RR.044619-0.01,0
"2022-07-10 03:00:00",N,NORTE,RR,RORAIMA,"TIPO I",TÉRMICA,Gás,"Jaguatirica II",RRJII,UTE.GN.RR.044619-0.01,0
"2022-07-10 04:00:00",N,NORTE,RR,RORAIMA,"TIPO I",TÉRMICA,Gás,"Jaguatirica II",RRJII,UTE.GN.RR.044619-0.01,0
"2022-07-10 05:00:00",N,NORTE,RR,RORAIMA,"TIPO I",TÉRMICA,Gás,"Jaguatirica II",RRJII,UTE.GN.RR.044619-0.01,0
"2022-07-10 06:00:00",N,NORTE,RR,RORAIMA,"TIPO I",TÉRMICA,Gás,"Jaguatirica II",RRJII,UTE.GN.RR.044619-0.01,0
"2022-07-10 07:00:00",N,NORTE,RR,RORAIMA,"TIPO I",TÉRMICA,Gás,"Jaguatirica II",RRJII,UTE.GN.RR.044619-0.01,0
"2022-07-10 08:00:00",N,NORTE,RR,RORAIMA,"TIPO I",TÉRMICA,Gás,"Jaguatirica II",RRJII,UTE.GN.RR.044619-0.01,0
"2022-07-10 09:00:00",N,NORTE,RR,RORAIMA,"TIPO I",TÉRMICA,Gás,"Jaguatirica II",RRJII,UTE.GN.RR.044619-0.01,0
"2022-07-10 10:00:00",N,NORTE,RR,RORAIMA,"TIPO I",TÉRMICA,Gás,"Jaguatirica II",RRJII,UTE.GN.RR.044619-0.01,0
"2022-07-10 11:00:00",N,NORTE,RR,RORAIMA,"TIPO I",TÉRMICA,Gás,"Jaguatirica II",RRJII,UTE.GN.RR.044619-0.01,0
"2022-07-10 12:00:00",N,NORTE,RR,RORAIMA,"TIPO I",TÉRMICA,Gás,"Jaguatirica II",RRJII,UTE.GN.RR.044619-0.01,0
"2022-07-10 13:00:00",N,NORTE,RR,RORAIMA,"TIPO I",TÉRMICA,Gás,"Jaguatirica II",RRJII,UTE.GN.RR.044619-0.01,0
"2022-07-10 14:00:00",N,NORTE,RR,RORAIMA,"TIPO I",TÉRMICA,Gás,"Jaguatirica II",RRJII,UTE.GN.RR.044619-0.01,0
"2022-07-10 15:00:00",N,NORTE,RR,RORAIMA,"TIPO I",TÉRMICA,Gás,"Jaguatirica II",RRJII,UTE.GN.RR.044619-0.01,0
"2022-07-10 16:00:00",N,NORTE,RR,RORAIMA,"TIPO I",TÉRMICA,Gás,"Jaguatirica II",RRJII,UTE.GN.RR.044619-0.01,0
"2022-07-10 17:00:00",N,NORTE,RR,RORAIMA,"TIPO I",TÉRMICA,Gás,"Jaguatirica II",RRJII,UTE.GN.RR.044619-0.01,0
"2022-07-10 18:00:00",N,NORTE,RR,RORAIMA,"TIPO I",TÉRMICA,Gás,"Jaguatirica II",RRJII,UTE.GN.RR.044619-0.01,0
"2022-07-10 19:00:00",N,NORTE,RR,RORAIMA,"TIPO I",TÉRMICA,Gás,"Jaguatirica II",RRJII,UTE.GN.RR.044619-0.01,0
"2022-07-10 20:00:00",N,NORTE,RR,RORAIMA,"TIPO I",TÉRMICA,Gás,"Jaguatirica II",RRJII,UTE.GN.RR.044619-0.01,0
"2022-07-10 21:00:00",N,NORTE,RR,RORAIMA,"TIPO I",TÉRMICA,Gás,"Jaguatirica II",RRJII,UTE.GN.RR.044619-0.01,0
"2022-07-10 22:00:00",N,NORTE,RR,RORAIMA,"TIPO I",TÉRMICA,Gás,"Jaguatirica II",RRJII,UTE.GN.RR.044619-0.01,0
"2022-07-10 23:00:00",N,NORTE,RR,RORAIMA,"TIPO I",TÉRMICA,Gás,"Jaguatirica II",RRJII,UTE.GN.RR.044619-0.01,0
"2022-07-11 00:00:00",N,NORTE,RR,RORAIMA,"TIPO I",TÉRMICA,Gás,"Jaguatirica II",RRJII,UTE.GN.RR.044619-0.01,0
"2022-07-11 01:00:00",N,NORTE,RR,RORAIMA,"TIPO I",TÉRMICA,Gás,"Jaguatirica II",RRJII,UTE.GN.RR.044619-0.01,0
"2022-07-11 02:00:00",N,NORTE,RR,RORAIMA,"TIPO I",TÉRMICA,Gás,"Jaguatirica II",RRJII,UTE.GN.RR.044619-0.01,0
"2022-07-11 03:00:00",N,NORTE,RR,RORAIMA,"TIPO I",TÉRMICA,Gás,"Jaguatirica II",RRJII,UTE.GN.RR.044619-0.01,0
"2022-07-11 04:00:00",N,NORTE,RR,RORAIMA,"TIPO I",TÉRMICA,Gás,"Jaguatirica II",RRJII,UTE.GN.RR.044619-0.01,0
"2022-07-11 05:00:00",N,NORTE,RR,RORAIMA,"TIPO I",TÉRMICA,Gás,"Jaguatirica II",RRJII,UTE.GN.RR.044619-0.01,0
"2022-07-11 06:00:00",N,NORTE,RR,RORAIMA,"TIPO I",TÉRMICA,Gás,"Jaguatirica II",RRJII,UTE.GN.RR.044619-0.01,0
"2022-07-11 07:00:00",N,NORTE,RR,RORAIMA,"TIPO I",TÉRMICA,Gás,"Jaguatirica II",RRJII,UTE.GN.RR.044619-0.01,0
"2022-07-11 08:00:00",N,NORTE,RR,RORAIMA,"TIPO I",TÉRMICA,Gás,"Jaguatirica II",RRJII,UTE.GN.RR.044619-0.01,0
"2022-07-11 09:00:00",N,NORTE,RR,RORAIMA,"TIPO I",TÉRMICA,Gás,"Jaguatirica II",RRJII,UTE.GN.RR.044619-0.01,0
"2022-07-11 10:00:00",N,NORTE,RR,RORAIMA,"TIPO I",TÉRMICA,Gás,"Jaguatirica II",RRJII,UTE.GN.RR.044619-0.01,0
"2022-07-11 11:00:00",N,NORTE,RR,RORAIMA,"TIPO I",TÉRMICA,Gás,"Jaguatirica II",RRJII,UTE.GN.RR.044619-0.01,0
"2022-07-11 12:00:00",N,NORTE,RR,RORAIMA,"TIPO I",TÉRMICA,Gás,"Jaguatirica II",RRJII,UTE.GN.RR.044619-0.01,0
"2022-07-11 13:00:00",N,NORTE,RR,RORAIMA,"TIPO I",TÉRMICA,Gás,"Jaguatirica II",RRJII,UTE.GN.RR.044619-0.01,0
"2022-07-11 14:00:00",N,NORTE,RR,RORAIMA,"TIPO I",TÉRMICA,Gás,"Jaguatirica II",RRJII,UTE.GN.RR.044619-0.01,0
"2022-07-11 15:00:00",N,NORTE,RR,RORAIMA,"TIPO I",TÉRMICA,Gás,"Jaguatirica II",RRJII,UTE.GN.RR.044619-0.01,0
"2022-07-11 16:00:00",N,NORTE,RR,RORAIMA,"TIPO I",TÉRMICA,Gás,"Jaguatirica II",RRJII,UTE.GN.RR.044619-0.01,0
"2022-07-11 17:00:00",N,NORTE,RR,RORAIMA,"TIPO I",TÉRMICA,Gás,"Jaguatirica II",RRJII,UTE.GN.RR.044619-0.01,0
"2022-07-11 18:00:00",N,NORTE,RR,RORAIMA,"TIPO I",TÉRMICA,Gás,"Jaguatirica II",RRJII,UTE.GN.RR.044619-0.01,0
"2022-07-11 19:00:00",N,NORTE,RR,RORAIMA,"TIPO I",TÉRMICA,Gás,"Jaguatirica II",RRJII,UTE.GN.RR.044619-0.01,0
"2022-07-11 20:00:00",N,NORTE,RR,RORAIMA,"TIPO I",TÉRMICA,Gás,"Jaguatirica II",RRJII,UTE.GN.RR.044619-0.01,0
"2022-07-11 21:00:00",N,NORTE,RR,RORAIMA,"TIPO I",TÉRMICA,Gás,"Jaguatirica II",RRJII,UTE.GN.RR.044619-0.01,0
"2022-07-11 22:00:00",N,NORTE,RR,RORAIMA,"TIPO I",TÉRMICA,Gás,"Jaguatirica II",RRJII,UTE.GN.RR.044619-0.01,0
"2022-07-11 23:00:00",N,NORTE,RR,RORAIMA,"TIPO I",TÉRMICA,Gás,"Jaguatirica II",RRJII,UTE.GN.RR.044619-0.01,0
"2022-07-12 00:00:00",N,NORTE,RR,RORAIMA,"TIPO I",TÉRMICA,Gás,"Jaguatirica II",RRJII,UTE.GN.RR.044619-0.01,0
"2022-07-12 01:00:00",N,NORTE,RR,RORAIMA,"TIPO I",TÉRMICA,Gás,"Jaguatirica II",RRJII,UTE.GN.RR.044619-0.01,0
"2022-07-12 02:00:00",N,NORTE,RR,RORAIMA,"TIPO I",TÉRMICA,Gás,"Jaguatirica II",RRJII,UTE.GN.RR.044619-0.01,0
"2022-07-12 03:00:00",N,NORTE,RR,RORAIMA,"TIPO I",TÉRMICA,Gás,"Jaguatirica II",RRJII,UTE.GN.RR.044619-0.01,0
"2022-07-12 04:00:00",N,NORTE,RR,RORAIMA,"TIPO I",TÉRMICA,Gás,"Jaguatirica II",RRJII,UTE.GN.RR.044619-0.01,0
"2022-07-12 05:00:00",N,NORTE,RR,RORAIMA,"TIPO I",TÉRMICA,Gás,"Jaguatirica II",RRJII,UTE.GN.RR.044619-0.01,49200000
"2022-07-12 06:00:00",N,NORTE,RR,RORAIMA,"TIPO I",TÉRMICA,Gás,"Jaguatirica II",RRJII,UTE.GN.RR.044619-0.01,1024600000
"2022-07-12 07:00:00",N,NORTE,RR,RORAIMA,"TIPO I",TÉRMICA,Gás,"Jaguatirica II",RRJII,UTE.GN.RR.044619-0.01,1486600000
"2022-07-12 08:00:00",N,NORTE,RR,RORAIMA,"TIPO I",TÉRMICA,Gás,"Jaguatirica II",RRJII,UTE.GN.RR.044619-0.01,965900000
"2022-07-12 09:00:00",N,NORTE,RR,RORAIMA,"TIPO I",TÉRMICA,Gás,"Jaguatirica II",RRJII,UTE.GN.RR.044619-0.01,680300000
"2022-07-12 10:00:00",N,NORTE,RR,RORAIMA,"TIPO I",TÉRMICA,Gás,"Jaguatirica II",RRJII,UTE.GN.RR.044619-0.01,745900000
"2022-07-12 11:00:00",N,NORTE,RR,RORAIMA,"TIPO I",TÉRMICA,Gás,"Jaguatirica II",RRJII,UTE.GN.RR.044619-0.01,952900000
"2022-07-12 12:00:00",N,NORTE,RR,RORAIMA,"TIPO I",TÉRMICA,Gás,"Jaguatirica II",RRJII,UTE.GN.RR.044619-0.01,3006500000
"2022-07-12 13:00:00",N,NORTE,RR,RORAIMA,"TIPO I",TÉRMICA,Gás,"Jaguatirica II",RRJII,UTE.GN.RR.044619-0.01,5860000000
"2022-07-12 14:00:00",N,NORTE,RR,RORAIMA,"TIPO I",TÉRMICA,Gás,"Jaguatirica II",RRJII,UTE.GN.RR.044619-0.01,6864900000
"2022-07-12 15:00:00",N,NORTE,RR,RORAIMA,"TIPO I",TÉRMICA,Gás,"Jaguatirica II",RRJII,UTE.GN.RR.044619-0.01,6862600000
"2022-07-12 16:00:00",N,NORTE,RR,RORAIMA,"TIPO I",TÉRMICA,Gás,"Jaguatirica II",RRJII,UTE.GN.RR.044619-0.01,6867100000
"2022-07-12 17:00:00",N,NORTE,RR,RORAIMA,"TIPO I",TÉRMICA,Gás,"Jaguatirica II",RRJII,UTE.GN.RR.044619-0.01,6867500000
"2022-07-12 18:00:00",N,NORTE,RR,RORAIMA,"TIPO I",TÉRMICA,Gás,"Jaguatirica II",RRJII,UTE.GN.RR.044619-0.01,6838700000
"2022-07-12 19:00:00",N,NORTE,RR,RORAIMA,"TIPO I",TÉRMICA,Gás,"Jaguatirica II",RRJII,UTE.GN.RR.044619-0.01,6856200000
"2022-07-12 20:00:00",N,NORTE,RR,RORAIMA,"TIPO I",TÉRMICA,Gás,"Jaguatirica II",RRJII,UTE.GN.RR.044619-0.01,7446000000
"2022-07-12 21:00:00",N,NORTE,RR,RORAIMA,"TIPO I",TÉRMICA,Gás,"Jaguatirica II",RRJII,UTE.GN.RR.044619-0.01,8385900000
"2022-07-12 22:00:00",N,NORTE,RR,RORAIMA,"TIPO I",TÉRMICA,Gás,"Jaguatirica II",RRJII,UTE.GN.RR.044619-0.01,4329500000
"2022-07-12 23:00:00",N,NORTE,RR,RORAIMA,"TIPO I",TÉRMICA,Gás,"Jaguatirica II",RRJII,UTE.GN.RR.044619-0.01,6511100000
"2022-07-13 00:00:00",N,NORTE,RR,RORAIMA,"TIPO I",TÉRMICA,Gás,"Jaguatirica II",RRJII,UTE.GN.RR.044619-0.01,9347100000
"2022-07-13 01:00:00",N,NORTE,RR,RORAIMA,"TIPO I",TÉRMICA,Gás,"Jaguatirica II",RRJII,UTE.GN.RR.044619-0.01,9479100000
"2022-07-13 02:00:00",N,NORTE,RR,RORAIMA,"TIPO I",TÉRMICA,Gás,"Jaguatirica II",RRJII,UTE.GN.RR.044619-0.01,9067200000
"2022-07-13 03:00:00",N,NORTE,RR,RORAIMA,"TIPO I",TÉRMICA,Gás,"Jaguatirica II",RRJII,UTE.GN.RR.044619-0.01,8869400000
"2022-07-13 04:00:00",N,NORTE,RR,RORAIMA,"TIPO I",TÉRMICA,Gás,"Jaguatirica II",RRJII,UTE.GN.RR.044619-0.01,8210200000
"2022-07-13 05:00:00",N,NORTE,RR,RORAIMA,"TIPO I",TÉRMICA,Gás,"Jaguatirica II",RRJII,UTE.GN.RR.044619-0.01,7739100000
"2022-07-13 06:00:00",N,NORTE,RR,RORAIMA,"TIPO I",TÉRMICA,Gás,"Jaguatirica II",RRJII,UTE.GN.RR.044619-0.01,7259700000
"2022-07-13 07:00:00",N,NORTE,RR,RORAIMA,"TIPO I",TÉRMICA,Gás,"Jaguatirica II",RRJII,UTE.GN.RR.044619-0.01,5841500000
"2022-07-13 08:00:00",N,NORTE,RR,RORAIMA,"TIPO I",TÉRMICA,Gás,"Jaguatirica II",RRJII,UTE.GN.RR.044619-0.01,5026400000
"2022-07-13 09:00:00",N,NORTE,RR,RORAIMA,"TIPO I",TÉRMICA,Gás,"Jaguatirica II",RRJII,UTE.GN.RR.044619-0.01,5865500000
"2022-07-13 10:00:00",N,NORTE,RR,RORAIMA,"TIPO I",TÉRMICA,Gás,"Jaguatirica II",RRJII,UTE.GN.RR.044619-0.01,6808500000
"2022-07-13 11:00:00",N,NORTE,RR,RORAIMA,"TIPO I",TÉRMICA,Gás,"Jaguatirica II",RRJII,UTE.GN.RR.044619-0.01,7475200000
"2022-07-13 12:00:00",N,NORTE,RR,RORAIMA,"TIPO I",TÉRMICA,Gás,"Jaguatirica II",RRJII,UTE.GN.RR.044619-0.01,8340100000
"2022-07-13 13:00:00",N,NORTE,RR,RORAIMA,"TIPO I",TÉRMICA,Gás,"Jaguatirica II",RRJII,UTE.GN.RR.044619-0.01,8110800000
"2022-07-13 14:00:00",N,NORTE,RR,RORAIMA,"TIPO I",TÉRMICA,Gás,"Jaguatirica II",RRJII,UTE.GN.RR.044619-0.01,8022400000
"2022-07-13 15:00:00",N,NORTE,RR,RORAIMA,"TIPO I",TÉRMICA,Gás,"Jaguatirica II",RRJII,UTE.GN.RR.044619-0.01,6872600000
"2022-07-13 16:00:00",N,NORTE,RR,RORAIMA,"TIPO I",TÉRMICA,Gás,"Jaguatirica II",RRJII,UTE.GN.RR.044619-0.01,6909900000
"2022-07-13 17:00:00",N,NORTE,RR,RORAIMA,"TIPO I",TÉRMICA,Gás,"Jaguatirica II",RRJII,UTE.GN.RR.044619-0.01,6914100000
"2022-07-13 18:00:00",N,NORTE,RR,RORAIMA,"TIPO I",TÉRMICA,Gás,"Jaguatirica II",RRJII,UTE.GN.RR.044619-0.01,6907800000
"2022-07-13 19:00:00",N,NORTE,RR,RORAIMA,"TIPO I",TÉRMICA,Gás,"Jaguatirica II",RRJII,UTE.GN.RR.044619-0.01,7159600000
"2022-07-13 20:00:00",N,NORTE,RR,RORAIMA,"TIPO I",TÉRMICA,Gás,"Jaguatirica II",RRJII,UTE.GN.RR.044619-0.01,6241200000
"2022-07-13 21:00:00",N,NORTE,RR,RORAIMA,"TIPO I",TÉRMICA,Gás,"Jaguatirica II",RRJII,UTE.GN.RR.044619-0.01,7299700000
"2022-07-13 22:00:00",N,NORTE,RR,RORAIMA,"TIPO I",TÉRMICA,Gás,"Jaguatirica II",RRJII,UTE.GN.RR.044619-0.01,9107600000
"2022-07-13 23:00:00",N,NORTE,RR,RORAIMA,"TIPO I",TÉRMICA,Gás,"Jaguatirica II",RRJII,UTE.GN.RR.044619-0.01,9877700000
"2022-07-14 00:00:00",N,NORTE,RR,RORAIMA,"TIPO I",TÉRMICA,Gás,"Jaguatirica II",RRJII,UTE.GN.RR.044619-0.01,9879800000
"2022-07-14 01:00:00",N,NORTE,RR,RORAIMA,"TIPO I",TÉRMICA,Gás,"Jaguatirica II",RRJII,UTE.GN.RR.044619-0.01,9876600000
"2022-07-14 02:00:00",N,NORTE,RR,RORAIMA,"TIPO I",TÉRMICA,Gás,"Jaguatirica II",RRJII,UTE.GN.RR.044619-0.01,9649600000
"2022-07-14 03:00:00",N,NORTE,RR,RORAIMA,"TIPO I",TÉRMICA,Gás,"Jaguatirica II",RRJII,UTE.GN.RR.044619-0.01,8924200000
"2022-07-14 04:00:00",N,NORTE,RR,RORAIMA,"TIPO I",TÉRMICA,Gás,"Jaguatirica II",RRJII,UTE.GN.RR.044619-0.01,8525800000
"2022-07-14 05:00:00",N,NORTE,RR,RORAIMA,"TIPO I",TÉRMICA,Gás,"Jaguatirica II",RRJII,UTE.GN.RR.044619-0.01,8223900000
"2022-07-14 06:00:00",N,NORTE,RR,RORAIMA,"TIPO I",TÉRMICA,Gás,"Jaguatirica II",RRJII,UTE.GN.RR.044619-0.01,7426200000
"2022-07-14 07:00:00",N,NORTE,RR,RORAIMA,"TIPO I",TÉRMICA,Gás,"Jaguatirica II",RRJII,UTE.GN.RR.044619-0.01,7187700000
"2022-07-14 08:00:00",N,NORTE,RR,RORAIMA,"TIPO I",TÉRMICA,Gás,"Jaguatirica II",RRJII,UTE.GN.RR.044619-0.01,7134900000
"2022-07-14 09:00:00",N,NORTE,RR,RORAIMA,"TIPO I",TÉRMICA,Gás,"Jaguatirica II",RRJII,UTE.GN.RR.044619-0.01,7860400000
"2022-07-14 10:00:00",N,NORTE,RR,RORAIMA,"TIPO I",TÉRMICA,Gás,"Jaguatirica II",RRJII,UTE.GN.RR.044619-0.01,8024400000
"2022-07-14 11:00:00",N,NORTE,RR,RORAIMA,"TIPO I",TÉRMICA,Gás,"Jaguatirica II",RRJII,UTE.GN.RR.044619-0.01,8023500000
"2022-07-14 12:00:00",N,NORTE,RR,RORAIMA,"TIPO I",TÉRMICA,Gás,"Jaguatirica II",RRJII,UTE.GN.RR.044619-0.01,8025400000
"2022-07-14 13:00:00",N,NORTE,RR,RORAIMA,"TIPO I",TÉRMICA,Gás,"Jaguatirica II",RRJII,UTE.GN.RR.044619-0.01,7557800000
"2022-07-14 14:00:00",N,NORTE,RR,RORAIMA,"TIPO I",TÉRMICA,Gás,"Jaguatirica II",RRJII,UTE.GN.RR.044619-0.01,7525100000
"2022-07-14 15:00:00",N,NORTE,RR,RORAIMA,"TIPO I",TÉRMICA,Gás,"Jaguatirica II",RRJII,UTE.GN.RR.044619-0.01,7937500000
"2022-07-14 16:00:00",N,NORTE,RR,RORAIMA,"TIPO I",TÉRMICA,Gás,"Jaguatirica II",RRJII,UTE.GN.RR.044619-0.01,8026800000
"2022-07-14 17:00:00",N,NORTE,RR,RORAIMA,"TIPO I",TÉRMICA,Gás,"Jaguatirica II",RRJII,UTE.GN.RR.044619-0.01,8026100000
"2022-07-14 18:00:00",N,NORTE,RR,RORAIMA,"TIPO I",TÉRMICA,Gás,"Jaguatirica II",RRJII,UTE.GN.RR.044619-0.01,7636900000
"2022-07-14 19:00:00",N,NORTE,RR,RORAIMA,"TIPO I",TÉRMICA,Gás,"Jaguatirica II",RRJII,UTE.GN.RR.044619-0.01,7738500000
"2022-07-14 20:00:00",N,NORTE,RR,RORAIMA,"TIPO I",TÉRMICA,Gás,"Jaguatirica II",RRJII,UTE.GN.RR.044619-0.01,8514800000
"2022-07-14 21:00:00",N,NORTE,RR,RORAIMA,"TIPO I",TÉRMICA,Gás,"Jaguatirica II",RRJII,UTE.GN.RR.044619-0.01,8712900000
"2022-07-14 22:00:00",N,NORTE,RR,RORAIMA,"TIPO I",TÉRMICA,Gás,"Jaguatirica II",RRJII,UTE.GN.RR.044619-0.01,9147800000
"2022-07-14 23:00:00",N,NORTE,RR,RORAIMA,"TIPO I",TÉRMICA,Gás,"Jaguatirica II",RRJII,UTE.GN.RR.044619-0.01,9820700000
"2022-07-15 00:00:00",N,NORTE,RR,RORAIMA,"TIPO I",TÉRMICA,Gás,"Jaguatirica II",RRJII,UTE.GN.RR.044619-0.01,9981000000
"2022-07-15 01:00:00",N,NORTE,RR,RORAIMA,"TIPO I",TÉRMICA,Gás,"Jaguatirica II",RRJII,UTE.GN.RR.044619-0.01,9640400000
"2022-07-15 02:00:00",N,NORTE,RR,RORAIMA,"TIPO I",TÉRMICA,Gás,"Jaguatirica II",RRJII,UTE.GN.RR.044619-0.01,9522800000
"2022-07-15 03:00:00",N,NORTE,RR,RORAIMA,"TIPO I",TÉRMICA,Gás,"Jaguatirica II",RRJII,UTE.GN.RR.044619-0.01,9110200000
"2022-07-15 04:00:00",N,NORTE,RR,RORAIMA,"TIPO I",TÉRMICA,Gás,"Jaguatirica II",RRJII,UTE.GN.RR.044619-0.01,8602600000
"2022-07-15 05:00:00",N,NORTE,RR,RORAIMA,"TIPO I",TÉRMICA,Gás,"Jaguatirica II",RRJII,UTE.GN.RR.044619-0.01,8180200000
"2022-07-15 06:00:00",N,NORTE,RR,RORAIMA,"TIPO I",TÉRMICA,Gás,"Jaguatirica II",RRJII,UTE.GN.RR.044619-0.01,8042300000
"2022-07-15 07:00:00",N,NORTE,RR,RORAIMA,"TIPO I",TÉRMICA,Gás,"Jaguatirica II",RRJII,UTE.GN.RR.044619-0.01,6907400000
"2022-07-15 08:00:00",N,NORTE,RR,RORAIMA,"TIPO I",TÉRMICA,Gás,"Jaguatirica II",RRJII,UTE.GN.RR.044619-0.01,6415700000
"2022-07-15 09:00:00",N,NORTE,RR,RORAIMA,"TIPO I",TÉRMICA,Gás,"Jaguatirica II",RRJII,UTE.GN.RR.044619-0.01,6772900000
"2022-07-15 10:00:00",N,NORTE,RR,RORAIMA,"TIPO I",TÉRMICA,Gás,"Jaguatirica II",RRJII,UTE.GN.RR.044619-0.01,6868800000
"2022-07-15 11:00:00",N,NORTE,RR,RORAIMA,"TIPO I",TÉRMICA,Gás,"Jaguatirica II",RRJII,UTE.GN.RR.044619-0.01,6840900000
"2022-07-15 12:00:00",N,NORTE,RR,RORAIMA,"TIPO I",TÉRMICA,Gás,"Jaguatirica II",RRJII,UTE.GN.RR.044619-0.01,6815300000
"2022-07-15 13:00:00",N,NORTE,RR,RORAIMA,"TIPO I",TÉRMICA,Gás,"Jaguatirica II",RRJII,UTE.GN.RR.044619-0.01,6532700000
"2022-07-15 14:00:00",N,NORTE,RR,RORAIMA,"TIPO I",TÉRMICA,Gás,"Jaguatirica II",RRJII,UTE.GN.RR.044619-0.01,6603300000
"2022-07-15 15:00:00",N,NORTE,RR,RORAIMA,"TIPO I",TÉRMICA,Gás,"Jaguatirica II",RRJII,UTE.GN.RR.044619-0.01,6814200000
"2022-07-15 16:00:00",N,NORTE,RR,RORAIMA,"TIPO I",TÉRMICA,Gás,"Jaguatirica II",RRJII,UTE.GN.RR.044619-0.01,6876100000
"2022-07-15 17:00:00",N,NORTE,RR,RORAIMA,"TIPO I",TÉRMICA,Gás,"Jaguatirica II",RRJII,UTE.GN.RR.044619-0.01,6867500000
"2022-07-15 18:00:00",N,NORTE,RR,RORAIMA,"TIPO I",TÉRMICA,Gás,"Jaguatirica II",RRJII,UTE.GN.RR.044619-0.01,6842700000
"2022-07-15 19:00:00",N,NORTE,RR,RORAIMA,"TIPO I",TÉRMICA,Gás,"Jaguatirica II",RRJII,UTE.GN.RR.044619-0.01,6817700000
"2022-07-15 20:00:00",N,NORTE,RR,RORAIMA,"TIPO I",TÉRMICA,Gás,"Jaguatirica II",RRJII,UTE.GN.RR.044619-0.01,6834500000
"2022-07-15 21:00:00",N,NORTE,RR,RORAIMA,"TIPO I",TÉRMICA,Gás,"Jaguatirica II",RRJII,UTE.GN.RR.044619-0.01,6860500000
"2022-07-15 22:00:00",N,NORTE,RR,RORAIMA,"TIPO I",TÉRMICA,Gás,"Jaguatirica II",RRJII,UTE.GN.RR.044619-0.01,6846100000
"2022-07-15 23:00:00",N,NORTE,RR,RORAIMA,"TIPO I",TÉRMICA,Gás,"Jaguatirica II",RRJII,UTE.GN.RR.044619-0.01,6880900000
"2022-07-16 00:00:00",N,NORTE,RR,RORAIMA,"TIPO I",TÉRMICA,Gás,"Jaguatirica II",RRJII,UTE.GN.RR.044619-0.01,6884600000
"2022-07-16 01:00:00",N,NORTE,RR,RORAIMA,"TIPO I",TÉRMICA,Gás,"Jaguatirica II",RRJII,UTE.GN.RR.044619-0.01,6861400000
"2022-07-16 02:00:00",N,NORTE,RR,RORAIMA,"TIPO I",TÉRMICA,Gás,"Jaguatirica II",RRJII,UTE.GN.RR.044619-0.01,6773200000
"2022-07-16 03:00:00",N,NORTE,RR,RORAIMA,"TIPO I",TÉRMICA,Gás,"Jaguatirica II",RRJII,UTE.GN.RR.044619-0.01,6432900000
"2022-07-16 04:00:00",N,NORTE,RR,RORAIMA,"TIPO I",TÉRMICA,Gás,"Jaguatirica II",RRJII,UTE.GN.RR.044619-0.01,6433600000
"2022-07-16 05:00:00",N,NORTE,RR,RORAIMA,"TIPO I",TÉRMICA,Gás,"Jaguatirica II",RRJII,UTE.GN.RR.044619-0.01,6431900000
"2022-07-16 06:00:00",N,NORTE,RR,RORAIMA,"TIPO I",TÉRMICA,Gás,"Jaguatirica II",RRJII,UTE.GN.RR.044619-0.01,6385500000
"2022-07-16 07:00:00",N,NORTE,RR,RORAIMA,"TIPO I",TÉRMICA,Gás,"Jaguatirica II",RRJII,UTE.GN.RR.044619-0.01,5383700000
"2022-07-16 08:00:00",N,NORTE,RR,RORAIMA,"TIPO I",TÉRMICA,Gás,"Jaguatirica II",RRJII,UTE.GN.RR.044619-0.01,4941100000
"2022-07-16 09:00:00",N,NORTE,RR,RORAIMA,"TIPO I",TÉRMICA,Gás,"Jaguatirica II",RRJII,UTE.GN.RR.044619-0.01,5308500000
"2022-07-16 10:00:00",N,NORTE,RR,RORAIMA,"TIPO I",TÉRMICA,Gás,"Jaguatirica II",RRJII,UTE.GN.RR.044619-0.01,5992500000
"2022-07-16 11:00:00",N,NORTE,RR,RORAIMA,"TIPO I",TÉRMICA,Gás,"Jaguatirica II",RRJII,UTE.GN.RR.044619-0.01,5989500000
"2022-07-16 12:00:00",N,NORTE,RR,RORAIMA,"TIPO I",TÉRMICA,Gás,"Jaguatirica II",RRJII,UTE.GN.RR.044619-0.01,6523900000
"2022-07-16 13:00:00",N,NORTE,RR,RORAIMA,"TIPO I",TÉRMICA,Gás,"Jaguatirica II",RRJII,UTE.GN.RR.044619-0.01,6692700000
"2022-07-16 14:00:00",N,NORTE,RR,RORAIMA,"TIPO I",TÉRMICA,Gás,"Jaguatirica II",RRJII,UTE.GN.RR.044619-0.01,6849500000
"2022-07-16 15:00:00",N,NORTE,RR,RORAIMA,"TIPO I",TÉRMICA,Gás,"Jaguatirica II",RRJII,UTE.GN.RR.044619-0.01,6856700000
"2022-07-16 16:00:00",N,NORTE,RR,RORAIMA,"TIPO I",TÉRMICA,Gás,"Jaguatirica II",RRJII,UTE.GN.RR.044619-0.01,6830300000
"2022-07-16 17:00:00",N,NORTE,RR,RORAIMA,"TIPO I",TÉRMICA,Gás,"Jaguatirica II",RRJII,UTE.GN.RR.044619-0.01,6858500000
"2022-07-16 18:00:00",N,NORTE,RR,RORAIMA,"TIPO I",TÉRMICA,Gás,"Jaguatirica II",RRJII,UTE.GN.RR.044619-0.01,6844900000
"2022-07-16 19:00:00",N,NORTE,RR,RORAIMA,"TIPO I",TÉRMICA,Gás,"Jaguatirica II",RRJII,UTE.GN.RR.044619-0.01,6876900000
"2022-07-16 20:00:00",N,NORTE,RR,RORAIMA,"TIPO I",TÉRMICA,Gás,"Jaguatirica II",RRJII,UTE.GN.RR.044619-0.01,6873800000
"2022-07-16 21:00:00",N,NORTE,RR,RORAIMA,"TIPO I",TÉRMICA,Gás,"Jaguatirica II",RRJII,UTE.GN.RR.044619-0.01,6858900000
"2022-07-16 22:00:00",N,NORTE,RR,RORAIMA,"TIPO I",TÉRMICA,Gás,"Jaguatirica II",RRJII,UTE.GN.RR.044619-0.01,6876300000
"2022-07-16 23:00:00",N,NORTE,RR,RORAIMA,"TIPO I",TÉRMICA,Gás,"Jaguatirica II",RRJII,UTE.GN.RR.044619-0.01,6886500000
"2022-07-17 00:00:00",N,NORTE,RR,RORAIMA,"TIPO I",TÉRMICA,Gás,"Jaguatirica II",RRJII,UTE.GN.RR.044619-0.01,6873700000
"2022-07-17 01:00:00",N,NORTE,RR,RORAIMA,"TIPO I",TÉRMICA,Gás,"Jaguatirica II",RRJII,UTE.GN.RR.044619-0.01,6884300000
"2022-07-17 02:00:00",N,NORTE,RR,RORAIMA,"TIPO I",TÉRMICA,Gás,"Jaguatirica II",RRJII,UTE.GN.RR.044619-0.01,6902700000
"2022-07-17 03:00:00",N,NORTE,RR,RORAIMA,"TIPO I",TÉRMICA,Gás,"Jaguatirica II",RRJII,UTE.GN.RR.044619-0.01,6873100000
"2022-07-17 04:00:00",N,NORTE,RR,RORAIMA,"TIPO I",TÉRMICA,Gás,"Jaguatirica II",RRJII,UTE.GN.RR.044619-0.01,6950900000
"2022-07-17 05:00:00",N,NORTE,RR,RORAIMA,"TIPO I",TÉRMICA,Gás,"Jaguatirica II",RRJII,UTE.GN.RR.044619-0.01,5583500000
"2022-07-17 06:00:00",N,NORTE,RR,RORAIMA,"TIPO I",TÉRMICA,Gás,"Jaguatirica II",RRJII,UTE.GN.RR.044619-0.01,5930100000
"2022-07-17 07:00:00",N,NORTE,RR,RORAIMA,"TIPO I",TÉRMICA,Gás,"Jaguatirica II",RRJII,UTE.GN.RR.044619-0.01,6463700000
"2022-07-17 08:00:00",N,NORTE,RR,RORAIMA,"TIPO I",TÉRMICA,Gás,"Jaguatirica II",RRJII,UTE.GN.RR.044619-0.01,7051800000
"2022-07-17 09:00:00",N,NORTE,RR,RORAIMA,"TIPO I",TÉRMICA,Gás,"Jaguatirica II",RRJII,UTE.GN.RR.044619-0.01,6883900000
"2022-07-17 10:00:00",N,NORTE,RR,RORAIMA,"TIPO I",TÉRMICA,Gás,"Jaguatirica II",RRJII,UTE.GN.RR.044619-0.01,6733300000
"2022-07-17 11:00:00",N,NORTE,RR,RORAIMA,"TIPO I",TÉRMICA,Gás,"Jaguatirica II",RRJII,UTE.GN.RR.044619-0.01,6188600000
"2022-07-17 12:00:00",N,NORTE,RR,RORAIMA,"TIPO I",TÉRMICA,Gás,"Jaguatirica II",RRJII,UTE.GN.RR.044619-0.01,5819800000
"2022-07-17 13:00:00",N,NORTE,RR,RORAIMA,"TIPO I",TÉRMICA,Gás,"Jaguatirica II",RRJII,UTE.GN.RR.044619-0.01,6773100000
"2022-07-17 14:00:00",N,NORTE,RR,RORAIMA,"TIPO I",TÉRMICA,Gás,"Jaguatirica II",RRJII,UTE.GN.RR.044619-0.01,6873700000
"2022-07-17 15:00:00",N,NORTE,RR,RORAIMA,"TIPO I",TÉRMICA,Gás,"Jaguatirica II",RRJII,UTE.GN.RR.044619-0.01,7388600000
"2022-07-17 16:00:00",N,NORTE,RR,RORAIMA,"TIPO I",TÉRMICA,Gás,"Jaguatirica II",RRJII,UTE.GN.RR.044619-0.01,4692100000
"2022-07-17 17:00:00",N,NORTE,RR,RORAIMA,"TIPO I",TÉRMICA,Gás,"Jaguatirica II",RRJII,UTE.GN.RR.044619-0.01,4712100000
"2022-07-17 18:00:00",N,NORTE,RR,RORAIMA,"TIPO I",TÉRMICA,Gás,"Jaguatirica II",RRJII,UTE.GN.RR.044619-0.01,4936500000
"2022-07-17 19:00:00",N,NORTE,RR,RORAIMA,"TIPO I",TÉRMICA,Gás,"Jaguatirica II",RRJII,UTE.GN.RR.044619-0.01,6498500000
"2022-07-17 20:00:00",N,NORTE,RR,RORAIMA,"TIPO I",TÉRMICA,Gás,"Jaguatirica II",RRJII,UTE.GN.RR.044619-0.01,9352100000
"2022-07-17 21:00:00",N,NORTE,RR,RORAIMA,"TIPO I",TÉRMICA,Gás,"Jaguatirica II",RRJII,UTE.GN.RR.044619-0.01,9780600000
"2022-07-17 22:00:00",N,NORTE,RR,RORAIMA,"TIPO I",TÉRMICA,Gás,"Jaguatirica II",RRJII,UTE.GN.RR.044619-0.01,9749100000
"2022-07-17 23:00:00",N,NORTE,RR,RORAIMA,"TIPO I",TÉRMICA,Gás,"Jaguatirica II",RRJII,UTE.GN.RR.044619-0.01,9979600000
"2022-07-18 00:00:00",N,NORTE,RR,RORAIMA,"TIPO I",TÉRMICA,Gás,"Jaguatirica II",RRJII,UTE.GN.RR.044619-0.01,9857000000
"2022-07-18 01:00:00",N,NORTE,RR,RORAIMA,"TIPO I",TÉRMICA,Gás,"Jaguatirica II",RRJII,UTE.GN.RR.044619-0.01,9180800000
"2022-07-18 02:00:00",N,NORTE,RR,RORAIMA,"TIPO I",TÉRMICA,Gás,"Jaguatirica II",RRJII,UTE.GN.RR.044619-0.01,9252600000
"2022-07-18 03:00:00",N,NORTE,RR,RORAIMA,"TIPO I",TÉRMICA,Gás,"Jaguatirica II",RRJII,UTE.GN.RR.044619-0.01,10701400000
"2022-07-18 04:00:00",N,NORTE,RR,RORAIMA,"TIPO I",TÉRMICA,Gás,"Jaguatirica II",RRJII,UTE.GN.RR.044619-0.01,10640600000
"2022-07-18 05:00:00",N,NORTE,RR,RORAIMA,"TIPO I",TÉRMICA,Gás,"Jaguatirica II",RRJII,UTE.GN.RR.044619-0.01,9598000000
"2022-07-18 06:00:00",N,NORTE,RR,RORAIMA,"TIPO I",TÉRMICA,Gás,"Jaguatirica II",RRJII,UTE.GN.RR.044619-0.01,3787900000
"2022-07-18 07:00:00",N,NORTE,RR,RORAIMA,"TIPO I",TÉRMICA,Gás,"Jaguatirica II",RRJII,UTE.GN.RR.044619-0.01,3011000000
"2022-07-18 08:00:00",N,NORTE,RR,RORAIMA,"TIPO I",TÉRMICA,Gás,"Jaguatirica II",RRJII,UTE.GN.RR.044619-0.01,4743400000
"2022-07-18 09:00:00",N,NORTE,RR,RORAIMA,"TIPO I",TÉRMICA,Gás,"Jaguatirica II",RRJII,UTE.GN.RR.044619-0.01,5141800000
"2022-07-18 10:00:00",N,NORTE,RR,RORAIMA,"TIPO I",TÉRMICA,Gás,"Jaguatirica II",RRJII,UTE.GN.RR.044619-0.01,5991500000
"2022-07-18 11:00:00",N,NORTE,RR,RORAIMA,"TIPO I",TÉRMICA,Gás,"Jaguatirica II",RRJII,UTE.GN.RR.044619-0.01,6639500000
"2022-07-18 12:00:00",N,NORTE,RR,RORAIMA,"TIPO I",TÉRMICA,Gás,"Jaguatirica II",RRJII,UTE.GN.RR.044619-0.01,8760800000
"2022-07-18 13:00:00",N,NORTE,RR,RORAIMA,"TIPO I",TÉRMICA,Gás,"Jaguatirica II",RRJII,UTE.GN.RR.044619-0.01,9051100000
"2022-07-18 14:00:00",N,NORTE,RR,RORAIMA,"TIPO I",TÉRMICA,Gás,"Jaguatirica II",RRJII,UTE.GN.RR.044619-0.01,9944000000
"2022-07-18 15:00:00",N,NORTE,RR,RORAIMA,"TIPO I",TÉRMICA,Gás,"Jaguatirica II",RRJII,UTE.GN.RR.044619-0.01,9946800000
"2022-07-18 16:00:00",N,NORTE,RR,RORAIMA,"TIPO I",TÉRMICA,Gás,"Jaguatirica II",RRJII,UTE.GN.RR.044619-0.01,9819200000
"2022-07-18 17:00:00",N,NORTE,RR,RORAIMA,"TIPO I",TÉRMICA,Gás,"Jaguatirica II",RRJII,UTE.GN.RR.044619-0.01,9574000000
"2022-07-18 18:00:00",N,NORTE,RR,RORAIMA,"TIPO I",TÉRMICA,Gás,"Jaguatirica II",RRJII,UTE.GN.RR.044619-0.01,9121000000
"2022-07-18 19:00:00",N,NORTE,RR,RORAIMA,"TIPO I",TÉRMICA,Gás,"Jaguatirica II",RRJII,UTE.GN.RR.044619-0.01,8551500000
"2022-07-18 20:00:00",N,NORTE,RR,RORAIMA,"TIPO I",TÉRMICA,Gás,"Jaguatirica II",RRJII,UTE.GN.RR.044619-0.01,9074400000
"2022-07-18 21:00:00",N,NORTE,RR,RORAIMA,"TIPO I",TÉRMICA,Gás,"Jaguatirica II",RRJII,UTE.GN.RR.044619-0.01,9690600000
"2022-07-18 22:00:00",N,NORTE,RR,RORAIMA,"TIPO I",TÉRMICA,Gás,"Jaguatirica II",RRJII,UTE.GN.RR.044619-0.01,9991100000
"2022-07-18 23:00:00",N,NORTE,RR,RORAIMA,"TIPO I",TÉRMICA,Gás,"Jaguatirica II",RRJII,UTE.GN.RR.044619-0.01,9993600000
"2022-07-19 00:00:00",N,NORTE,RR,RORAIMA,"TIPO I",TÉRMICA,Gás,"Jaguatirica II",RRJII,UTE.GN.RR.044619-0.01,9992400000
"2022-07-19 01:00:00",N,NORTE,RR,RORAIMA,"TIPO I",TÉRMICA,Gás,"Jaguatirica II",RRJII,UTE.GN.RR.044619-0.01,9828900000
"2022-07-19 02:00:00",N,NORTE,RR,RORAIMA,"TIPO I",TÉRMICA,Gás,"Jaguatirica II",RRJII,UTE.GN.RR.044619-0.01,9098000000
"2022-07-19 03:00:00",N,NORTE,RR,RORAIMA,"TIPO I",TÉRMICA,Gás,"Jaguatirica II",RRJII,UTE.GN.RR.044619-0.01,8508700000
"2022-07-19 04:00:00",N,NORTE,RR,RORAIMA,"TIPO I",TÉRMICA,Gás,"Jaguatirica II",RRJII,UTE.GN.RR.044619-0.01,8452300000
"2022-07-19 05:00:00",N,NORTE,RR,RORAIMA,"TIPO I",TÉRMICA,Gás,"Jaguatirica II",RRJII,UTE.GN.RR.044619-0.01,8065200000
"2022-07-19 06:00:00",N,NORTE,RR,RORAIMA,"TIPO I",TÉRMICA,Gás,"Jaguatirica II",RRJII,UTE.GN.RR.044619-0.01,8064400000
"2022-07-19 07:00:00",N,NORTE,RR,RORAIMA,"TIPO I",TÉRMICA,Gás,"Jaguatirica II",RRJII,UTE.GN.RR.044619-0.01,7557600000
"2022-07-19 08:00:00",N,NORTE,RR,RORAIMA,"TIPO I",TÉRMICA,Gás,"Jaguatirica II",RRJII,UTE.GN.RR.044619-0.01,6807500000
"2022-07-19 09:00:00",N,NORTE,RR,RORAIMA,"TIPO I",TÉRMICA,Gás,"Jaguatirica II",RRJII,UTE.GN.RR.044619-0.01,6884700000
"2022-07-19 10:00:00",N,NORTE,RR,RORAIMA,"TIPO I",TÉRMICA,Gás,"Jaguatirica II",RRJII,UTE.GN.RR.044619-0.01,6842300000
"2022-07-19 11:00:00",N,NORTE,RR,RORAIMA,"TIPO I",TÉRMICA,Gás,"Jaguatirica II",RRJII,UTE.GN.RR.044619-0.01,6800000000
"2022-07-19 12:00:00",N,NORTE,RR,RORAIMA,"TIPO I",TÉRMICA,Gás,"Jaguatirica II",RRJII,UTE.GN.RR.044619-0.01,6853300000
"2022-07-19 13:00:00",N,NORTE,RR,RORAIMA,"TIPO I",TÉRMICA,Gás,"Jaguatirica II",RRJII,UTE.GN.RR.044619-0.01,6872700000
"2022-07-19 14:00:00",N,NORTE,RR,RORAIMA,"TIPO I",TÉRMICA,Gás,"Jaguatirica II",RRJII,UTE.GN.RR.044619-0.01,6842400000
"2022-07-19 15:00:00",N,NORTE,RR,RORAIMA,"TIPO I",TÉRMICA,Gás,"Jaguatirica II",RRJII,UTE.GN.RR.044619-0.01,6833000000
"2022-07-19 16:00:00",N,NORTE,RR,RORAIMA,"TIPO I",TÉRMICA,Gás,"Jaguatirica II",RRJII,UTE.GN.RR.044619-0.01,6864600000
"2022-07-19 17:00:00",N,NORTE,RR,RORAIMA,"TIPO I",TÉRMICA,Gás,"Jaguatirica II",RRJII,UTE.GN.RR.044619-0.01,6847000000
"2022-07-19 18:00:00",N,NORTE,RR,RORAIMA,"TIPO I",TÉRMICA,Gás,"Jaguatirica II",RRJII,UTE.GN.RR.044619-0.01,6825000000
"2022-07-19 19:00:00",N,NORTE,RR,RORAIMA,"TIPO I",TÉRMICA,Gás,"Jaguatirica II",RRJII,UTE.GN.RR.044619-0.01,6829300000
"2022-07-19 20:00:00",N,NORTE,RR,RORAIMA,"TIPO I",TÉRMICA,Gás,"Jaguatirica II",RRJII,UTE.GN.RR.044619-0.01,6837700000
"2022-07-19 21:00:00",N,NORTE,RR,RORAIMA,"TIPO I",TÉRMICA,Gás,"Jaguatirica II",RRJII,UTE.GN.RR.044619-0.01,6823500000
"2022-07-19 22:00:00",N,NORTE,RR,RORAIMA,"TIPO I",TÉRMICA,Gás,"Jaguatirica II",RRJII,UTE.GN.RR.044619-0.01,6807500000
"2022-07-19 23:00:00",N,NORTE,RR,RORAIMA,"TIPO I",TÉRMICA,Gás,"Jaguatirica II",RRJII,UTE.GN.RR.044619-0.01,6832100000
"2022-07-20 00:00:00",N,NORTE,RR,RORAIMA,"TIPO I",TÉRMICA,Gás,"Jaguatirica II",RRJII,UTE.GN.RR.044619-0.01,6853500000
"2022-07-20 01:00:00",N,NORTE,RR,RORAIMA,"TIPO I",TÉRMICA,Gás,"Jaguatirica II",RRJII,UTE.GN.RR.044619-0.01,6857000000
"2022-07-20 02:00:00",N,NORTE,RR,RORAIMA,"TIPO I",TÉRMICA,Gás,"Jaguatirica II",RRJII,UTE.GN.RR.044619-0.01,6863700000
"2022-07-20 03:00:00",N,NORTE,RR,RORAIMA,"TIPO I",TÉRMICA,Gás,"Jaguatirica II",RRJII,UTE.GN.RR.044619-0.01,6842600000
"2022-07-20 04:00:00",N,NORTE,RR,RORAIMA,"TIPO I",TÉRMICA,Gás,"Jaguatirica II",RRJII,UTE.GN.RR.044619-0.01,6895300000
"2022-07-20 05:00:00",N,NORTE,RR,RORAIMA,"TIPO I",TÉRMICA,Gás,"Jaguatirica II",RRJII,UTE.GN.RR.044619-0.01,6897300000
"2022-07-20 06:00:00",N,NORTE,RR,RORAIMA,"TIPO I",TÉRMICA,Gás,"Jaguatirica II",RRJII,UTE.GN.RR.044619-0.01,6876800000
"2022-07-20 07:00:00",N,NORTE,RR,RORAIMA,"TIPO I",TÉRMICA,Gás,"Jaguatirica II",RRJII,UTE.GN.RR.044619-0.01,6863600000
"2022-07-20 08:00:00",N,NORTE,RR,RORAIMA,"TIPO I",TÉRMICA,Gás,"Jaguatirica II",RRJII,UTE.GN.RR.044619-0.01,6841600000
"2022-07-20 09:00:00",N,NORTE,RR,RORAIMA,"TIPO I",TÉRMICA,Gás,"Jaguatirica II",RRJII,UTE.GN.RR.044619-0.01,6827900000
"2022-07-20 10:00:00",N,NORTE,RR,RORAIMA,"TIPO I",TÉRMICA,Gás,"Jaguatirica II",RRJII,UTE.GN.RR.044619-0.01,6904600000
"2022-07-20 11:00:00",N,NORTE,RR,RORAIMA,"TIPO I",TÉRMICA,Gás,"Jaguatirica II",RRJII,UTE.GN.RR.044619-0.01,6875500000
"2022-07-20 12:00:00",N,NORTE,RR,RORAIMA,"TIPO I",TÉRMICA,Gás,"Jaguatirica II",RRJII,UTE.GN.RR.044619-0.01,6847300000
"2022-07-20 13:00:00",N,NORTE,RR,RORAIMA,"TIPO I",TÉRMICA,Gás,"Jaguatirica II",RRJII,UTE.GN.RR.044619-0.01,6889300000
"2022-07-20 14:00:00",N,NORTE,RR,RORAIMA,"TIPO I",TÉRMICA,Gás,"Jaguatirica II",RRJII,UTE.GN.RR.044619-0.01,6859900000
"2022-07-20 15:00:00",N,NORTE,RR,RORAIMA,"TIPO I",TÉRMICA,Gás,"Jaguatirica II",RRJII,UTE.GN.RR.044619-0.01,6830800000
"2022-07-20 16:00:00",N,NORTE,RR,RORAIMA,"TIPO I",TÉRMICA,Gás,"Jaguatirica II",RRJII,UTE.GN.RR.044619-0.01,6861600000
"2022-07-20 17:00:00",N,NORTE,RR,RORAIMA,"TIPO I",TÉRMICA,Gás,"Jaguatirica II",RRJII,UTE.GN.RR.044619-0.01,6874100000
"2022-07-20 18:00:00",N,NORTE,RR,RORAIMA,"TIPO I",TÉRMICA,Gás,"Jaguatirica II",RRJII,UTE.GN.RR.044619-0.01,6861500000
"2022-07-20 19:00:00",N,NORTE,RR,RORAIMA,"TIPO I",TÉRMICA,Gás,"Jaguatirica II",RRJII,UTE.GN.RR.044619-0.01,6847500000
"2022-07-20 20:00:00",N,NORTE,RR,RORAIMA,"TIPO I",TÉRMICA,Gás,"Jaguatirica II",RRJII,UTE.GN.RR.044619-0.01,6834400000
"2022-07-20 21:00:00",N,NORTE,RR,RORAIMA,"TIPO I",TÉRMICA,Gás,"Jaguatirica II",RRJII,UTE.GN.RR.044619-0.01,6868300000
"2022-07-20 22:00:00",N,NORTE,RR,RORAIMA,"TIPO I",TÉRMICA,Gás,"Jaguatirica II",RRJII,UTE.GN.RR.044619-0.01,6907900000
"2022-07-20 23:00:00",N,NORTE,RR,RORAIMA,"TIPO I",TÉRMICA,Gás,"Jaguatirica II",RRJII,UTE.GN.RR.044619-0.01,6900100000
"2022-07-21 00:00:00",N,NORTE,RR,RORAIMA,"TIPO I",TÉRMICA,Gás,"Jaguatirica II",RRJII,UTE.GN.RR.044619-0.01,6887000000
"2022-07-21 01:00:00",N,NORTE,RR,RORAIMA,"TIPO I",TÉRMICA,Gás,"Jaguatirica II",RRJII,UTE.GN.RR.044619-0.01,6860900000
"2022-07-21 02:00:00",N,NORTE,RR,RORAIMA,"TIPO I",TÉRMICA,Gás,"Jaguatirica II",RRJII,UTE.GN.RR.044619-0.01,6840800000
"2022-07-21 03:00:00",N,NORTE,RR,RORAIMA,"TIPO I",TÉRMICA,Gás,"Jaguatirica II",RRJII,UTE.GN.RR.044619-0.01,6817500000
"2022-07-21 04:00:00",N,NORTE,RR,RORAIMA,"TIPO I",TÉRMICA,Gás,"Jaguatirica II",RRJII,UTE.GN.RR.044619-0.01,6897500000
"2022-07-21 05:00:00",N,NORTE,RR,RORAIMA,"TIPO I",TÉRMICA,Gás,"Jaguatirica II",RRJII,UTE.GN.RR.044619-0.01,6897700000
"2022-07-21 06:00:00",N,NORTE,RR,RORAIMA,"TIPO I",TÉRMICA,Gás,"Jaguatirica II",RRJII,UTE.GN.RR.044619-0.01,6898300000
"2022-07-21 07:00:00",N,NORTE,RR,RORAIMA,"TIPO I",TÉRMICA,Gás,"Jaguatirica II",RRJII,UTE.GN.RR.044619-0.01,6488600000
"2022-07-21 08:00:00",N,NORTE,RR,RORAIMA,"TIPO I",TÉRMICA,Gás,"Jaguatirica II",RRJII,UTE.GN.RR.044619-0.01,6444300000
"2022-07-21 09:00:00",N,NORTE,RR,RORAIMA,"TIPO I",TÉRMICA,Gás,"Jaguatirica II",RRJII,UTE.GN.RR.044619-0.01,6889200000
"2022-07-21 10:00:00",N,NORTE,RR,RORAIMA,"TIPO I",TÉRMICA,Gás,"Jaguatirica II",RRJII,UTE.GN.RR.044619-0.01,6921600000
"2022-07-21 11:00:00",N,NORTE,RR,RORAIMA,"TIPO I",TÉRMICA,Gás,"Jaguatirica II",RRJII,UTE.GN.RR.044619-0.01,6907100000
"2022-07-21 12:00:00",N,NORTE,RR,RORAIMA,"TIPO I",TÉRMICA,Gás,"Jaguatirica II",RRJII,UTE.GN.RR.044619-0.01,6876900000
"2022-07-21 13:00:00",N,NORTE,RR,RORAIMA,"TIPO I",TÉRMICA,Gás,"Jaguatirica II",RRJII,UTE.GN.RR.044619-0.01,6875900000
"2022-07-21 14:00:00",N,NORTE,RR,RORAIMA,"TIPO I",TÉRMICA,Gás,"Jaguatirica II",RRJII,UTE.GN.RR.044619-0.01,6813700000
"2022-07-21 15:00:00",N,NORTE,RR,RORAIMA,"TIPO I",TÉRMICA,Gás,"Jaguatirica II",RRJII,UTE.GN.RR.044619-0.01,6886900000
"2022-07-21 16:00:00",N,NORTE,RR,RORAIMA,"TIPO I",TÉRMICA,Gás,"Jaguatirica II",RRJII,UTE.GN.RR.044619-0.01,6881600000
"2022-07-21 17:00:00",N,NORTE,RR,RORAIMA,"TIPO I",TÉRMICA,Gás,"Jaguatirica II",RRJII,UTE.GN.RR.044619-0.01,6889400000
"2022-07-21 18:00:00",N,NORTE,RR,RORAIMA,"TIPO I",TÉRMICA,Gás,"Jaguatirica II",RRJII,UTE.GN.RR.044619-0.01,6919000000
"2022-07-21 19:00:00",N,NORTE,RR,RORAIMA,"TIPO I",TÉRMICA,Gás,"Jaguatirica II",RRJII,UTE.GN.RR.044619-0.01,6915900000
"2022-07-21 20:00:00",N,NORTE,RR,RORAIMA,"TIPO I",TÉRMICA,Gás,"Jaguatirica II",RRJII,UTE.GN.RR.044619-0.01,6907600000
"2022-07-21 21:00:00",N,NORTE,RR,RORAIMA,"TIPO I",TÉRMICA,Gás,"Jaguatirica II",RRJII,UTE.GN.RR.044619-0.01,6882700000
"2022-07-21 22:00:00",N,NORTE,RR,RORAIMA,"TIPO I",TÉRMICA,Gás,"Jaguatirica II",RRJII,UTE.GN.RR.044619-0.01,6905200000
"2022-07-21 23:00:00",N,NORTE,RR,RORAIMA,"TIPO I",TÉRMICA,Gás,"Jaguatirica II",RRJII,UTE.GN.RR.044619-0.01,6942500000
"2022-07-22 00:00:00",N,NORTE,RR,RORAIMA,"TIPO I",TÉRMICA,Gás,"Jaguatirica II",RRJII,UTE.GN.RR.044619-0.01,6939100000
"2022-07-22 01:00:00",N,NORTE,RR,RORAIMA,"TIPO I",TÉRMICA,Gás,"Jaguatirica II",RRJII,UTE.GN.RR.044619-0.01,6920800000
"2022-07-22 02:00:00",N,NORTE,RR,RORAIMA,"TIPO I",TÉRMICA,Gás,"Jaguatirica II",RRJII,UTE.GN.RR.044619-0.01,6895800000
"2022-07-22 03:00:00",N,NORTE,RR,RORAIMA,"TIPO I",TÉRMICA,Gás,"Jaguatirica II",RRJII,UTE.GN.RR.044619-0.01,6873600000
"2022-07-22 04:00:00",N,NORTE,RR,RORAIMA,"TIPO I",TÉRMICA,Gás,"Jaguatirica II",RRJII,UTE.GN.RR.044619-0.01,6863000000
"2022-07-22 05:00:00",N,NORTE,RR,RORAIMA,"TIPO I",TÉRMICA,Gás,"Jaguatirica II",RRJII,UTE.GN.RR.044619-0.01,6946300000
"2022-07-22 06:00:00",N,NORTE,RR,RORAIMA,"TIPO I",TÉRMICA,Gás,"Jaguatirica II",RRJII,UTE.GN.RR.044619-0.01,6940300000
"2022-07-22 07:00:00",N,NORTE,RR,RORAIMA,"TIPO I",TÉRMICA,Gás,"Jaguatirica II",RRJII,UTE.GN.RR.044619-0.01,6465400000
"2022-07-22 08:00:00",N,NORTE,RR,RORAIMA,"TIPO I",TÉRMICA,Gás,"Jaguatirica II",RRJII,UTE.GN.RR.044619-0.01,6223200000
"2022-07-22 09:00:00",N,NORTE,RR,RORAIMA,"TIPO I",TÉRMICA,Gás,"Jaguatirica II",RRJII,UTE.GN.RR.044619-0.01,6540000000
"2022-07-22 10:00:00",N,NORTE,RR,RORAIMA,"TIPO I",TÉRMICA,Gás,"Jaguatirica II",RRJII,UTE.GN.RR.044619-0.01,6543000000
"2022-07-22 11:00:00",N,NORTE,RR,RORAIMA,"TIPO I",TÉRMICA,Gás,"Jaguatirica II",RRJII,UTE.GN.RR.044619-0.01,6574600000
"2022-07-22 12:00:00",N,NORTE,RR,RORAIMA,"TIPO I",TÉRMICA,Gás,"Jaguatirica II",RRJII,UTE.GN.RR.044619-0.01,6914200000
"2022-07-22 13:00:00",N,NORTE,RR,RORAIMA,"TIPO I",TÉRMICA,Gás,"Jaguatirica II",RRJII,UTE.GN.RR.044619-0.01,6928900000
"2022-07-22 14:00:00",N,NORTE,RR,RORAIMA,"TIPO I",TÉRMICA,Gás,"Jaguatirica II",RRJII,UTE.GN.RR.044619-0.01,6908200000
"2022-07-22 15:00:00",N,NORTE,RR,RORAIMA,"TIPO I",TÉRMICA,Gás,"Jaguatirica II",RRJII,UTE.GN.RR.044619-0.01,6905400000
"2022-07-22 16:00:00",N,NORTE,RR,RORAIMA,"TIPO I",TÉRMICA,Gás,"Jaguatirica II",RRJII,UTE.GN.RR.044619-0.01,6920500000
"2022-07-22 17:00:00",N,NORTE,RR,RORAIMA,"TIPO I",TÉRMICA,Gás,"Jaguatirica II",RRJII,UTE.GN.RR.044619-0.01,6910500000
"2022-07-22 18:00:00",N,NORTE,RR,RORAIMA,"TIPO I",TÉRMICA,Gás,"Jaguatirica II",RRJII,UTE.GN.RR.044619-0.01,6354600000
"2022-07-22 19:00:00",N,NORTE,RR,RORAIMA,"TIPO I",TÉRMICA,Gás,"Jaguatirica II",RRJII,UTE.GN.RR.044619-0.01,5840600000
"2022-07-22 20:00:00",N,NORTE,RR,RORAIMA,"TIPO I",TÉRMICA,Gás,"Jaguatirica II",RRJII,UTE.GN.RR.044619-0.01,5843100000
"2022-07-22 21:00:00",N,NORTE,RR,RORAIMA,"TIPO I",TÉRMICA,Gás,"Jaguatirica II",RRJII,UTE.GN.RR.044619-0.01,5839700000
"2022-07-22 22:00:00",N,NORTE,RR,RORAIMA,"TIPO I",TÉRMICA,Gás,"Jaguatirica II",RRJII,UTE.GN.RR.044619-0.01,5835500000
"2022-07-22 23:00:00",N,NORTE,RR,RORAIMA,"TIPO I",TÉRMICA,Gás,"Jaguatirica II",RRJII,UTE.GN.RR.044619-0.01,5801000000
"2022-07-23 00:00:00",N,NORTE,RR,RORAIMA,"TIPO I",TÉRMICA,Gás,"Jaguatirica II",RRJII,UTE.GN.RR.044619-0.01,5801700000
"2022-07-23 01:00:00",N,NORTE,RR,RORAIMA,"TIPO I",TÉRMICA,Gás,"Jaguatirica II",RRJII,UTE.GN.RR.044619-0.01,5815400000
"2022-07-23 02:00:00",N,NORTE,RR,RORAIMA,"TIPO I",TÉRMICA,Gás,"Jaguatirica II",RRJII,UTE.GN.RR.044619-0.01,5802600000
"2022-07-23 03:00:00",N,NORTE,RR,RORAIMA,"TIPO I",TÉRMICA,Gás,"Jaguatirica II",RRJII,UTE.GN.RR.044619-0.01,5827400000
"2022-07-23 04:00:00",N,NORTE,RR,RORAIMA,"TIPO I",TÉRMICA,Gás,"Jaguatirica II",RRJII,UTE.GN.RR.044619-0.01,5802000000
"2022-07-23 05:00:00",N,NORTE,RR,RORAIMA,"TIPO I",TÉRMICA,Gás,"Jaguatirica II",RRJII,UTE.GN.RR.044619-0.01,5825100000
"2022-07-23 06:00:00",N,NORTE,RR,RORAIMA,"TIPO I",TÉRMICA,Gás,"Jaguatirica II",RRJII,UTE.GN.RR.044619-0.01,5804800000
"2022-07-23 07:00:00",N,NORTE,RR,RORAIMA,"TIPO I",TÉRMICA,Gás,"Jaguatirica II",RRJII,UTE.GN.RR.044619-0.01,5807800000
"2022-07-23 08:00:00",N,NORTE,RR,RORAIMA,"TIPO I",TÉRMICA,Gás,"Jaguatirica II",RRJII,UTE.GN.RR.044619-0.01,5802600000
"2022-07-23 09:00:00",N,NORTE,RR,RORAIMA,"TIPO I",TÉRMICA,Gás,"Jaguatirica II",RRJII,UTE.GN.RR.044619-0.01,5800700000
"2022-07-23 10:00:00",N,NORTE,RR,RORAIMA,"TIPO I",TÉRMICA,Gás,"Jaguatirica II",RRJII,UTE.GN.RR.044619-0.01,5801100000
"2022-07-23 11:00:00",N,NORTE,RR,RORAIMA,"TIPO I",TÉRMICA,Gás,"Jaguatirica II",RRJII,UTE.GN.RR.044619-0.01,5801200000
"2022-07-23 12:00:00",N,NORTE,RR,RORAIMA,"TIPO I",TÉRMICA,Gás,"Jaguatirica II",RRJII,UTE.GN.RR.044619-0.01,5801300000
"2022-07-23 13:00:00",N,NORTE,RR,RORAIMA,"TIPO I",TÉRMICA,Gás,"Jaguatirica II",RRJII,UTE.GN.RR.044619-0.01,5614500000
"2022-07-23 14:00:00",N,NORTE,RR,RORAIMA,"TIPO I",TÉRMICA,Gás,"Jaguatirica II",RRJII,UTE.GN.RR.044619-0.01,5501100000
"2022-07-23 15:00:00",N,NORTE,RR,RORAIMA,"TIPO I",TÉRMICA,Gás,"Jaguatirica II",RRJII,UTE.GN.RR.044619-0.01,5501500000
"2022-07-23 16:00:00",N,NORTE,RR,RORAIMA,"TIPO I",TÉRMICA,Gás,"Jaguatirica II",RRJII,UTE.GN.RR.044619-0.01,5508400000
"2022-07-23 17:00:00",N,NORTE,RR,RORAIMA,"TIPO I",TÉRMICA,Gás,"Jaguatirica II",RRJII,UTE.GN.RR.044619-0.01,5500500000
"2022-07-23 18:00:00",N,NORTE,RR,RORAIMA,"TIPO I",TÉRMICA,Gás,"Jaguatirica II",RRJII,UTE.GN.RR.044619-0.01,5500500000
"2022-07-23 19:00:00",N,NORTE,RR,RORAIMA,"TIPO I",TÉRMICA,Gás,"Jaguatirica II",RRJII,UTE.GN.RR.044619-0.01,5617600000
"2022-07-23 20:00:00",N,NORTE,RR,RORAIMA,"TIPO I",TÉRMICA,Gás,"Jaguatirica II",RRJII,UTE.GN.RR.044619-0.01,5791100000
"2022-07-23 21:00:00",N,NORTE,RR,RORAIMA,"TIPO I",TÉRMICA,Gás,"Jaguatirica II",RRJII,UTE.GN.RR.044619-0.01,5791400000
"2022-07-23 22:00:00",N,NORTE,RR,RORAIMA,"TIPO I",TÉRMICA,Gás,"Jaguatirica II",RRJII,UTE.GN.RR.044619-0.01,5790900000
"2022-07-23 23:00:00",N,NORTE,RR,RORAIMA,"TIPO I",TÉRMICA,Gás,"Jaguatirica II",RRJII,UTE.GN.RR.044619-0.01,5792400000
"2022-07-24 00:00:00",N,NORTE,RR,RORAIMA,"TIPO I",TÉRMICA,Gás,"Jaguatirica II",RRJII,UTE.GN.RR.044619-0.01,5797700000
"2022-07-24 01:00:00",N,NORTE,RR,RORAIMA,"TIPO I",TÉRMICA,Gás,"Jaguatirica II",RRJII,UTE.GN.RR.044619-0.01,5801600000
"2022-07-24 02:00:00",N,NORTE,RR,RORAIMA,"TIPO I",TÉRMICA,Gás,"Jaguatirica II",RRJII,UTE.GN.RR.044619-0.01,5801600000
"2022-07-24 03:00:00",N,NORTE,RR,RORAIMA,"TIPO I",TÉRMICA,Gás,"Jaguatirica II",RRJII,UTE.GN.RR.044619-0.01,5800700000
"2022-07-24 04:00:00",N,NORTE,RR,RORAIMA,"TIPO I",TÉRMICA,Gás,"Jaguatirica II",RRJII,UTE.GN.RR.044619-0.01,5800600000
"2022-07-24 05:00:00",N,NORTE,RR,RORAIMA,"TIPO I",TÉRMICA,Gás,"Jaguatirica II",RRJII,UTE.GN.RR.044619-0.01,5801200000
"2022-07-24 06:00:00",N,NORTE,RR,RORAIMA,"TIPO I",TÉRMICA,Gás,"Jaguatirica II",RRJII,UTE.GN.RR.044619-0.01,5794200000
"2022-07-24 07:00:00",N,NORTE,RR,RORAIMA,"TIPO I",TÉRMICA,Gás,"Jaguatirica II",RRJII,UTE.GN.RR.044619-0.01,5802200000
"2022-07-24 08:00:00",N,NORTE,RR,RORAIMA,"TIPO I",TÉRMICA,Gás,"Jaguatirica II",RRJII,UTE.GN.RR.044619-0.01,5802400000
"2022-07-24 09:00:00",N,NORTE,RR,RORAIMA,"TIPO I",TÉRMICA,Gás,"Jaguatirica II",RRJII,UTE.GN.RR.044619-0.01,5776700000
"2022-07-24 10:00:00",N,NORTE,RR,RORAIMA,"TIPO I",TÉRMICA,Gás,"Jaguatirica II",RRJII,UTE.GN.RR.044619-0.01,5374300000
"2022-07-24 11:00:00",N,NORTE,RR,RORAIMA,"TIPO I",TÉRMICA,Gás,"Jaguatirica II",RRJII,UTE.GN.RR.044619-0.01,5223700000
"2022-07-24 12:00:00",N,NORTE,RR,RORAIMA,"TIPO I",TÉRMICA,Gás,"Jaguatirica II",RRJII,UTE.GN.RR.044619-0.01,5098100000
"2022-07-24 13:00:00",N,NORTE,RR,RORAIMA,"TIPO I",TÉRMICA,Gás,"Jaguatirica II",RRJII,UTE.GN.RR.044619-0.01,5101100000
"2022-07-24 14:00:00",N,NORTE,RR,RORAIMA,"TIPO I",TÉRMICA,Gás,"Jaguatirica II",RRJII,UTE.GN.RR.044619-0.01,5090100000
"2022-07-24 15:00:00",N,NORTE,RR,RORAIMA,"TIPO I",TÉRMICA,Gás,"Jaguatirica II",RRJII,UTE.GN.RR.044619-0.01,5365100000
"2022-07-24 16:00:00",N,NORTE,RR,RORAIMA,"TIPO I",TÉRMICA,Gás,"Jaguatirica II",RRJII,UTE.GN.RR.044619-0.01,5840400000
"2022-07-24 17:00:00",N,NORTE,RR,RORAIMA,"TIPO I",TÉRMICA,Gás,"Jaguatirica II",RRJII,UTE.GN.RR.044619-0.01,5841300000
"2022-07-24 18:00:00",N,NORTE,RR,RORAIMA,"TIPO I",TÉRMICA,Gás,"Jaguatirica II",RRJII,UTE.GN.RR.044619-0.01,5840900000
"2022-07-24 19:00:00",N,NORTE,RR,RORAIMA,"TIPO I",TÉRMICA,Gás,"Jaguatirica II",RRJII,UTE.GN.RR.044619-0.01,5841100000
"2022-07-24 20:00:00",N,NORTE,RR,RORAIMA,"TIPO I",TÉRMICA,Gás,"Jaguatirica II",RRJII,UTE.GN.RR.044619-0.01,5840100000
"2022-07-24 21:00:00",N,NORTE,RR,RORAIMA,"TIPO I",TÉRMICA,Gás,"Jaguatirica II",RRJII,UTE.GN.RR.044619-0.01,5841900000
"2022-07-24 22:00:00",N,NORTE,RR,RORAIMA,"TIPO I",TÉRMICA,Gás,"Jaguatirica II",RRJII,UTE.GN.RR.044619-0.01,5824400000
"2022-07-24 23:00:00",N,NORTE,RR,RORAIMA,"TIPO I",TÉRMICA,Gás,"Jaguatirica II",RRJII,UTE.GN.RR.044619-0.01,5772700000
"2022-07-25 00:00:00",N,NORTE,RR,RORAIMA,"TIPO I",TÉRMICA,Gás,"Jaguatirica II",RRJII,UTE.GN.RR.044619-0.01,5812600000
"2022-07-25 01:00:00",N,NORTE,RR,RORAIMA,"TIPO I",TÉRMICA,Gás,"Jaguatirica II",RRJII,UTE.GN.RR.044619-0.01,5813000000
"2022-07-25 02:00:00",N,NORTE,RR,RORAIMA,"TIPO I",TÉRMICA,Gás,"Jaguatirica II",RRJII,UTE.GN.RR.044619-0.01,5810200000
"2022-07-25 03:00:00",N,NORTE,RR,RORAIMA,"TIPO I",TÉRMICA,Gás,"Jaguatirica II",RRJII,UTE.GN.RR.044619-0.01,5810900000
"2022-07-25 04:00:00",N,NORTE,RR,RORAIMA,"TIPO I",TÉRMICA,Gás,"Jaguatirica II",RRJII,UTE.GN.RR.044619-0.01,5811500000
"2022-07-25 05:00:00",N,NORTE,RR,RORAIMA,"TIPO I",TÉRMICA,Gás,"Jaguatirica II",RRJII,UTE.GN.RR.044619-0.01,5813300000
"2022-07-25 06:00:00",N,NORTE,RR,RORAIMA,"TIPO I",TÉRMICA,Gás,"Jaguatirica II",RRJII,UTE.GN.RR.044619-0.01,5809800000
"2022-07-25 07:00:00",N,NORTE,RR,RORAIMA,"TIPO I",TÉRMICA,Gás,"Jaguatirica II",RRJII,UTE.GN.RR.044619-0.01,5814000000
"2022-07-25 08:00:00",N,NORTE,RR,RORAIMA,"TIPO I",TÉRMICA,Gás,"Jaguatirica II",RRJII,UTE.GN.RR.044619-0.01,5810000000
"2022-07-25 09:00:00",N,NORTE,RR,RORAIMA,"TIPO I",TÉRMICA,Gás,"Jaguatirica II",RRJII,UTE.GN.RR.044619-0.01,5812000000
"2022-07-25 10:00:00",N,NORTE,RR,RORAIMA,"TIPO I",TÉRMICA,Gás,"Jaguatirica II",RRJII,UTE.GN.RR.044619-0.01,5809200000
"2022-07-25 11:00:00",N,NORTE,RR,RORAIMA,"TIPO I",TÉRMICA,Gás,"Jaguatirica II",RRJII,UTE.GN.RR.044619-0.01,5821500000
"2022-07-25 12:00:00",N,NORTE,RR,RORAIMA,"TIPO I",TÉRMICA,Gás,"Jaguatirica II",RRJII,UTE.GN.RR.044619-0.01,5807500000
"2022-07-25 13:00:00",N,NORTE,RR,RORAIMA,"TIPO I",TÉRMICA,Gás,"Jaguatirica II",RRJII,UTE.GN.RR.044619-0.01,5814200000
"2022-07-25 14:00:00",N,NORTE,RR,RORAIMA,"TIPO I",TÉRMICA,Gás,"Jaguatirica II",RRJII,UTE.GN.RR.044619-0.01,5813600000
"2022-07-25 15:00:00",N,NORTE,RR,RORAIMA,"TIPO I",TÉRMICA,Gás,"Jaguatirica II",RRJII,UTE.GN.RR.044619-0.01,5816600000
"2022-07-25 16:00:00",N,NORTE,RR,RORAIMA,"TIPO I",TÉRMICA,Gás,"Jaguatirica II",RRJII,UTE.GN.RR.044619-0.01,5772800000
"2022-07-25 17:00:00",N,NORTE,RR,RORAIMA,"TIPO I",TÉRMICA,Gás,"Jaguatirica II",RRJII,UTE.GN.RR.044619-0.01,5250500000
"2022-07-25 18:00:00",N,NORTE,RR,RORAIMA,"TIPO I",TÉRMICA,Gás,"Jaguatirica II",RRJII,UTE.GN.RR.044619-0.01,5217500000
"2022-07-25 19:00:00",N,NORTE,RR,RORAIMA,"TIPO I",TÉRMICA,Gás,"Jaguatirica II",RRJII,UTE.GN.RR.044619-0.01,5190300000
"2022-07-25 20:00:00",N,NORTE,RR,RORAIMA,"TIPO I",TÉRMICA,Gás,"Jaguatirica II",RRJII,UTE.GN.RR.044619-0.01,5185900000
"2022-07-25 21:00:00",N,NORTE,RR,RORAIMA,"TIPO I",TÉRMICA,Gás,"Jaguatirica II",RRJII,UTE.GN.RR.044619-0.01,5177500000
"2022-07-25 22:00:00",N,NORTE,RR,RORAIMA,"TIPO I",TÉRMICA,Gás,"Jaguatirica II",RRJII,UTE.GN.RR.044619-0.01,5192200000
"2022-07-25 23:00:00",N,NORTE,RR,RORAIMA,"TIPO I",TÉRMICA,Gás,"Jaguatirica II",RRJII,UTE.GN.RR.044619-0.01,5201500000
"2022-07-26 00:00:00",N,NORTE,RR,RORAIMA,"TIPO I",TÉRMICA,Gás,"Jaguatirica II",RRJII,UTE.GN.RR.044619-0.01,5199200000
"2022-07-26 01:00:00",N,NORTE,RR,RORAIMA,"TIPO I",TÉRMICA,Gás,"Jaguatirica II",RRJII,UTE.GN.RR.044619-0.01,5200400000
"2022-07-26 02:00:00",N,NORTE,RR,RORAIMA,"TIPO I",TÉRMICA,Gás,"Jaguatirica II",RRJII,UTE.GN.RR.044619-0.01,5198200000
"2022-07-26 03:00:00",N,NORTE,RR,RORAIMA,"TIPO I",TÉRMICA,Gás,"Jaguatirica II",RRJII,UTE.GN.RR.044619-0.01,5202500000
"2022-07-26 04:00:00",N,NORTE,RR,RORAIMA,"TIPO I",TÉRMICA,Gás,"Jaguatirica II",RRJII,UTE.GN.RR.044619-0.01,5200100000
"2022-07-26 05:00:00",N,NORTE,RR,RORAIMA,"TIPO I",TÉRMICA,Gás,"Jaguatirica II",RRJII,UTE.GN.RR.044619-0.01,5198200000
"2022-07-26 06:00:00",N,NORTE,RR,RORAIMA,"TIPO I",TÉRMICA,Gás,"Jaguatirica II",RRJII,UTE.GN.RR.044619-0.01,5200100000
"2022-07-26 07:00:00",N,NORTE,RR,RORAIMA,"TIPO I",TÉRMICA,Gás,"Jaguatirica II",RRJII,UTE.GN.RR.044619-0.01,5198600000
"2022-07-26 08:00:00",N,NORTE,RR,RORAIMA,"TIPO I",TÉRMICA,Gás,"Jaguatirica II",RRJII,UTE.GN.RR.044619-0.01,5199700000
"2022-07-26 09:00:00",N,NORTE,RR,RORAIMA,"TIPO I",TÉRMICA,Gás,"Jaguatirica II",RRJII,UTE.GN.RR.044619-0.01,5212200000
"2022-07-26 10:00:00",N,NORTE,RR,RORAIMA,"TIPO I",TÉRMICA,Gás,"Jaguatirica II",RRJII,UTE.GN.RR.044619-0.01,5201900000
"2022-07-26 11:00:00",N,NORTE,RR,RORAIMA,"TIPO I",TÉRMICA,Gás,"Jaguatirica II",RRJII,UTE.GN.RR.044619-0.01,5208100000
"2022-07-26 12:00:00",N,NORTE,RR,RORAIMA,"TIPO I",TÉRMICA,Gás,"Jaguatirica II",RRJII,UTE.GN.RR.044619-0.01,5201500000
"2022-07-26 13:00:00",N,NORTE,RR,RORAIMA,"TIPO I",TÉRMICA,Gás,"Jaguatirica II",RRJII,UTE.GN.RR.044619-0.01,5215000000
"2022-07-26 14:00:00",N,NORTE,RR,RORAIMA,"TIPO I",TÉRMICA,Gás,"Jaguatirica II",RRJII,UTE.GN.RR.044619-0.01,5213200000
"2022-07-26 15:00:00",N,NORTE,RR,RORAIMA,"TIPO I",TÉRMICA,Gás,"Jaguatirica II",RRJII,UTE.GN.RR.044619-0.01,5204500000
"2022-07-26 16:00:00",N,NORTE,RR,RORAIMA,"TIPO I",TÉRMICA,Gás,"Jaguatirica II",RRJII,UTE.GN.RR.044619-0.01,5188200000
"2022-07-26 17:00:00",N,NORTE,RR,RORAIMA,"TIPO I",TÉRMICA,Gás,"Jaguatirica II",RRJII,UTE.GN.RR.044619-0.01,5202400000
"2022-07-26 18:00:00",N,NORTE,RR,RORAIMA,"TIPO I",TÉRMICA,Gás,"Jaguatirica II",RRJII,UTE.GN.RR.044619-0.01,4983600000
"2022-07-26 19:00:00",N,NORTE,RR,RORAIMA,"TIPO I",TÉRMICA,Gás,"Jaguatirica II",RRJII,UTE.GN.RR.044619-0.01,4988900000
"2022-07-26 20:00:00",N,NORTE,RR,RORAIMA,"TIPO I",TÉRMICA,Gás,"Jaguatirica II",RRJII,UTE.GN.RR.044619-0.01,4989200000
"2022-07-26 21:00:00",N,NORTE,RR,RORAIMA,"TIPO I",TÉRMICA,Gás,"Jaguatirica II",RRJII,UTE.GN.RR.044619-0.01,4988700000
"2022-07-26 22:00:00",N,NORTE,RR,RORAIMA,"TIPO I",TÉRMICA,Gás,"Jaguatirica II",RRJII,UTE.GN.RR.044619-0.01,4990200000
"2022-07-26 23:00:00",N,NORTE,RR,RORAIMA,"TIPO I",TÉRMICA,Gás,"Jaguatirica II",RRJII,UTE.GN.RR.044619-0.01,4987200000
"2022-07-27 00:00:00",N,NORTE,RR,RORAIMA,"TIPO I",TÉRMICA,Gás,"Jaguatirica II",RRJII,UTE.GN.RR.044619-0.01,4988700000
"2022-07-27 01:00:00",N,NORTE,RR,RORAIMA,"TIPO I",TÉRMICA,Gás,"Jaguatirica II",RRJII,UTE.GN.RR.044619-0.01,4985200000
"2022-07-27 02:00:00",N,NORTE,RR,RORAIMA,"TIPO I",TÉRMICA,Gás,"Jaguatirica II",RRJII,UTE.GN.RR.044619-0.01,4990300000
"2022-07-27 03:00:00",N,NORTE,RR,RORAIMA,"TIPO I",TÉRMICA,Gás,"Jaguatirica II",RRJII,UTE.GN.RR.044619-0.01,4988900000
"2022-07-27 04:00:00",N,NORTE,RR,RORAIMA,"TIPO I",TÉRMICA,Gás,"Jaguatirica II",RRJII,UTE.GN.RR.044619-0.01,4989900000
"2022-07-27 05:00:00",N,NORTE,RR,RORAIMA,"TIPO I",TÉRMICA,Gás,"Jaguatirica II",RRJII,UTE.GN.RR.044619-0.01,4989800000
"2022-07-27 06:00:00",N,NORTE,RR,RORAIMA,"TIPO I",TÉRMICA,Gás,"Jaguatirica II",RRJII,UTE.GN.RR.044619-0.01,4988200000
"2022-07-27 07:00:00",N,NORTE,RR,RORAIMA,"TIPO I",TÉRMICA,Gás,"Jaguatirica II",RRJII,UTE.GN.RR.044619-0.01,4992600000
"2022-07-27 08:00:00",N,NORTE,RR,RORAIMA,"TIPO I",TÉRMICA,Gás,"Jaguatirica II",RRJII,UTE.GN.RR.044619-0.01,4992800000
"2022-07-27 09:00:00",N,NORTE,RR,RORAIMA,"TIPO I",TÉRMICA,Gás,"Jaguatirica II",RRJII,UTE.GN.RR.044619-0.01,4987100000
"2022-07-27 10:00:00",N,NORTE,RR,RORAIMA,"TIPO I",TÉRMICA,Gás,"Jaguatirica II",RRJII,UTE.GN.RR.044619-0.01,4989700000
"2022-07-27 11:00:00",N,NORTE,RR,RORAIMA,"TIPO I",TÉRMICA,Gás,"Jaguatirica II",RRJII,UTE.GN.RR.044619-0.01,4987400000
"2022-07-27 12:00:00",N,NORTE,RR,RORAIMA,"TIPO I",TÉRMICA,Gás,"Jaguatirica II",RRJII,UTE.GN.RR.044619-0.01,4988100000
"2022-07-27 13:00:00",N,NORTE,RR,RORAIMA,"TIPO I",TÉRMICA,Gás,"Jaguatirica II",RRJII,UTE.GN.RR.044619-0.01,4985700000
"2022-07-27 14:00:00",N,NORTE,RR,RORAIMA,"TIPO I",TÉRMICA,Gás,"Jaguatirica II",RRJII,UTE.GN.RR.044619-0.01,5020200000
"2022-07-27 15:00:00",N,NORTE,RR,RORAIMA,"TIPO I",TÉRMICA,Gás,"Jaguatirica II",RRJII,UTE.GN.RR.044619-0.01,4992300000
"2022-07-27 16:00:00",N,NORTE,RR,RORAIMA,"TIPO I",TÉRMICA,Gás,"Jaguatirica II",RRJII,UTE.GN.RR.044619-0.01,4988000000
"2022-07-27 17:00:00",N,NORTE,RR,RORAIMA,"TIPO I",TÉRMICA,Gás,"Jaguatirica II",RRJII,UTE.GN.RR.044619-0.01,4987100000
"2022-07-27 18:00:00",N,NORTE,RR,RORAIMA,"TIPO I",TÉRMICA,Gás,"Jaguatirica II",RRJII,UTE.GN.RR.044619-0.01,4989500000
"2022-07-27 19:00:00",N,NORTE,RR,RORAIMA,"TIPO I",TÉRMICA,Gás,"Jaguatirica II",RRJII,UTE.GN.RR.044619-0.01,4988300000
"2022-07-27 20:00:00",N,NORTE,RR,RORAIMA,"TIPO I",TÉRMICA,Gás,"Jaguatirica II",RRJII,UTE.GN.RR.044619-0.01,4990100000
"2022-07-27 21:00:00",N,NORTE,RR,RORAIMA,"TIPO I",TÉRMICA,Gás,"Jaguatirica II",RRJII,UTE.GN.RR.044619-0.01,4989000000
"2022-07-27 22:00:00",N,NORTE,RR,RORAIMA,"TIPO I",TÉRMICA,Gás,"Jaguatirica II",RRJII,UTE.GN.RR.044619-0.01,4990200000
"2022-07-27 23:00:00",N,NORTE,RR,RORAIMA,"TIPO I",TÉRMICA,Gás,"Jaguatirica II",RRJII,UTE.GN.RR.044619-0.01,4988800000
"2022-07-28 00:00:00",N,NORTE,RR,RORAIMA,"TIPO I",TÉRMICA,Gás,"Jaguatirica II",RRJII,UTE.GN.RR.044619-0.01,5002200000
"2022-07-28 01:00:00",N,NORTE,RR,RORAIMA,"TIPO I",TÉRMICA,Gás,"Jaguatirica II",RRJII,UTE.GN.RR.044619-0.01,5000900000
"2022-07-28 02:00:00",N,NORTE,RR,RORAIMA,"TIPO I",TÉRMICA,Gás,"Jaguatirica II",RRJII,UTE.GN.RR.044619-0.01,4998400000
"2022-07-28 03:00:00",N,NORTE,RR,RORAIMA,"TIPO I",TÉRMICA,Gás,"Jaguatirica II",RRJII,UTE.GN.RR.044619-0.01,5000300000
"2022-07-28 04:00:00",N,NORTE,RR,RORAIMA,"TIPO I",TÉRMICA,Gás,"Jaguatirica II",RRJII,UTE.GN.RR.044619-0.01,5002000000
"2022-07-28 05:00:00",N,NORTE,RR,RORAIMA,"TIPO I",TÉRMICA,Gás,"Jaguatirica II",RRJII,UTE.GN.RR.044619-0.01,4995200000
"2022-07-28 06:00:00",N,NORTE,RR,RORAIMA,"TIPO I",TÉRMICA,Gás,"Jaguatirica II",RRJII,UTE.GN.RR.044619-0.01,4999900000
"2022-07-28 07:00:00",N,NORTE,RR,RORAIMA,"TIPO I",TÉRMICA,Gás,"Jaguatirica II",RRJII,UTE.GN.RR.044619-0.01,5000300000
"2022-07-28 08:00:00",N,NORTE,RR,RORAIMA,"TIPO I",TÉRMICA,Gás,"Jaguatirica II",RRJII,UTE.GN.RR.044619-0.01,5001800000
"2022-07-28 09:00:00",N,NORTE,RR,RORAIMA,"TIPO I",TÉRMICA,Gás,"Jaguatirica II",RRJII,UTE.GN.RR.044619-0.01,5004800000
"2022-07-28 10:00:00",N,NORTE,RR,RORAIMA,"TIPO I",TÉRMICA,Gás,"Jaguatirica II",RRJII,UTE.GN.RR.044619-0.01,4997800000
"2022-07-28 11:00:00",N,NORTE,RR,RORAIMA,"TIPO I",TÉRMICA,Gás,"Jaguatirica II",RRJII,UTE.GN.RR.044619-0.01,5018800000
"2022-07-28 12:00:00",N,NORTE,RR,RORAIMA,"TIPO I",TÉRMICA,Gás,"Jaguatirica II",RRJII,UTE.GN.RR.044619-0.01,4998000000
"2022-07-28 13:00:00",N,NORTE,RR,RORAIMA,"TIPO I",TÉRMICA,Gás,"Jaguatirica II",RRJII,UTE.GN.RR.044619-0.01,4998500000
"2022-07-28 14:00:00",N,NORTE,RR,RORAIMA,"TIPO I",TÉRMICA,Gás,"Jaguatirica II",RRJII,UTE.GN.RR.044619-0.01,5013400000
"2022-07-28 15:00:00",N,NORTE,RR,RORAIMA,"TIPO I",TÉRMICA,Gás,"Jaguatirica II",RRJII,UTE.GN.RR.044619-0.01,4995000000
"2022-07-28 16:00:00",N,NORTE,RR,RORAIMA,"TIPO I",TÉRMICA,Gás,"Jaguatirica II",RRJII,UTE.GN.RR.044619-0.01,5002100000
"2022-07-28 17:00:00",N,NORTE,RR,RORAIMA,"TIPO I",TÉRMICA,Gás,"Jaguatirica II",RRJII,UTE.GN.RR.044619-0.01,4998900000
"2022-07-28 18:00:00",N,NORTE,RR,RORAIMA,"TIPO I",TÉRMICA,Gás,"Jaguatirica II",RRJII,UTE.GN.RR.044619-0.01,4998000000
"2022-07-28 19:00:00",N,NORTE,RR,RORAIMA,"TIPO I",TÉRMICA,Gás,"Jaguatirica II",RRJII,UTE.GN.RR.044619-0.01,3726700000
"2022-07-28 20:00:00",N,NORTE,RR,RORAIMA,"TIPO I",TÉRMICA,Gás,"Jaguatirica II",RRJII,UTE.GN.RR.044619-0.01,2409900000
"2022-07-28 21:00:00",N,NORTE,RR,RORAIMA,"TIPO I",TÉRMICA,Gás,"Jaguatirica II",RRJII,UTE.GN.RR.044619-0.01,3101700000
"2022-07-28 22:00:00",N,NORTE,RR,RORAIMA,"TIPO I",TÉRMICA,Gás,"Jaguatirica II",RRJII,UTE.GN.RR.044619-0.01,3295200000
"2022-07-28 23:00:00",N,NORTE,RR,RORAIMA,"TIPO I",TÉRMICA,Gás,"Jaguatirica II",RRJII,UTE.GN.RR.044619-0.01,3290700000
"2022-07-29 00:00:00",N,NORTE,RR,RORAIMA,"TIPO I",TÉRMICA,Gás,"Jaguatirica II",RRJII,UTE.GN.RR.044619-0.01,3296400000
"2022-07-29 01:00:00",N,NORTE,RR,RORAIMA,"TIPO I",TÉRMICA,Gás,"Jaguatirica II",RRJII,UTE.GN.RR.044619-0.01,3235100000
"2022-07-29 02:00:00",N,NORTE,RR,RORAIMA,"TIPO I",TÉRMICA,Gás,"Jaguatirica II",RRJII,UTE.GN.RR.044619-0.01,2309700000
"2022-07-29 03:00:00",N,NORTE,RR,RORAIMA,"TIPO I",TÉRMICA,Gás,"Jaguatirica II",RRJII,UTE.GN.RR.044619-0.01,738100000
"2022-07-29 04:00:00",N,NORTE,RR,RORAIMA,"TIPO I",TÉRMICA,Gás,"Jaguatirica II",RRJII,UTE.GN.RR.044619-0.01,1686800000
"2022-07-29 05:00:00",N,NORTE,RR,RORAIMA,"TIPO I",TÉRMICA,Gás,"Jaguatirica II",RRJII,UTE.GN.RR.044619-0.01,4335100000
"2022-07-29 06:00:00",N,NORTE,RR,RORAIMA,"TIPO I",TÉRMICA,Gás,"Jaguatirica II",RRJII,UTE.GN.RR.044619-0.01,4989200000
"2022-07-29 07:00:00",N,NORTE,RR,RORAIMA,"TIPO I",TÉRMICA,Gás,"Jaguatirica II",RRJII,UTE.GN.RR.044619-0.01,4989400000
"2022-07-29 08:00:00",N,NORTE,RR,RORAIMA,"TIPO I",TÉRMICA,Gás,"Jaguatirica II",RRJII,UTE.GN.RR.044619-0.01,4991200000
"2022-07-29 09:00:00",N,NORTE,RR,RORAIMA,"TIPO I",TÉRMICA,Gás,"Jaguatirica II",RRJII,UTE.GN.RR.044619-0.01,4995300000
"2022-07-29 10:00:00",N,NORTE,RR,RORAIMA,"TIPO I",TÉRMICA,Gás,"Jaguatirica II",RRJII,UTE.GN.RR.044619-0.01,4993000000
"2022-07-29 11:00:00",N,NORTE,RR,RORAIMA,"TIPO I",TÉRMICA,Gás,"Jaguatirica II",RRJII,UTE.GN.RR.044619-0.01,5009000000
"2022-07-29 12:00:00",N,NORTE,RR,RORAIMA,"TIPO I",TÉRMICA,Gás,"Jaguatirica II",RRJII,UTE.GN.RR.044619-0.01,5015300000
"2022-07-29 13:00:00",N,NORTE,RR,RORAIMA,"TIPO I",TÉRMICA,Gás,"Jaguatirica II",RRJII,UTE.GN.RR.044619-0.01,4993500000
"2022-07-29 14:00:00",N,NORTE,RR,RORAIMA,"TIPO I",TÉRMICA,Gás,"Jaguatirica II",RRJII,UTE.GN.RR.044619-0.01,5013300000
"2022-07-29 15:00:00",N,NORTE,RR,RORAIMA,"TIPO I",TÉRMICA,Gás,"Jaguatirica II",RRJII,UTE.GN.RR.044619-0.01,4995500000
"2022-07-29 16:00:00",N,NORTE,RR,RORAIMA,"TIPO I",TÉRMICA,Gás,"Jaguatirica II",RRJII,UTE.GN.RR.044619-0.01,5004100000
"2022-07-29 17:00:00",N,NORTE,RR,RORAIMA,"TIPO I",TÉRMICA,Gás,"Jaguatirica II",RRJII,UTE.GN.RR.044619-0.01,4998500000
"2022-07-29 18:00:00",N,NORTE,RR,RORAIMA,"TIPO I",TÉRMICA,Gás,"Jaguatirica II",RRJII,UTE.GN.RR.044619-0.01,4976300000
"2022-07-29 19:00:00",N,NORTE,RR,RORAIMA,"TIPO I",TÉRMICA,Gás,"Jaguatirica II",RRJII,UTE.GN.RR.044619-0.01,5012300000
"2022-07-29 20:00:00",N,NORTE,RR,RORAIMA,"TIPO I",TÉRMICA,Gás,"Jaguatirica II",RRJII,UTE.GN.RR.044619-0.01,4987900000
"2022-07-29 21:00:00",N,NORTE,RR,RORAIMA,"TIPO I",TÉRMICA,Gás,"Jaguatirica II",RRJII,UTE.GN.RR.044619-0.01,4989300000
"2022-07-29 22:00:00",N,NORTE,RR,RORAIMA,"TIPO I",TÉRMICA,Gás,"Jaguatirica II",RRJII,UTE.GN.RR.044619-0.01,4991900000
"2022-07-29 23:00:00",N,NORTE,RR,RORAIMA,"TIPO I",TÉRMICA,Gás,"Jaguatirica II",RRJII,UTE.GN.RR.044619-0.01,4990000000
"2022-07-30 00:00:00",N,NORTE,RR,RORAIMA,"TIPO I",TÉRMICA,Gás,"Jaguatirica II",RRJII,UTE.GN.RR.044619-0.01,4992200000
"2022-07-30 01:00:00",N,NORTE,RR,RORAIMA,"TIPO I",TÉRMICA,Gás,"Jaguatirica II",RRJII,UTE.GN.RR.044619-0.01,4993200000
"2022-07-30 02:00:00",N,NORTE,RR,RORAIMA,"TIPO I",TÉRMICA,Gás,"Jaguatirica II",RRJII,UTE.GN.RR.044619-0.01,4992000000
"2022-07-30 03:00:00",N,NORTE,RR,RORAIMA,"TIPO I",TÉRMICA,Gás,"Jaguatirica II",RRJII,UTE.GN.RR.044619-0.01,4990200000
"2022-07-30 04:00:00",N,NORTE,RR,RORAIMA,"TIPO I",TÉRMICA,Gás,"Jaguatirica II",RRJII,UTE.GN.RR.044619-0.01,4991100000
"2022-07-30 05:00:00",N,NORTE,RR,RORAIMA,"TIPO I",TÉRMICA,Gás,"Jaguatirica II",RRJII,UTE.GN.RR.044619-0.01,4993600000
"2022-07-30 06:00:00",N,NORTE,RR,RORAIMA,"TIPO I",TÉRMICA,Gás,"Jaguatirica II",RRJII,UTE.GN.RR.044619-0.01,4990700000
"2022-07-30 07:00:00",N,NORTE,RR,RORAIMA,"TIPO I",TÉRMICA,Gás,"Jaguatirica II",RRJII,UTE.GN.RR.044619-0.01,4991400000
"2022-07-30 08:00:00",N,NORTE,RR,RORAIMA,"TIPO I",TÉRMICA,Gás,"Jaguatirica II",RRJII,UTE.GN.RR.044619-0.01,4993400000
"2022-07-30 09:00:00",N,NORTE,RR,RORAIMA,"TIPO I",TÉRMICA,Gás,"Jaguatirica II",RRJII,UTE.GN.RR.044619-0.01,4990200000
"2022-07-30 10:00:00",N,NORTE,RR,RORAIMA,"TIPO I",TÉRMICA,Gás,"Jaguatirica II",RRJII,UTE.GN.RR.044619-0.01,4994200000
"2022-07-30 11:00:00",N,NORTE,RR,RORAIMA,"TIPO I",TÉRMICA,Gás,"Jaguatirica II",RRJII,UTE.GN.RR.044619-0.01,5002200000
"2022-07-30 12:00:00",N,NORTE,RR,RORAIMA,"TIPO I",TÉRMICA,Gás,"Jaguatirica II",RRJII,UTE.GN.RR.044619-0.01,4939500000
"2022-07-30 13:00:00",N,NORTE,RR,RORAIMA,"TIPO I",TÉRMICA,Gás,"Jaguatirica II",RRJII,UTE.GN.RR.044619-0.01,4341000000
"2022-07-30 14:00:00",N,NORTE,RR,RORAIMA,"TIPO I",TÉRMICA,Gás,"Jaguatirica II",RRJII,UTE.GN.RR.044619-0.01,4349000000
"2022-07-30 15:00:00",N,NORTE,RR,RORAIMA,"TIPO I",TÉRMICA,Gás,"Jaguatirica II",RRJII,UTE.GN.RR.044619-0.01,4335400000
"2022-07-30 16:00:00",N,NORTE,RR,RORAIMA,"TIPO I",TÉRMICA,Gás,"Jaguatirica II",RRJII,UTE.GN.RR.044619-0.01,4341000000
"2022-07-30 17:00:00",N,NORTE,RR,RORAIMA,"TIPO I",TÉRMICA,Gás,"Jaguatirica II",RRJII,UTE.GN.RR.044619-0.01,4339200000
"2022-07-30 18:00:00",N,NORTE,RR,RORAIMA,"TIPO I",TÉRMICA,Gás,"Jaguatirica II",RRJII,UTE.GN.RR.044619-0.01,4341800000
"2022-07-30 19:00:00",N,NORTE,RR,RORAIMA,"TIPO I",TÉRMICA,Gás,"Jaguatirica II",RRJII,UTE.GN.RR.044619-0.01,4940300000
"2022-07-30 20:00:00",N,NORTE,RR,RORAIMA,"TIPO I",TÉRMICA,Gás,"Jaguatirica II",RRJII,UTE.GN.RR.044619-0.01,5038100000
"2022-07-30 21:00:00",N,NORTE,RR,RORAIMA,"TIPO I",TÉRMICA,Gás,"Jaguatirica II",RRJII,UTE.GN.RR.044619-0.01,5044600000
"2022-07-30 22:00:00",N,NORTE,RR,RORAIMA,"TIPO I",TÉRMICA,Gás,"Jaguatirica II",RRJII,UTE.GN.RR.044619-0.01,5041900000
"2022-07-30 23:00:00",N,NORTE,RR,RORAIMA,"TIPO I",TÉRMICA,Gás,"Jaguatirica II",RRJII,UTE.GN.RR.044619-0.01,5039200000
"2022-07-31 00:00:00",N,NORTE,RR,RORAIMA,"TIPO I",TÉRMICA,Gás,"Jaguatirica II",RRJII,UTE.GN.RR.044619-0.01,5055600000
"2022-07-31 01:00:00",N,NORTE,RR,RORAIMA,"TIPO I",TÉRMICA,Gás,"Jaguatirica II",RRJII,UTE.GN.RR.044619-0.01,5041400000
"2022-07-31 02:00:00",N,NORTE,RR,RORAIMA,"TIPO I",TÉRMICA,Gás,"Jaguatirica II",RRJII,UTE.GN.RR.044619-0.01,5044000000
"2022-07-31 03:00:00",N,NORTE,RR,RORAIMA,"TIPO I",TÉRMICA,Gás,"Jaguatirica II",RRJII,UTE.GN.RR.044619-0.01,5041900000
"2022-07-31 04:00:00",N,NORTE,RR,RORAIMA,"TIPO I",TÉRMICA,Gás,"Jaguatirica II",RRJII,UTE.GN.RR.044619-0.01,5041000000
"2022-07-31 05:00:00",N,NORTE,RR,RORAIMA,"TIPO I",TÉRMICA,Gás,"Jaguatirica II",RRJII,UTE.GN.RR.044619-0.01,5050200000
"2022-07-31 06:00:00",N,NORTE,RR,RORAIMA,"TIPO I",TÉRMICA,Gás,"Jaguatirica II",RRJII,UTE.GN.RR.044619-0.01,5059300000
"2022-07-31 07:00:00",N,NORTE,RR,RORAIMA,"TIPO I",TÉRMICA,Gás,"Jaguatirica II",RRJII,UTE.GN.RR.044619-0.01,5042500000
"2022-07-31 08:00:00",N,NORTE,RR,RORAIMA,"TIPO I",TÉRMICA,Gás,"Jaguatirica II",RRJII,UTE.GN.RR.044619-0.01,5018300000
"2022-07-31 09:00:00",N,NORTE,RR,RORAIMA,"TIPO I",TÉRMICA,Gás,"Jaguatirica II",RRJII,UTE.GN.RR.044619-0.01,4642100000
"2022-07-31 10:00:00",N,NORTE,RR,RORAIMA,"TIPO I",TÉRMICA,Gás,"Jaguatirica II",RRJII,UTE.GN.RR.044619-0.01,4541700000
"2022-07-31 11:00:00",N,NORTE,RR,RORAIMA,"TIPO I",TÉRMICA,Gás,"Jaguatirica II",RRJII,UTE.GN.RR.044619-0.01,4542000000
"2022-07-31 12:00:00",N,NORTE,RR,RORAIMA,"TIPO I",TÉRMICA,Gás,"Jaguatirica II",RRJII,UTE.GN.RR.044619-0.01,4999800000
"2022-07-31 13:00:00",N,NORTE,RR,RORAIMA,"TIPO I",TÉRMICA,Gás,"Jaguatirica II",RRJII,UTE.GN.RR.044619-0.01,5000900000
"2022-07-31 14:00:00",N,NORTE,RR,RORAIMA,"TIPO I",TÉRMICA,Gás,"Jaguatirica II",RRJII,UTE.GN.RR.044619-0.01,5005200000
"2022-07-31 15:00:00",N,NORTE,RR,RORAIMA,"TIPO I",TÉRMICA,Gás,"Jaguatirica II",RRJII,UTE.GN.RR.044619-0.01,5009300000
"2022-07-31 16:00:00",N,NORTE,RR,RORAIMA,"TIPO I",TÉRMICA,Gás,"Jaguatirica II",RRJII,UTE.GN.RR.044619-0.01,5005000000
"2022-07-31 17:00:00",N,NORTE,RR,RORAIMA,"TIPO I",TÉRMICA,Gás,"Jaguatirica II",RRJII,UTE.GN.RR.044619-0.01,5001100000
"2022-07-31 18:00:00",N,NORTE,RR,RORAIMA,"TIPO I",TÉRMICA,Gás,"Jaguatirica II",RRJII,UTE.GN.RR.044619-0.01,5030400000
"2022-07-31 19:00:00",N,NORTE,RR,RORAIMA,"TIPO I",TÉRMICA,Gás,"Jaguatirica II",RRJII,UTE.GN.RR.044619-0.01,5047800000
"2022-07-31 20:00:00",N,NORTE,RR,RORAIMA,"TIPO I",TÉRMICA,Gás,"Jaguatirica II",RRJII,UTE.GN.RR.044619-0.01,4990900000
"2022-07-31 21:00:00",N,NORTE,RR,RORAIMA,"TIPO I",TÉRMICA,Gás,"Jaguatirica II",RRJII,UTE.GN.RR.044619-0.01,4992700000
"2022-07-31 22:00:00",N,NORTE,RR,RORAIMA,"TIPO I",TÉRMICA,Gás,"Jaguatirica II",RRJII,UTE.GN.RR.044619-0.01,4991700000
"2022-07-31 23:00:00",N,NORTE,RR,RORAIMA,"TIPO I",TÉRMICA,Gás,"Jaguatirica II",RRJII,UTE.GN.RR.044619-0.01,4992400000
"2022-08-01 00:00:00",N,NORTE,RR,RORAIMA,"TIPO I",TÉRMICA,Gás,"Jaguatirica II",RRJII,UTE.GN.RR.044619-0.01,4992300000
"2022-08-01 01:00:00",N,NORTE,RR,RORAIMA,"TIPO I",TÉRMICA,Gás,"Jaguatirica II",RRJII,UTE.GN.RR.044619-0.01,4991600000
"2022-08-01 02:00:00",N,NORTE,RR,RORAIMA,"TIPO I",TÉRMICA,Gás,"Jaguatirica II",RRJII,UTE.GN.RR.044619-0.01,4992800000
"2022-08-01 03:00:00",N,NORTE,RR,RORAIMA,"TIPO I",TÉRMICA,Gás,"Jaguatirica II",RRJII,UTE.GN.RR.044619-0.01,4992700000
"2022-08-01 04:00:00",N,NORTE,RR,RORAIMA,"TIPO I",TÉRMICA,Gás,"Jaguatirica II",RRJII,UTE.GN.RR.044619-0.01,4991600000
"2022-08-01 05:00:00",N,NORTE,RR,RORAIMA,"TIPO I",TÉRMICA,Gás,"Jaguatirica II",RRJII,UTE.GN.RR.044619-0.01,4991600000
"2022-08-01 06:00:00",N,NORTE,RR,RORAIMA,"TIPO I",TÉRMICA,Gás,"Jaguatirica II",RRJII,UTE.GN.RR.044619-0.01,4968800000
"2022-08-01 07:00:00",N,NORTE,RR,RORAIMA,"TIPO I",TÉRMICA,Gás,"Jaguatirica II",RRJII,UTE.GN.RR.044619-0.01,4990200000
"2022-08-01 08:00:00",N,NORTE,RR,RORAIMA,"TIPO I",TÉRMICA,Gás,"Jaguatirica II",RRJII,UTE.GN.RR.044619-0.01,4993400000
"2022-08-01 09:00:00",N,NORTE,RR,RORAIMA,"TIPO I",TÉRMICA,Gás,"Jaguatirica II",RRJII,UTE.GN.RR.044619-0.01,4989800000
"2022-08-01 10:00:00",N,NORTE,RR,RORAIMA,"TIPO I",TÉRMICA,Gás,"Jaguatirica II",RRJII,UTE.GN.RR.044619-0.01,5024500000
"2022-08-01 11:00:00",N,NORTE,RR,RORAIMA,"TIPO I",TÉRMICA,Gás,"Jaguatirica II",RRJII,UTE.GN.RR.044619-0.01,5018500000
"2022-08-01 12:00:00",N,NORTE,RR,RORAIMA,"TIPO I",TÉRMICA,Gás,"Jaguatirica II",RRJII,UTE.GN.RR.044619-0.01,4992200000
"2022-08-01 13:00:00",N,NORTE,RR,RORAIMA,"TIPO I",TÉRMICA,Gás,"Jaguatirica II",RRJII,UTE.GN.RR.044619-0.01,5034100000
"2022-08-01 14:00:00",N,NORTE,RR,RORAIMA,"TIPO I",TÉRMICA,Gás,"Jaguatirica II",RRJII,UTE.GN.RR.044619-0.01,4996200000
"2022-08-01 15:00:00",N,NORTE,RR,RORAIMA,"TIPO I",TÉRMICA,Gás,"Jaguatirica II",RRJII,UTE.GN.RR.044619-0.01,4987800000
"2022-08-01 16:00:00",N,NORTE,RR,RORAIMA,"TIPO I",TÉRMICA,Gás,"Jaguatirica II",RRJII,UTE.GN.RR.044619-0.01,4991900000
"2022-08-01 17:00:00",N,NORTE,RR,RORAIMA,"TIPO I",TÉRMICA,Gás,"Jaguatirica II",RRJII,UTE.GN.RR.044619-0.01,4996300000
"2022-08-01 18:00:00",N,NORTE,RR,RORAIMA,"TIPO I",TÉRMICA,Gás,"Jaguatirica II",RRJII,UTE.GN.RR.044619-0.01,4987500000
"2022-08-01 19:00:00",N,NORTE,RR,RORAIMA,"TIPO I",TÉRMICA,Gás,"Jaguatirica II",RRJII,UTE.GN.RR.044619-0.01,4993200000
"2022-08-01 20:00:00",N,NORTE,RR,RORAIMA,"TIPO I",TÉRMICA,Gás,"Jaguatirica II",RRJII,UTE.GN.RR.044619-0.01,4990300000
"2022-08-01 21:00:00",N,NORTE,RR,RORAIMA,"TIPO I",TÉRMICA,Gás,"Jaguatirica II",RRJII,UTE.GN.RR.044619-0.01,4991400000
"2022-08-01 22:00:00",N,NORTE,RR,RORAIMA,"TIPO I",TÉRMICA,Gás,"Jaguatirica II",RRJII,UTE.GN.RR.044619-0.01,5001300000
"2022-08-01 23:00:00",N,NORTE,RR,RORAIMA,"TIPO I",TÉRMICA,Gás,"Jaguatirica II",RRJII,UTE.GN.RR.044619-0.01,5001300000
"2022-08-02 00:00:00",N,NORTE,RR,RORAIMA,"TIPO I",TÉRMICA,Gás,"Jaguatirica II",RRJII,UTE.GN.RR.044619-0.01,4999200000
"2022-08-02 01:00:00",N,NORTE,RR,RORAIMA,"TIPO I",TÉRMICA,Gás,"Jaguatirica II",RRJII,UTE.GN.RR.044619-0.01,5003800000
"2022-08-02 02:00:00",N,NORTE,RR,RORAIMA,"TIPO I",TÉRMICA,Gás,"Jaguatirica II",RRJII,UTE.GN.RR.044619-0.01,5000700000
"2022-08-02 03:00:00",N,NORTE,RR,RORAIMA,"TIPO I",TÉRMICA,Gás,"Jaguatirica II",RRJII,UTE.GN.RR.044619-0.01,5003500000
"2022-08-02 04:00:00",N,NORTE,RR,RORAIMA,"TIPO I",TÉRMICA,Gás,"Jaguatirica II",RRJII,UTE.GN.RR.044619-0.01,5001700000
"2022-08-02 05:00:00",N,NORTE,RR,RORAIMA,"TIPO I",TÉRMICA,Gás,"Jaguatirica II",RRJII,UTE.GN.RR.044619-0.01,5001700000
"2022-08-02 06:00:00",N,NORTE,RR,RORAIMA,"TIPO I",TÉRMICA,Gás,"Jaguatirica II",RRJII,UTE.GN.RR.044619-0.01,5003900000
"2022-08-02 07:00:00",N,NORTE,RR,RORAIMA,"TIPO I",TÉRMICA,Gás,"Jaguatirica II",RRJII,UTE.GN.RR.044619-0.01,4616800000
"2022-08-02 08:00:00",N,NORTE,RR,RORAIMA,"TIPO I",TÉRMICA,Gás,"Jaguatirica II",RRJII,UTE.GN.RR.044619-0.01,4775500000
"2022-08-02 09:00:00",N,NORTE,RR,RORAIMA,"TIPO I",TÉRMICA,Gás,"Jaguatirica II",RRJII,UTE.GN.RR.044619-0.01,5039300000
"2022-08-02 10:00:00",N,NORTE,RR,RORAIMA,"TIPO I",TÉRMICA,Gás,"Jaguatirica II",RRJII,UTE.GN.RR.044619-0.01,5042600000
"2022-08-02 11:00:00",N,NORTE,RR,RORAIMA,"TIPO I",TÉRMICA,Gás,"Jaguatirica II",RRJII,UTE.GN.RR.044619-0.01,5044800000
"2022-08-02 12:00:00",N,NORTE,RR,RORAIMA,"TIPO I",TÉRMICA,Gás,"Jaguatirica II",RRJII,UTE.GN.RR.044619-0.01,5040200000
"2022-08-02 13:00:00",N,NORTE,RR,RORAIMA,"TIPO I",TÉRMICA,Gás,"Jaguatirica II",RRJII,UTE.GN.RR.044619-0.01,5047300000
"2022-08-02 14:00:00",N,NORTE,RR,RORAIMA,"TIPO I",TÉRMICA,Gás,"Jaguatirica II",RRJII,UTE.GN.RR.044619-0.01,5014200000
"2022-08-02 15:00:00",N,NORTE,RR,RORAIMA,"TIPO I",TÉRMICA,Gás,"Jaguatirica II",RRJII,UTE.GN.RR.044619-0.01,5001100000
"2022-08-02 16:00:00",N,NORTE,RR,RORAIMA,"TIPO I",TÉRMICA,Gás,"Jaguatirica II",RRJII,UTE.GN.RR.044619-0.01,4910600000
"2022-08-02 17:00:00",N,NORTE,RR,RORAIMA,"TIPO I",TÉRMICA,Gás,"Jaguatirica II",RRJII,UTE.GN.RR.044619-0.01,4882700000
"2022-08-02 18:00:00",N,NORTE,RR,RORAIMA,"TIPO I",TÉRMICA,Gás,"Jaguatirica II",RRJII,UTE.GN.RR.044619-0.01,5031100000
"2022-08-02 19:00:00",N,NORTE,RR,RORAIMA,"TIPO I",TÉRMICA,Gás,"Jaguatirica II",RRJII,UTE.GN.RR.044619-0.01,5043900000
"2022-08-02 20:00:00",N,NORTE,RR,RORAIMA,"TIPO I",TÉRMICA,Gás,"Jaguatirica II",RRJII,UTE.GN.RR.044619-0.01,4992300000
"2022-08-02 21:00:00",N,NORTE,RR,RORAIMA,"TIPO I",TÉRMICA,Gás,"Jaguatirica II",RRJII,UTE.GN.RR.044619-0.01,4991800000
"2022-08-02 22:00:00",N,NORTE,RR,RORAIMA,"TIPO I",TÉRMICA,Gás,"Jaguatirica II",RRJII,UTE.GN.RR.044619-0.01,4992400000
"2022-08-02 23:00:00",N,NORTE,RR,RORAIMA,"TIPO I",TÉRMICA,Gás,"Jaguatirica II",RRJII,UTE.GN.RR.044619-0.01,4993300000
"2022-08-03 00:00:00",N,NORTE,RR,RORAIMA,"TIPO I",TÉRMICA,Gás,"Jaguatirica II",RRJII,UTE.GN.RR.044619-0.01,4991700000
"2022-08-03 01:00:00",N,NORTE,RR,RORAIMA,"TIPO I",TÉRMICA,Gás,"Jaguatirica II",RRJII,UTE.GN.RR.044619-0.01,4993300000
"2022-08-03 02:00:00",N,NORTE,RR,RORAIMA,"TIPO I",TÉRMICA,Gás,"Jaguatirica II",RRJII,UTE.GN.RR.044619-0.01,4990200000
"2022-08-03 03:00:00",N,NORTE,RR,RORAIMA,"TIPO I",TÉRMICA,Gás,"Jaguatirica II",RRJII,UTE.GN.RR.044619-0.01,4991500000
"2022-08-03 04:00:00",N,NORTE,RR,RORAIMA,"TIPO I",TÉRMICA,Gás,"Jaguatirica II",RRJII,UTE.GN.RR.044619-0.01,4991700000
"2022-08-03 05:00:00",N,NORTE,RR,RORAIMA,"TIPO I",TÉRMICA,Gás,"Jaguatirica II",RRJII,UTE.GN.RR.044619-0.01,4991700000
"2022-08-03 06:00:00",N,NORTE,RR,RORAIMA,"TIPO I",TÉRMICA,Gás,"Jaguatirica II",RRJII,UTE.GN.RR.044619-0.01,5010800000
"2022-08-03 07:00:00",N,NORTE,RR,RORAIMA,"TIPO I",TÉRMICA,Gás,"Jaguatirica II",RRJII,UTE.GN.RR.044619-0.01,4991000000
"2022-08-03 08:00:00",N,NORTE,RR,RORAIMA,"TIPO I",TÉRMICA,Gás,"Jaguatirica II",RRJII,UTE.GN.RR.044619-0.01,4994200000
"2022-08-03 09:00:00",N,NORTE,RR,RORAIMA,"TIPO I",TÉRMICA,Gás,"Jaguatirica II",RRJII,UTE.GN.RR.044619-0.01,5000600000
"2022-08-03 10:00:00",N,NORTE,RR,RORAIMA,"TIPO I",TÉRMICA,Gás,"Jaguatirica II",RRJII,UTE.GN.RR.044619-0.01,5002800000
"2022-08-03 11:00:00",N,NORTE,RR,RORAIMA,"TIPO I",TÉRMICA,Gás,"Jaguatirica II",RRJII,UTE.GN.RR.044619-0.01,4998400000
"2022-08-03 12:00:00",N,NORTE,RR,RORAIMA,"TIPO I",TÉRMICA,Gás,"Jaguatirica II",RRJII,UTE.GN.RR.044619-0.01,4998200000
"2022-08-03 13:00:00",N,NORTE,RR,RORAIMA,"TIPO I",TÉRMICA,Gás,"Jaguatirica II",RRJII,UTE.GN.RR.044619-0.01,5033400000
"2022-08-03 14:00:00",N,NORTE,RR,RORAIMA,"TIPO I",TÉRMICA,Gás,"Jaguatirica II",RRJII,UTE.GN.RR.044619-0.01,5000900000
"2022-08-03 15:00:00",N,NORTE,RR,RORAIMA,"TIPO I",TÉRMICA,Gás,"Jaguatirica II",RRJII,UTE.GN.RR.044619-0.01,5000300000
"2022-08-03 16:00:00",N,NORTE,RR,RORAIMA,"TIPO I",TÉRMICA,Gás,"Jaguatirica II",RRJII,UTE.GN.RR.044619-0.01,5001100000
"2022-08-03 17:00:00",N,NORTE,RR,RORAIMA,"TIPO I",TÉRMICA,Gás,"Jaguatirica II",RRJII,UTE.GN.RR.044619-0.01,4978300000
"2022-08-03 18:00:00",N,NORTE,RR,RORAIMA,"TIPO I",TÉRMICA,Gás,"Jaguatirica II",RRJII,UTE.GN.RR.044619-0.01,5016900000
"2022-08-03 19:00:00",N,NORTE,RR,RORAIMA,"TIPO I",TÉRMICA,Gás,"Jaguatirica II",RRJII,UTE.GN.RR.044619-0.01,4998700000
"2022-08-03 20:00:00",N,NORTE,RR,RORAIMA,"TIPO I",TÉRMICA,Gás,"Jaguatirica II",RRJII,UTE.GN.RR.044619-0.01,5001700000
"2022-08-03 21:00:00",N,NORTE,RR,RORAIMA,"TIPO I",TÉRMICA,Gás,"Jaguatirica II",RRJII,UTE.GN.RR.044619-0.01,5001000000
"2022-08-03 22:00:00",N,NORTE,RR,RORAIMA,"TIPO I",TÉRMICA,Gás,"Jaguatirica II",RRJII,UTE.GN.RR.044619-0.01,4998700000
"2022-08-03 23:00:00",N,NORTE,RR,RORAIMA,"TIPO I",TÉRMICA,Gás,"Jaguatirica II",RRJII,UTE.GN.RR.044619-0.01,5003400000
"2022-08-04 00:00:00",N,NORTE,RR,RORAIMA,"TIPO I",TÉRMICA,Gás,"Jaguatirica II",RRJII,UTE.GN.RR.044619-0.01,5000600000
"2022-08-04 01:00:00",N,NORTE,RR,RORAIMA,"TIPO I",TÉRMICA,Gás,"Jaguatirica II",RRJII,UTE.GN.RR.044619-0.01,5003000000
"2022-08-04 02:00:00",N,NORTE,RR,RORAIMA,"TIPO I",TÉRMICA,Gás,"Jaguatirica II",RRJII,UTE.GN.RR.044619-0.01,5000900000
"2022-08-04 03:00:00",N,NORTE,RR,RORAIMA,"TIPO I",TÉRMICA,Gás,"Jaguatirica II",RRJII,UTE.GN.RR.044619-0.01,5002600000
"2022-08-04 04:00:00",N,NORTE,RR,RORAIMA,"TIPO I",TÉRMICA,Gás,"Jaguatirica II",RRJII,UTE.GN.RR.044619-0.01,5000100000
"2022-08-04 05:00:00",N,NORTE,RR,RORAIMA,"TIPO I",TÉRMICA,Gás,"Jaguatirica II",RRJII,UTE.GN.RR.044619-0.01,5000200000
"2022-08-04 06:00:00",N,NORTE,RR,RORAIMA,"TIPO I",TÉRMICA,Gás,"Jaguatirica II",RRJII,UTE.GN.RR.044619-0.01,5000600000
"2022-08-04 07:00:00",N,NORTE,RR,RORAIMA,"TIPO I",TÉRMICA,Gás,"Jaguatirica II",RRJII,UTE.GN.RR.044619-0.01,5002000000
"2022-08-04 08:00:00",N,NORTE,RR,RORAIMA,"TIPO I",TÉRMICA,Gás,"Jaguatirica II",RRJII,UTE.GN.RR.044619-0.01,5001200000
"2022-08-04 09:00:00",N,NORTE,RR,RORAIMA,"TIPO I",TÉRMICA,Gás,"Jaguatirica II",RRJII,UTE.GN.RR.044619-0.01,4999800000
"2022-08-04 10:00:00",N,NORTE,RR,RORAIMA,"TIPO I",TÉRMICA,Gás,"Jaguatirica II",RRJII,UTE.GN.RR.044619-0.01,5001500000
"2022-08-04 11:00:00",N,NORTE,RR,RORAIMA,"TIPO I",TÉRMICA,Gás,"Jaguatirica II",RRJII,UTE.GN.RR.044619-0.01,5003400000
"2022-08-04 12:00:00",N,NORTE,RR,RORAIMA,"TIPO I",TÉRMICA,Gás,"Jaguatirica II",RRJII,UTE.GN.RR.044619-0.01,5004500000
"2022-08-04 13:00:00",N,NORTE,RR,RORAIMA,"TIPO I",TÉRMICA,Gás,"Jaguatirica II",RRJII,UTE.GN.RR.044619-0.01,4996000000
"2022-08-04 14:00:00",N,NORTE,RR,RORAIMA,"TIPO I",TÉRMICA,Gás,"Jaguatirica II",RRJII,UTE.GN.RR.044619-0.01,5002000000
"2022-08-04 15:00:00",N,NORTE,RR,RORAIMA,"TIPO I",TÉRMICA,Gás,"Jaguatirica II",RRJII,UTE.GN.RR.044619-0.01,4998800000
"2022-08-04 16:00:00",N,NORTE,RR,RORAIMA,"TIPO I",TÉRMICA,Gás,"Jaguatirica II",RRJII,UTE.GN.RR.044619-0.01,5000200000
"2022-08-04 17:00:00",N,NORTE,RR,RORAIMA,"TIPO I",TÉRMICA,Gás,"Jaguatirica II",RRJII,UTE.GN.RR.044619-0.01,5001900000
"2022-08-04 18:00:00",N,NORTE,RR,RORAIMA,"TIPO I",TÉRMICA,Gás,"Jaguatirica II",RRJII,UTE.GN.RR.044619-0.01,4999400000
"2022-08-04 19:00:00",N,NORTE,RR,RORAIMA,"TIPO I",TÉRMICA,Gás,"Jaguatirica II",RRJII,UTE.GN.RR.044619-0.01,5003300000
"2022-08-04 20:00:00",N,NORTE,RR,RORAIMA,"TIPO I",TÉRMICA,Gás,"Jaguatirica II",RRJII,UTE.GN.RR.044619-0.01,5000100000
"2022-08-04 21:00:00",N,NORTE,RR,RORAIMA,"TIPO I",TÉRMICA,Gás,"Jaguatirica II",RRJII,UTE.GN.RR.044619-0.01,5003100000
"2022-08-04 22:00:00",N,NORTE,RR,RORAIMA,"TIPO I",TÉRMICA,Gás,"Jaguatirica II",RRJII,UTE.GN.RR.044619-0.01,5003400000
"2022-08-04 23:00:00",N,NORTE,RR,RORAIMA,"TIPO I",TÉRMICA,Gás,"Jaguatirica II",RRJII,UTE.GN.RR.044619-0.01,4999600000
"2022-08-05 00:00:00",N,NORTE,RR,RORAIMA,"TIPO I",TÉRMICA,Gás,"Jaguatirica II",RRJII,UTE.GN.RR.044619-0.01,5001200000
"2022-08-05 01:00:00",N,NORTE,RR,RORAIMA,"TIPO I",TÉRMICA,Gás,"Jaguatirica II",RRJII,UTE.GN.RR.044619-0.01,5001400000
"2022-08-05 02:00:00",N,NORTE,RR,RORAIMA,"TIPO I",TÉRMICA,Gás,"Jaguatirica II",RRJII,UTE.GN.RR.044619-0.01,5003500000
"2022-08-05 03:00:00",N,NORTE,RR,RORAIMA,"TIPO I",TÉRMICA,Gás,"Jaguatirica II",RRJII,UTE.GN.RR.044619-0.01,4999900000
"2022-08-05 04:00:00",N,NORTE,RR,RORAIMA,"TIPO I",TÉRMICA,Gás,"Jaguatirica II",RRJII,UTE.GN.RR.044619-0.01,5003300000
"2022-08-05 05:00:00",N,NORTE,RR,RORAIMA,"TIPO I",TÉRMICA,Gás,"Jaguatirica II",RRJII,UTE.GN.RR.044619-0.01,4999300000
"2022-08-05 06:00:00",N,NORTE,RR,RORAIMA,"TIPO I",TÉRMICA,Gás,"Jaguatirica II",RRJII,UTE.GN.RR.044619-0.01,5001000000
"2022-08-05 07:00:00",N,NORTE,RR,RORAIMA,"TIPO I",TÉRMICA,Gás,"Jaguatirica II",RRJII,UTE.GN.RR.044619-0.01,5001100000
"2022-08-05 08:00:00",N,NORTE,RR,RORAIMA,"TIPO I",TÉRMICA,Gás,"Jaguatirica II",RRJII,UTE.GN.RR.044619-0.01,5001100000
"2022-08-05 09:00:00",N,NORTE,RR,RORAIMA,"TIPO I",TÉRMICA,Gás,"Jaguatirica II",RRJII,UTE.GN.RR.044619-0.01,5000900000
"2022-08-05 10:00:00",N,NORTE,RR,RORAIMA,"TIPO I",TÉRMICA,Gás,"Jaguatirica II",RRJII,UTE.GN.RR.044619-0.01,5010000000
"2022-08-05 11:00:00",N,NORTE,RR,RORAIMA,"TIPO I",TÉRMICA,Gás,"Jaguatirica II",RRJII,UTE.GN.RR.044619-0.01,5047800000
"2022-08-05 12:00:00",N,NORTE,RR,RORAIMA,"TIPO I",TÉRMICA,Gás,"Jaguatirica II",RRJII,UTE.GN.RR.044619-0.01,5014300000
"2022-08-05 13:00:00",N,NORTE,RR,RORAIMA,"TIPO I",TÉRMICA,Gás,"Jaguatirica II",RRJII,UTE.GN.RR.044619-0.01,5022800000
"2022-08-05 14:00:00",N,NORTE,RR,RORAIMA,"TIPO I",TÉRMICA,Gás,"Jaguatirica II",RRJII,UTE.GN.RR.044619-0.01,5055200000
"2022-08-05 15:00:00",N,NORTE,RR,RORAIMA,"TIPO I",TÉRMICA,Gás,"Jaguatirica II",RRJII,UTE.GN.RR.044619-0.01,5027700000
"2022-08-05 16:00:00",N,NORTE,RR,RORAIMA,"TIPO I",TÉRMICA,Gás,"Jaguatirica II",RRJII,UTE.GN.RR.044619-0.01,5039600000
"2022-08-05 17:00:00",N,NORTE,RR,RORAIMA,"TIPO I",TÉRMICA,Gás,"Jaguatirica II",RRJII,UTE.GN.RR.044619-0.01,5003100000
"2022-08-05 18:00:00",N,NORTE,RR,RORAIMA,"TIPO I",TÉRMICA,Gás,"Jaguatirica II",RRJII,UTE.GN.RR.044619-0.01,5000800000
"2022-08-05 19:00:00",N,NORTE,RR,RORAIMA,"TIPO I",TÉRMICA,Gás,"Jaguatirica II",RRJII,UTE.GN.RR.044619-0.01,5007600000
"2022-08-05 20:00:00",N,NORTE,RR,RORAIMA,"TIPO I",TÉRMICA,Gás,"Jaguatirica II",RRJII,UTE.GN.RR.044619-0.01,5000600000
"2022-08-05 21:00:00",N,NORTE,RR,RORAIMA,"TIPO I",TÉRMICA,Gás,"Jaguatirica II",RRJII,UTE.GN.RR.044619-0.01,5002500000
"2022-08-05 22:00:00",N,NORTE,RR,RORAIMA,"TIPO I",TÉRMICA,Gás,"Jaguatirica II",RRJII,UTE.GN.RR.044619-0.01,5004800000
"2022-08-05 23:00:00",N,NORTE,RR,RORAIMA,"TIPO I",TÉRMICA,Gás,"Jaguatirica II",RRJII,UTE.GN.RR.044619-0.01,5002900000
"2022-08-06 00:00:00",N,NORTE,RR,RORAIMA,"TIPO I",TÉRMICA,Gás,"Jaguatirica II",RRJII,UTE.GN.RR.044619-0.01,5001100000
"2022-08-06 01:00:00",N,NORTE,RR,RORAIMA,"TIPO I",TÉRMICA,Gás,"Jaguatirica II",RRJII,UTE.GN.RR.044619-0.01,5006000000
"2022-08-06 02:00:00",N,NORTE,RR,RORAIMA,"TIPO I",TÉRMICA,Gás,"Jaguatirica II",RRJII,UTE.GN.RR.044619-0.01,4999500000
"2022-08-06 03:00:00",N,NORTE,RR,RORAIMA,"TIPO I",TÉRMICA,Gás,"Jaguatirica II",RRJII,UTE.GN.RR.044619-0.01,5003100000
"2022-08-06 04:00:00",N,NORTE,RR,RORAIMA,"TIPO I",TÉRMICA,Gás,"Jaguatirica II",RRJII,UTE.GN.RR.044619-0.01,5002100000
"2022-08-06 05:00:00",N,NORTE,RR,RORAIMA,"TIPO I",TÉRMICA,Gás,"Jaguatirica II",RRJII,UTE.GN.RR.044619-0.01,5003800000
"2022-08-06 06:00:00",N,NORTE,RR,RORAIMA,"TIPO I",TÉRMICA,Gás,"Jaguatirica II",RRJII,UTE.GN.RR.044619-0.01,5001200000
"2022-08-06 07:00:00",N,NORTE,RR,RORAIMA,"TIPO I",TÉRMICA,Gás,"Jaguatirica II",RRJII,UTE.GN.RR.044619-0.01,5003700000
"2022-08-06 08:00:00",N,NORTE,RR,RORAIMA,"TIPO I",TÉRMICA,Gás,"Jaguatirica II",RRJII,UTE.GN.RR.044619-0.01,5002600000
"2022-08-06 09:00:00",N,NORTE,RR,RORAIMA,"TIPO I",TÉRMICA,Gás,"Jaguatirica II",RRJII,UTE.GN.RR.044619-0.01,4997200000
"2022-08-06 10:00:00",N,NORTE,RR,RORAIMA,"TIPO I",TÉRMICA,Gás,"Jaguatirica II",RRJII,UTE.GN.RR.044619-0.01,5002400000
"2022-08-06 11:00:00",N,NORTE,RR,RORAIMA,"TIPO I",TÉRMICA,Gás,"Jaguatirica II",RRJII,UTE.GN.RR.044619-0.01,5003800000
"2022-08-06 12:00:00",N,NORTE,RR,RORAIMA,"TIPO I",TÉRMICA,Gás,"Jaguatirica II",RRJII,UTE.GN.RR.044619-0.01,5058900000
"2022-08-06 13:00:00",N,NORTE,RR,RORAIMA,"TIPO I",TÉRMICA,Gás,"Jaguatirica II",RRJII,UTE.GN.RR.044619-0.01,5006800000
"2022-08-06 14:00:00",N,NORTE,RR,RORAIMA,"TIPO I",TÉRMICA,Gás,"Jaguatirica II",RRJII,UTE.GN.RR.044619-0.01,5019600000
"2022-08-06 15:00:00",N,NORTE,RR,RORAIMA,"TIPO I",TÉRMICA,Gás,"Jaguatirica II",RRJII,UTE.GN.RR.044619-0.01,5011500000
"2022-08-06 16:00:00",N,NORTE,RR,RORAIMA,"TIPO I",TÉRMICA,Gás,"Jaguatirica II",RRJII,UTE.GN.RR.044619-0.01,4997800000
"2022-08-06 17:00:00",N,NORTE,RR,RORAIMA,"TIPO I",TÉRMICA,Gás,"Jaguatirica II",RRJII,UTE.GN.RR.044619-0.01,5003500000
"2022-08-06 18:00:00",N,NORTE,RR,RORAIMA,"TIPO I",TÉRMICA,Gás,"Jaguatirica II",RRJII,UTE.GN.RR.044619-0.01,4999500000
"2022-08-06 19:00:00",N,NORTE,RR,RORAIMA,"TIPO I",TÉRMICA,Gás,"Jaguatirica II",RRJII,UTE.GN.RR.044619-0.01,5004000000
"2022-08-06 20:00:00",N,NORTE,RR,RORAIMA,"TIPO I",TÉRMICA,Gás,"Jaguatirica II",RRJII,UTE.GN.RR.044619-0.01,4997000000
"2022-08-06 21:00:00",N,NORTE,RR,RORAIMA,"TIPO I",TÉRMICA,Gás,"Jaguatirica II",RRJII,UTE.GN.RR.044619-0.01,5004100000
"2022-08-06 22:00:00",N,NORTE,RR,RORAIMA,"TIPO I",TÉRMICA,Gás,"Jaguatirica II",RRJII,UTE.GN.RR.044619-0.01,5037700000
"2022-08-06 23:00:00",N,NORTE,RR,RORAIMA,"TIPO I",TÉRMICA,Gás,"Jaguatirica II",RRJII,UTE.GN.RR.044619-0.01,5001700000
"2022-08-07 00:00:00",N,NORTE,RR,RORAIMA,"TIPO I",TÉRMICA,Gás,"Jaguatirica II",RRJII,UTE.GN.RR.044619-0.01,5001900000
"2022-08-07 01:00:00",N,NORTE,RR,RORAIMA,"TIPO I",TÉRMICA,Gás,"Jaguatirica II",RRJII,UTE.GN.RR.044619-0.01,4999600000
"2022-08-07 02:00:00",N,NORTE,RR,RORAIMA,"TIPO I",TÉRMICA,Gás,"Jaguatirica II",RRJII,UTE.GN.RR.044619-0.01,5001800000
"2022-08-07 03:00:00",N,NORTE,RR,RORAIMA,"TIPO I",TÉRMICA,Gás,"Jaguatirica II",RRJII,UTE.GN.RR.044619-0.01,5003000000
"2022-08-07 04:00:00",N,NORTE,RR,RORAIMA,"TIPO I",TÉRMICA,Gás,"Jaguatirica II",RRJII,UTE.GN.RR.044619-0.01,5002200000
"2022-08-07 05:00:00",N,NORTE,RR,RORAIMA,"TIPO I",TÉRMICA,Gás,"Jaguatirica II",RRJII,UTE.GN.RR.044619-0.01,5000100000
"2022-08-07 06:00:00",N,NORTE,RR,RORAIMA,"TIPO I",TÉRMICA,Gás,"Jaguatirica II",RRJII,UTE.GN.RR.044619-0.01,5000900000
"2022-08-07 07:00:00",N,NORTE,RR,RORAIMA,"TIPO I",TÉRMICA,Gás,"Jaguatirica II",RRJII,UTE.GN.RR.044619-0.01,5003700000
"2022-08-07 08:00:00",N,NORTE,RR,RORAIMA,"TIPO I",TÉRMICA,Gás,"Jaguatirica II",RRJII,UTE.GN.RR.044619-0.01,5001600000
"2022-08-07 09:00:00",N,NORTE,RR,RORAIMA,"TIPO I",TÉRMICA,Gás,"Jaguatirica II",RRJII,UTE.GN.RR.044619-0.01,5002700000
"2022-08-07 10:00:00",N,NORTE,RR,RORAIMA,"TIPO I",TÉRMICA,Gás,"Jaguatirica II",RRJII,UTE.GN.RR.044619-0.01,5002100000
"2022-08-07 11:00:00",N,NORTE,RR,RORAIMA,"TIPO I",TÉRMICA,Gás,"Jaguatirica II",RRJII,UTE.GN.RR.044619-0.01,4999900000
"2022-08-07 12:00:00",N,NORTE,RR,RORAIMA,"TIPO I",TÉRMICA,Gás,"Jaguatirica II",RRJII,UTE.GN.RR.044619-0.01,5006100000
"2022-08-07 13:00:00",N,NORTE,RR,RORAIMA,"TIPO I",TÉRMICA,Gás,"Jaguatirica II",RRJII,UTE.GN.RR.044619-0.01,5068600000
"2022-08-07 14:00:00",N,NORTE,RR,RORAIMA,"TIPO I",TÉRMICA,Gás,"Jaguatirica II",RRJII,UTE.GN.RR.044619-0.01,5005300000
"2022-08-07 15:00:00",N,NORTE,RR,RORAIMA,"TIPO I",TÉRMICA,Gás,"Jaguatirica II",RRJII,UTE.GN.RR.044619-0.01,5030800000
"2022-08-07 16:00:00",N,NORTE,RR,RORAIMA,"TIPO I",TÉRMICA,Gás,"Jaguatirica II",RRJII,UTE.GN.RR.044619-0.01,5006500000
"2022-08-07 17:00:00",N,NORTE,RR,RORAIMA,"TIPO I",TÉRMICA,Gás,"Jaguatirica II",RRJII,UTE.GN.RR.044619-0.01,4996100000
"2022-08-07 18:00:00",N,NORTE,RR,RORAIMA,"TIPO I",TÉRMICA,Gás,"Jaguatirica II",RRJII,UTE.GN.RR.044619-0.01,5022400000
"2022-08-07 19:00:00",N,NORTE,RR,RORAIMA,"TIPO I",TÉRMICA,Gás,"Jaguatirica II",RRJII,UTE.GN.RR.044619-0.01,5030000000
"2022-08-07 20:00:00",N,NORTE,RR,RORAIMA,"TIPO I",TÉRMICA,Gás,"Jaguatirica II",RRJII,UTE.GN.RR.044619-0.01,5002000000
"2022-08-07 21:00:00",N,NORTE,RR,RORAIMA,"TIPO I",TÉRMICA,Gás,"Jaguatirica II",RRJII,UTE.GN.RR.044619-0.01,5002700000
"2022-08-07 22:00:00",N,NORTE,RR,RORAIMA,"TIPO I",TÉRMICA,Gás,"Jaguatirica II",RRJII,UTE.GN.RR.044619-0.01,5001100000
"2022-08-07 23:00:00",N,NORTE,RR,RORAIMA,"TIPO I",TÉRMICA,Gás,"Jaguatirica II",RRJII,UTE.GN.RR.044619-0.01,5002000000
"2022-08-08 00:00:00",N,NORTE,RR,RORAIMA,"TIPO I",TÉRMICA,Gás,"Jaguatirica II",RRJII,UTE.GN.RR.044619-0.01,4999800000
"2022-08-08 01:00:00",N,NORTE,RR,RORAIMA,"TIPO I",TÉRMICA,Gás,"Jaguatirica II",RRJII,UTE.GN.RR.044619-0.01,5001200000
"2022-08-08 02:00:00",N,NORTE,RR,RORAIMA,"TIPO I",TÉRMICA,Gás,"Jaguatirica II",RRJII,UTE.GN.RR.044619-0.01,5002100000
"2022-08-08 03:00:00",N,NORTE,RR,RORAIMA,"TIPO I",TÉRMICA,Gás,"Jaguatirica II",RRJII,UTE.GN.RR.044619-0.01,5002100000
"2022-08-08 04:00:00",N,NORTE,RR,RORAIMA,"TIPO I",TÉRMICA,Gás,"Jaguatirica II",RRJII,UTE.GN.RR.044619-0.01,5001200000
"2022-08-08 05:00:00",N,NORTE,RR,RORAIMA,"TIPO I",TÉRMICA,Gás,"Jaguatirica II",RRJII,UTE.GN.RR.044619-0.01,5005300000
"2022-08-08 06:00:00",N,NORTE,RR,RORAIMA,"TIPO I",TÉRMICA,Gás,"Jaguatirica II",RRJII,UTE.GN.RR.044619-0.01,5003300000
"2022-08-08 07:00:00",N,NORTE,RR,RORAIMA,"TIPO I",TÉRMICA,Gás,"Jaguatirica II",RRJII,UTE.GN.RR.044619-0.01,5004200000
"2022-08-08 08:00:00",N,NORTE,RR,RORAIMA,"TIPO I",TÉRMICA,Gás,"Jaguatirica II",RRJII,UTE.GN.RR.044619-0.01,5007800000
"2022-08-08 09:00:00",N,NORTE,RR,RORAIMA,"TIPO I",TÉRMICA,Gás,"Jaguatirica II",RRJII,UTE.GN.RR.044619-0.01,5082400000
"2022-08-08 10:00:00",N,NORTE,RR,RORAIMA,"TIPO I",TÉRMICA,Gás,"Jaguatirica II",RRJII,UTE.GN.RR.044619-0.01,5019600000
"2022-08-08 11:00:00",N,NORTE,RR,RORAIMA,"TIPO I",TÉRMICA,Gás,"Jaguatirica II",RRJII,UTE.GN.RR.044619-0.01,5200400000
"2022-08-08 12:00:00",N,NORTE,RR,RORAIMA,"TIPO I",TÉRMICA,Gás,"Jaguatirica II",RRJII,UTE.GN.RR.044619-0.01,5043700000
"2022-08-08 13:00:00",N,NORTE,RR,RORAIMA,"TIPO I",TÉRMICA,Gás,"Jaguatirica II",RRJII,UTE.GN.RR.044619-0.01,5003000000
"2022-08-08 14:00:00",N,NORTE,RR,RORAIMA,"TIPO I",TÉRMICA,Gás,"Jaguatirica II",RRJII,UTE.GN.RR.044619-0.01,5005200000
"2022-08-08 15:00:00",N,NORTE,RR,RORAIMA,"TIPO I",TÉRMICA,Gás,"Jaguatirica II",RRJII,UTE.GN.RR.044619-0.01,5017200000
"2022-08-08 16:00:00",N,NORTE,RR,RORAIMA,"TIPO I",TÉRMICA,Gás,"Jaguatirica II",RRJII,UTE.GN.RR.044619-0.01,5005500000
"2022-08-08 17:00:00",N,NORTE,RR,RORAIMA,"TIPO I",TÉRMICA,Gás,"Jaguatirica II",RRJII,UTE.GN.RR.044619-0.01,5029800000
"2022-08-08 18:00:00",N,NORTE,RR,RORAIMA,"TIPO I",TÉRMICA,Gás,"Jaguatirica II",RRJII,UTE.GN.RR.044619-0.01,5004400000
"2022-08-08 19:00:00",N,NORTE,RR,RORAIMA,"TIPO I",TÉRMICA,Gás,"Jaguatirica II",RRJII,UTE.GN.RR.044619-0.01,5002100000
"2022-08-08 20:00:00",N,NORTE,RR,RORAIMA,"TIPO I",TÉRMICA,Gás,"Jaguatirica II",RRJII,UTE.GN.RR.044619-0.01,5008900000
"2022-08-08 21:00:00",N,NORTE,RR,RORAIMA,"TIPO I",TÉRMICA,Gás,"Jaguatirica II",RRJII,UTE.GN.RR.044619-0.01,5005500000
"2022-08-08 22:00:00",N,NORTE,RR,RORAIMA,"TIPO I",TÉRMICA,Gás,"Jaguatirica II",RRJII,UTE.GN.RR.044619-0.01,5003400000
"2022-08-08 23:00:00",N,NORTE,RR,RORAIMA,"TIPO I",TÉRMICA,Gás,"Jaguatirica II",RRJII,UTE.GN.RR.044619-0.01,5005800000
"2022-08-09 00:00:00",N,NORTE,RR,RORAIMA,"TIPO I",TÉRMICA,Gás,"Jaguatirica II",RRJII,UTE.GN.RR.044619-0.01,5000300000
"2022-08-09 01:00:00",N,NORTE,RR,RORAIMA,"TIPO I",TÉRMICA,Gás,"Jaguatirica II",RRJII,UTE.GN.RR.044619-0.01,5004900000
"2022-08-09 02:00:00",N,NORTE,RR,RORAIMA,"TIPO I",TÉRMICA,Gás,"Jaguatirica II",RRJII,UTE.GN.RR.044619-0.01,5002500000
"2022-08-09 03:00:00",N,NORTE,RR,RORAIMA,"TIPO I",TÉRMICA,Gás,"Jaguatirica II",RRJII,UTE.GN.RR.044619-0.01,5004600000
"2022-08-09 04:00:00",N,NORTE,RR,RORAIMA,"TIPO I",TÉRMICA,Gás,"Jaguatirica II",RRJII,UTE.GN.RR.044619-0.01,5005700000
"2022-08-09 05:00:00",N,NORTE,RR,RORAIMA,"TIPO I",TÉRMICA,Gás,"Jaguatirica II",RRJII,UTE.GN.RR.044619-0.01,4998800000
"2022-08-09 06:00:00",N,NORTE,RR,RORAIMA,"TIPO I",TÉRMICA,Gás,"Jaguatirica II",RRJII,UTE.GN.RR.044619-0.01,5008100000
"2022-08-09 07:00:00",N,NORTE,RR,RORAIMA,"TIPO I",TÉRMICA,Gás,"Jaguatirica II",RRJII,UTE.GN.RR.044619-0.01,5003700000
"2022-08-09 08:00:00",N,NORTE,RR,RORAIMA,"TIPO I",TÉRMICA,Gás,"Jaguatirica II",RRJII,UTE.GN.RR.044619-0.01,5004500000
"2022-08-09 09:00:00",N,NORTE,RR,RORAIMA,"TIPO I",TÉRMICA,Gás,"Jaguatirica II",RRJII,UTE.GN.RR.044619-0.01,5004600000
"2022-08-09 10:00:00",N,NORTE,RR,RORAIMA,"TIPO I",TÉRMICA,Gás,"Jaguatirica II",RRJII,UTE.GN.RR.044619-0.01,5020500000
"2022-08-09 11:00:00",N,NORTE,RR,RORAIMA,"TIPO I",TÉRMICA,Gás,"Jaguatirica II",RRJII,UTE.GN.RR.044619-0.01,5066200000
"2022-08-09 12:00:00",N,NORTE,RR,RORAIMA,"TIPO I",TÉRMICA,Gás,"Jaguatirica II",RRJII,UTE.GN.RR.044619-0.01,5028900000
"2022-08-09 13:00:00",N,NORTE,RR,RORAIMA,"TIPO I",TÉRMICA,Gás,"Jaguatirica II",RRJII,UTE.GN.RR.044619-0.01,5060100000
"2022-08-09 14:00:00",N,NORTE,RR,RORAIMA,"TIPO I",TÉRMICA,Gás,"Jaguatirica II",RRJII,UTE.GN.RR.044619-0.01,5079400000
"2022-08-09 15:00:00",N,NORTE,RR,RORAIMA,"TIPO I",TÉRMICA,Gás,"Jaguatirica II",RRJII,UTE.GN.RR.044619-0.01,5759500000
"2022-08-09 16:00:00",N,NORTE,RR,RORAIMA,"TIPO I",TÉRMICA,Gás,"Jaguatirica II",RRJII,UTE.GN.RR.044619-0.01,4958700000
"2022-08-09 17:00:00",N,NORTE,RR,RORAIMA,"TIPO I",TÉRMICA,Gás,"Jaguatirica II",RRJII,UTE.GN.RR.044619-0.01,4998100000
"2022-08-09 18:00:00",N,NORTE,RR,RORAIMA,"TIPO I",TÉRMICA,Gás,"Jaguatirica II",RRJII,UTE.GN.RR.044619-0.01,4986600000
"2022-08-09 19:00:00",N,NORTE,RR,RORAIMA,"TIPO I",TÉRMICA,Gás,"Jaguatirica II",RRJII,UTE.GN.RR.044619-0.01,4996700000
"2022-08-09 20:00:00",N,NORTE,RR,RORAIMA,"TIPO I",TÉRMICA,Gás,"Jaguatirica II",RRJII,UTE.GN.RR.044619-0.01,4996200000
"2022-08-09 21:00:00",N,NORTE,RR,RORAIMA,"TIPO I",TÉRMICA,Gás,"Jaguatirica II",RRJII,UTE.GN.RR.044619-0.01,4993600000
"2022-08-09 22:00:00",N,NORTE,RR,RORAIMA,"TIPO I",TÉRMICA,Gás,"Jaguatirica II",RRJII,UTE.GN.RR.044619-0.01,4995400000
"2022-08-09 23:00:00",N,NORTE,RR,RORAIMA,"TIPO I",TÉRMICA,Gás,"Jaguatirica II",RRJII,UTE.GN.RR.044619-0.01,4996400000
"2022-08-10 00:00:00",N,NORTE,RR,RORAIMA,"TIPO I",TÉRMICA,Gás,"Jaguatirica II",RRJII,UTE.GN.RR.044619-0.01,4992000000
"2022-08-10 01:00:00",N,NORTE,RR,RORAIMA,"TIPO I",TÉRMICA,Gás,"Jaguatirica II",RRJII,UTE.GN.RR.044619-0.01,4989200000
"2022-08-10 02:00:00",N,NORTE,RR,RORAIMA,"TIPO I",TÉRMICA,Gás,"Jaguatirica II",RRJII,UTE.GN.RR.044619-0.01,4991400000
"2022-08-10 03:00:00",N,NORTE,RR,RORAIMA,"TIPO I",TÉRMICA,Gás,"Jaguatirica II",RRJII,UTE.GN.RR.044619-0.01,4996000000
"2022-08-10 04:00:00",N,NORTE,RR,RORAIMA,"TIPO I",TÉRMICA,Gás,"Jaguatirica II",RRJII,UTE.GN.RR.044619-0.01,4994100000
"2022-08-10 05:00:00",N,NORTE,RR,RORAIMA,"TIPO I",TÉRMICA,Gás,"Jaguatirica II",RRJII,UTE.GN.RR.044619-0.01,4992600000
"2022-08-10 06:00:00",N,NORTE,RR,RORAIMA,"TIPO I",TÉRMICA,Gás,"Jaguatirica II",RRJII,UTE.GN.RR.044619-0.01,4994500000
"2022-08-10 07:00:00",N,NORTE,RR,RORAIMA,"TIPO I",TÉRMICA,Gás,"Jaguatirica II",RRJII,UTE.GN.RR.044619-0.01,5005900000
"2022-08-10 08:00:00",N,NORTE,RR,RORAIMA,"TIPO I",TÉRMICA,Gás,"Jaguatirica II",RRJII,UTE.GN.RR.044619-0.01,5003600000
"2022-08-10 09:00:00",N,NORTE,RR,RORAIMA,"TIPO I",TÉRMICA,Gás,"Jaguatirica II",RRJII,UTE.GN.RR.044619-0.01,5002400000
"2022-08-10 10:00:00",N,NORTE,RR,RORAIMA,"TIPO I",TÉRMICA,Gás,"Jaguatirica II",RRJII,UTE.GN.RR.044619-0.01,5002900000
"2022-08-10 11:00:00",N,NORTE,RR,RORAIMA,"TIPO I",TÉRMICA,Gás,"Jaguatirica II",RRJII,UTE.GN.RR.044619-0.01,5014800000
"2022-08-10 12:00:00",N,NORTE,RR,RORAIMA,"TIPO I",TÉRMICA,Gás,"Jaguatirica II",RRJII,UTE.GN.RR.044619-0.01,5003400000
"2022-08-10 13:00:00",N,NORTE,RR,RORAIMA,"TIPO I",TÉRMICA,Gás,"Jaguatirica II",RRJII,UTE.GN.RR.044619-0.01,5005900000
"2022-08-10 14:00:00",N,NORTE,RR,RORAIMA,"TIPO I",TÉRMICA,Gás,"Jaguatirica II",RRJII,UTE.GN.RR.044619-0.01,5002400000
"2022-08-10 15:00:00",N,NORTE,RR,RORAIMA,"TIPO I",TÉRMICA,Gás,"Jaguatirica II",RRJII,UTE.GN.RR.044619-0.01,5005100000
"2022-08-10 16:00:00",N,NORTE,RR,RORAIMA,"TIPO I",TÉRMICA,Gás,"Jaguatirica II",RRJII,UTE.GN.RR.044619-0.01,4999800000
"2022-08-10 17:00:00",N,NORTE,RR,RORAIMA,"TIPO I",TÉRMICA,Gás,"Jaguatirica II",RRJII,UTE.GN.RR.044619-0.01,5003200000
"2022-08-10 18:00:00",N,NORTE,RR,RORAIMA,"TIPO I",TÉRMICA,Gás,"Jaguatirica II",RRJII,UTE.GN.RR.044619-0.01,5006300000
"2022-08-10 19:00:00",N,NORTE,RR,RORAIMA,"TIPO I",TÉRMICA,Gás,"Jaguatirica II",RRJII,UTE.GN.RR.044619-0.01,5001900000
"2022-08-10 20:00:00",N,NORTE,RR,RORAIMA,"TIPO I",TÉRMICA,Gás,"Jaguatirica II",RRJII,UTE.GN.RR.044619-0.01,5005100000
"2022-08-10 21:00:00",N,NORTE,RR,RORAIMA,"TIPO I",TÉRMICA,Gás,"Jaguatirica II",RRJII,UTE.GN.RR.044619-0.01,5004800000
"2022-08-10 22:00:00",N,NORTE,RR,RORAIMA,"TIPO I",TÉRMICA,Gás,"Jaguatirica II",RRJII,UTE.GN.RR.044619-0.01,5003500000
"2022-08-10 23:00:00",N,NORTE,RR,RORAIMA,"TIPO I",TÉRMICA,Gás,"Jaguatirica II",RRJII,UTE.GN.RR.044619-0.01,5004700000
"2022-08-11 00:00:00",N,NORTE,RR,RORAIMA,"TIPO I",TÉRMICA,Gás,"Jaguatirica II",RRJII,UTE.GN.RR.044619-0.01,5005600000
"2022-08-11 01:00:00",N,NORTE,RR,RORAIMA,"TIPO I",TÉRMICA,Gás,"Jaguatirica II",RRJII,UTE.GN.RR.044619-0.01,5002200000
"2022-08-11 02:00:00",N,NORTE,RR,RORAIMA,"TIPO I",TÉRMICA,Gás,"Jaguatirica II",RRJII,UTE.GN.RR.044619-0.01,5004400000
"2022-08-11 03:00:00",N,NORTE,RR,RORAIMA,"TIPO I",TÉRMICA,Gás,"Jaguatirica II",RRJII,UTE.GN.RR.044619-0.01,5002300000
"2022-08-11 04:00:00",N,NORTE,RR,RORAIMA,"TIPO I",TÉRMICA,Gás,"Jaguatirica II",RRJII,UTE.GN.RR.044619-0.01,5005500000
"2022-08-11 05:00:00",N,NORTE,RR,RORAIMA,"TIPO I",TÉRMICA,Gás,"Jaguatirica II",RRJII,UTE.GN.RR.044619-0.01,5004100000
"2022-08-11 06:00:00",N,NORTE,RR,RORAIMA,"TIPO I",TÉRMICA,Gás,"Jaguatirica II",RRJII,UTE.GN.RR.044619-0.01,4999400000
"2022-08-11 07:00:00",N,NORTE,RR,RORAIMA,"TIPO I",TÉRMICA,Gás,"Jaguatirica II",RRJII,UTE.GN.RR.044619-0.01,5007400000
"2022-08-11 08:00:00",N,NORTE,RR,RORAIMA,"TIPO I",TÉRMICA,Gás,"Jaguatirica II",RRJII,UTE.GN.RR.044619-0.01,5003700000
"2022-08-11 09:00:00",N,NORTE,RR,RORAIMA,"TIPO I",TÉRMICA,Gás,"Jaguatirica II",RRJII,UTE.GN.RR.044619-0.01,5003000000
"2022-08-11 10:00:00",N,NORTE,RR,RORAIMA,"TIPO I",TÉRMICA,Gás,"Jaguatirica II",RRJII,UTE.GN.RR.044619-0.01,5005500000
"2022-08-11 11:00:00",N,NORTE,RR,RORAIMA,"TIPO I",TÉRMICA,Gás,"Jaguatirica II",RRJII,UTE.GN.RR.044619-0.01,5001700000
"2022-08-11 12:00:00",N,NORTE,RR,RORAIMA,"TIPO I",TÉRMICA,Gás,"Jaguatirica II",RRJII,UTE.GN.RR.044619-0.01,4984500000
"2022-08-11 13:00:00",N,NORTE,RR,RORAIMA,"TIPO I",TÉRMICA,Gás,"Jaguatirica II",RRJII,UTE.GN.RR.044619-0.01,4993400000
"2022-08-11 14:00:00",N,NORTE,RR,RORAIMA,"TIPO I",TÉRMICA,Gás,"Jaguatirica II",RRJII,UTE.GN.RR.044619-0.01,5003100000
"2022-08-11 15:00:00",N,NORTE,RR,RORAIMA,"TIPO I",TÉRMICA,Gás,"Jaguatirica II",RRJII,UTE.GN.RR.044619-0.01,5004300000
"2022-08-11 16:00:00",N,NORTE,RR,RORAIMA,"TIPO I",TÉRMICA,Gás,"Jaguatirica II",RRJII,UTE.GN.RR.044619-0.01,5003800000
"2022-08-11 17:00:00",N,NORTE,RR,RORAIMA,"TIPO I",TÉRMICA,Gás,"Jaguatirica II",RRJII,UTE.GN.RR.044619-0.01,5004400000
"2022-08-11 18:00:00",N,NORTE,RR,RORAIMA,"TIPO I",TÉRMICA,Gás,"Jaguatirica II",RRJII,UTE.GN.RR.044619-0.01,5005400000
"2022-08-11 19:00:00",N,NORTE,RR,RORAIMA,"TIPO I",TÉRMICA,Gás,"Jaguatirica II",RRJII,UTE.GN.RR.044619-0.01,5004400000
"2022-08-11 20:00:00",N,NORTE,RR,RORAIMA,"TIPO I",TÉRMICA,Gás,"Jaguatirica II",RRJII,UTE.GN.RR.044619-0.01,5003300000
"2022-08-11 21:00:00",N,NORTE,RR,RORAIMA,"TIPO I",TÉRMICA,Gás,"Jaguatirica II",RRJII,UTE.GN.RR.044619-0.01,5000700000
"2022-08-11 22:00:00",N,NORTE,RR,RORAIMA,"TIPO I",TÉRMICA,Gás,"Jaguatirica II",RRJII,UTE.GN.RR.044619-0.01,5002800000
"2022-08-11 23:00:00",N,NORTE,RR,RORAIMA,"TIPO I",TÉRMICA,Gás,"Jaguatirica II",RRJII,UTE.GN.RR.044619-0.01,5004200000
"2022-08-12 00:00:00",N,NORTE,RR,RORAIMA,"TIPO I",TÉRMICA,Gás,"Jaguatirica II",RRJII,UTE.GN.RR.044619-0.01,5001800000
"2022-08-12 01:00:00",N,NORTE,RR,RORAIMA,"TIPO I",TÉRMICA,Gás,"Jaguatirica II",RRJII,UTE.GN.RR.044619-0.01,5004500000
"2022-08-12 02:00:00",N,NORTE,RR,RORAIMA,"TIPO I",TÉRMICA,Gás,"Jaguatirica II",RRJII,UTE.GN.RR.044619-0.01,5006700000
"2022-08-12 03:00:00",N,NORTE,RR,RORAIMA,"TIPO I",TÉRMICA,Gás,"Jaguatirica II",RRJII,UTE.GN.RR.044619-0.01,5001800000
"2022-08-12 04:00:00",N,NORTE,RR,RORAIMA,"TIPO I",TÉRMICA,Gás,"Jaguatirica II",RRJII,UTE.GN.RR.044619-0.01,5003600000
"2022-08-12 05:00:00",N,NORTE,RR,RORAIMA,"TIPO I",TÉRMICA,Gás,"Jaguatirica II",RRJII,UTE.GN.RR.044619-0.01,5003000000
"2022-08-12 06:00:00",N,NORTE,RR,RORAIMA,"TIPO I",TÉRMICA,Gás,"Jaguatirica II",RRJII,UTE.GN.RR.044619-0.01,5000900000
"2022-08-12 07:00:00",N,NORTE,RR,RORAIMA,"TIPO I",TÉRMICA,Gás,"Jaguatirica II",RRJII,UTE.GN.RR.044619-0.01,5003400000
"2022-08-12 08:00:00",N,NORTE,RR,RORAIMA,"TIPO I",TÉRMICA,Gás,"Jaguatirica II",RRJII,UTE.GN.RR.044619-0.01,5000000000
"2022-08-12 09:00:00",N,NORTE,RR,RORAIMA,"TIPO I",TÉRMICA,Gás,"Jaguatirica II",RRJII,UTE.GN.RR.044619-0.01,5001200000
"2022-08-12 10:00:00",N,NORTE,RR,RORAIMA,"TIPO I",TÉRMICA,Gás,"Jaguatirica II",RRJII,UTE.GN.RR.044619-0.01,5003200000
"2022-08-12 11:00:00",N,NORTE,RR,RORAIMA,"TIPO I",TÉRMICA,Gás,"Jaguatirica II",RRJII,UTE.GN.RR.044619-0.01,4999700000
"2022-08-12 12:00:00",N,NORTE,RR,RORAIMA,"TIPO I",TÉRMICA,Gás,"Jaguatirica II",RRJII,UTE.GN.RR.044619-0.01,5001500000
"2022-08-12 13:00:00",N,NORTE,RR,RORAIMA,"TIPO I",TÉRMICA,Gás,"Jaguatirica II",RRJII,UTE.GN.RR.044619-0.01,5008200000
"2022-08-12 14:00:00",N,NORTE,RR,RORAIMA,"TIPO I",TÉRMICA,Gás,"Jaguatirica II",RRJII,UTE.GN.RR.044619-0.01,4986400000
"2022-08-12 15:00:00",N,NORTE,RR,RORAIMA,"TIPO I",TÉRMICA,Gás,"Jaguatirica II",RRJII,UTE.GN.RR.044619-0.01,5005300000
"2022-08-12 16:00:00",N,NORTE,RR,RORAIMA,"TIPO I",TÉRMICA,Gás,"Jaguatirica II",RRJII,UTE.GN.RR.044619-0.01,5002900000
"2022-08-12 17:00:00",N,NORTE,RR,RORAIMA,"TIPO I",TÉRMICA,Gás,"Jaguatirica II",RRJII,UTE.GN.RR.044619-0.01,5001900000
"2022-08-12 18:00:00",N,NORTE,RR,RORAIMA,"TIPO I",TÉRMICA,Gás,"Jaguatirica II",RRJII,UTE.GN.RR.044619-0.01,5006300000
"2022-08-12 19:00:00",N,NORTE,RR,RORAIMA,"TIPO I",TÉRMICA,Gás,"Jaguatirica II",RRJII,UTE.GN.RR.044619-0.01,4998200000
"2022-08-12 20:00:00",N,NORTE,RR,RORAIMA,"TIPO I",TÉRMICA,Gás,"Jaguatirica II",RRJII,UTE.GN.RR.044619-0.01,5003100000
"2022-08-12 21:00:00",N,NORTE,RR,RORAIMA,"TIPO I",TÉRMICA,Gás,"Jaguatirica II",RRJII,UTE.GN.RR.044619-0.01,5003600000
"2022-08-12 22:00:00",N,NORTE,RR,RORAIMA,"TIPO I",TÉRMICA,Gás,"Jaguatirica II",RRJII,UTE.GN.RR.044619-0.01,5003200000
"2022-08-12 23:00:00",N,NORTE,RR,RORAIMA,"TIPO I",TÉRMICA,Gás,"Jaguatirica II",RRJII,UTE.GN.RR.044619-0.01,5004600000
"2022-08-13 00:00:00",N,NORTE,RR,RORAIMA,"TIPO I",TÉRMICA,Gás,"Jaguatirica II",RRJII,UTE.GN.RR.044619-0.01,5002900000
"2022-08-13 01:00:00",N,NORTE,RR,RORAIMA,"TIPO I",TÉRMICA,Gás,"Jaguatirica II",RRJII,UTE.GN.RR.044619-0.01,4995800000
"2022-08-13 02:00:00",N,NORTE,RR,RORAIMA,"TIPO I",TÉRMICA,Gás,"Jaguatirica II",RRJII,UTE.GN.RR.044619-0.01,5004300000
"2022-08-13 03:00:00",N,NORTE,RR,RORAIMA,"TIPO I",TÉRMICA,Gás,"Jaguatirica II",RRJII,UTE.GN.RR.044619-0.01,5003500000
"2022-08-13 04:00:00",N,NORTE,RR,RORAIMA,"TIPO I",TÉRMICA,Gás,"Jaguatirica II",RRJII,UTE.GN.RR.044619-0.01,5002800000
"2022-08-13 05:00:00",N,NORTE,RR,RORAIMA,"TIPO I",TÉRMICA,Gás,"Jaguatirica II",RRJII,UTE.GN.RR.044619-0.01,5003000000
"2022-08-13 06:00:00",N,NORTE,RR,RORAIMA,"TIPO I",TÉRMICA,Gás,"Jaguatirica II",RRJII,UTE.GN.RR.044619-0.01,5001200000
"2022-08-13 07:00:00",N,NORTE,RR,RORAIMA,"TIPO I",TÉRMICA,Gás,"Jaguatirica II",RRJII,UTE.GN.RR.044619-0.01,5002700000
"2022-08-13 08:00:00",N,NORTE,RR,RORAIMA,"TIPO I",TÉRMICA,Gás,"Jaguatirica II",RRJII,UTE.GN.RR.044619-0.01,5004600000
"2022-08-13 09:00:00",N,NORTE,RR,RORAIMA,"TIPO I",TÉRMICA,Gás,"Jaguatirica II",RRJII,UTE.GN.RR.044619-0.01,5003800000
"2022-08-13 10:00:00",N,NORTE,RR,RORAIMA,"TIPO I",TÉRMICA,Gás,"Jaguatirica II",RRJII,UTE.GN.RR.044619-0.01,5002100000
"2022-08-13 11:00:00",N,NORTE,RR,RORAIMA,"TIPO I",TÉRMICA,Gás,"Jaguatirica II",RRJII,UTE.GN.RR.044619-0.01,5003200000
"2022-08-13 12:00:00",N,NORTE,RR,RORAIMA,"TIPO I",TÉRMICA,Gás,"Jaguatirica II",RRJII,UTE.GN.RR.044619-0.01,5001200000
"2022-08-13 13:00:00",N,NORTE,RR,RORAIMA,"TIPO I",TÉRMICA,Gás,"Jaguatirica II",RRJII,UTE.GN.RR.044619-0.01,5005100000
"2022-08-13 14:00:00",N,NORTE,RR,RORAIMA,"TIPO I",TÉRMICA,Gás,"Jaguatirica II",RRJII,UTE.GN.RR.044619-0.01,5004800000
"2022-08-13 15:00:00",N,NORTE,RR,RORAIMA,"TIPO I",TÉRMICA,Gás,"Jaguatirica II",RRJII,UTE.GN.RR.044619-0.01,5005100000
"2022-08-13 16:00:00",N,NORTE,RR,RORAIMA,"TIPO I",TÉRMICA,Gás,"Jaguatirica II",RRJII,UTE.GN.RR.044619-0.01,4999500000
"2022-08-13 17:00:00",N,NORTE,RR,RORAIMA,"TIPO I",TÉRMICA,Gás,"Jaguatirica II",RRJII,UTE.GN.RR.044619-0.01,5003700000
"2022-08-13 18:00:00",N,NORTE,RR,RORAIMA,"TIPO I",TÉRMICA,Gás,"Jaguatirica II",RRJII,UTE.GN.RR.044619-0.01,4999600000
"2022-08-13 19:00:00",N,NORTE,RR,RORAIMA,"TIPO I",TÉRMICA,Gás,"Jaguatirica II",RRJII,UTE.GN.RR.044619-0.01,5001200000
"2022-08-13 20:00:00",N,NORTE,RR,RORAIMA,"TIPO I",TÉRMICA,Gás,"Jaguatirica II",RRJII,UTE.GN.RR.044619-0.01,5005600000
"2022-08-13 21:00:00",N,NORTE,RR,RORAIMA,"TIPO I",TÉRMICA,Gás,"Jaguatirica II",RRJII,UTE.GN.RR.044619-0.01,5004700000
"2022-08-13 22:00:00",N,NORTE,RR,RORAIMA,"TIPO I",TÉRMICA,Gás,"Jaguatirica II",RRJII,UTE.GN.RR.044619-0.01,5000600000
"2022-08-13 23:00:00",N,NORTE,RR,RORAIMA,"TIPO I",TÉRMICA,Gás,"Jaguatirica II",RRJII,UTE.GN.RR.044619-0.01,5001800000
"2022-08-14 00:00:00",N,NORTE,RR,RORAIMA,"TIPO I",TÉRMICA,Gás,"Jaguatirica II",RRJII,UTE.GN.RR.044619-0.01,5001500000
"2022-08-14 01:00:00",N,NORTE,RR,RORAIMA,"TIPO I",TÉRMICA,Gás,"Jaguatirica II",RRJII,UTE.GN.RR.044619-0.01,5002400000
"2022-08-14 02:00:00",N,NORTE,RR,RORAIMA,"TIPO I",TÉRMICA,Gás,"Jaguatirica II",RRJII,UTE.GN.RR.044619-0.01,5004200000
"2022-08-14 03:00:00",N,NORTE,RR,RORAIMA,"TIPO I",TÉRMICA,Gás,"Jaguatirica II",RRJII,UTE.GN.RR.044619-0.01,4999700000
"2022-08-14 04:00:00",N,NORTE,RR,RORAIMA,"TIPO I",TÉRMICA,Gás,"Jaguatirica II",RRJII,UTE.GN.RR.044619-0.01,5002700000
"2022-08-14 05:00:00",N,NORTE,RR,RORAIMA,"TIPO I",TÉRMICA,Gás,"Jaguatirica II",RRJII,UTE.GN.RR.044619-0.01,5002500000
"2022-08-14 06:00:00",N,NORTE,RR,RORAIMA,"TIPO I",TÉRMICA,Gás,"Jaguatirica II",RRJII,UTE.GN.RR.044619-0.01,5000600000
"2022-08-14 07:00:00",N,NORTE,RR,RORAIMA,"TIPO I",TÉRMICA,Gás,"Jaguatirica II",RRJII,UTE.GN.RR.044619-0.01,5027000000
"2022-08-14 08:00:00",N,NORTE,RR,RORAIMA,"TIPO I",TÉRMICA,Gás,"Jaguatirica II",RRJII,UTE.GN.RR.044619-0.01,5011700000
"2022-08-14 09:00:00",N,NORTE,RR,RORAIMA,"TIPO I",TÉRMICA,Gás,"Jaguatirica II",RRJII,UTE.GN.RR.044619-0.01,5012700000
"2022-08-14 10:00:00",N,NORTE,RR,RORAIMA,"TIPO I",TÉRMICA,Gás,"Jaguatirica II",RRJII,UTE.GN.RR.044619-0.01,5012800000
"2022-08-14 11:00:00",N,NORTE,RR,RORAIMA,"TIPO I",TÉRMICA,Gás,"Jaguatirica II",RRJII,UTE.GN.RR.044619-0.01,5013300000
"2022-08-14 12:00:00",N,NORTE,RR,RORAIMA,"TIPO I",TÉRMICA,Gás,"Jaguatirica II",RRJII,UTE.GN.RR.044619-0.01,5013300000
"2022-08-14 13:00:00",N,NORTE,RR,RORAIMA,"TIPO I",TÉRMICA,Gás,"Jaguatirica II",RRJII,UTE.GN.RR.044619-0.01,5013100000
"2022-08-14 14:00:00",N,NORTE,RR,RORAIMA,"TIPO I",TÉRMICA,Gás,"Jaguatirica II",RRJII,UTE.GN.RR.044619-0.01,5012800000
"2022-08-14 15:00:00",N,NORTE,RR,RORAIMA,"TIPO I",TÉRMICA,Gás,"Jaguatirica II",RRJII,UTE.GN.RR.044619-0.01,5012300000
"2022-08-14 16:00:00",N,NORTE,RR,RORAIMA,"TIPO I",TÉRMICA,Gás,"Jaguatirica II",RRJII,UTE.GN.RR.044619-0.01,5012200000
"2022-08-14 17:00:00",N,NORTE,RR,RORAIMA,"TIPO I",TÉRMICA,Gás,"Jaguatirica II",RRJII,UTE.GN.RR.044619-0.01,5013100000
"2022-08-14 18:00:00",N,NORTE,RR,RORAIMA,"TIPO I",TÉRMICA,Gás,"Jaguatirica II",RRJII,UTE.GN.RR.044619-0.01,5013100000
"2022-08-14 19:00:00",N,NORTE,RR,RORAIMA,"TIPO I",TÉRMICA,Gás,"Jaguatirica II",RRJII,UTE.GN.RR.044619-0.01,5015100000
"2022-08-14 20:00:00",N,NORTE,RR,RORAIMA,"TIPO I",TÉRMICA,Gás,"Jaguatirica II",RRJII,UTE.GN.RR.044619-0.01,5013200000
"2022-08-14 21:00:00",N,NORTE,RR,RORAIMA,"TIPO I",TÉRMICA,Gás,"Jaguatirica II",RRJII,UTE.GN.RR.044619-0.01,5012600000
"2022-08-14 22:00:00",N,NORTE,RR,RORAIMA,"TIPO I",TÉRMICA,Gás,"Jaguatirica II",RRJII,UTE.GN.RR.044619-0.01,5012600000
"2022-08-14 23:00:00",N,NORTE,RR,RORAIMA,"TIPO I",TÉRMICA,Gás,"Jaguatirica II",RRJII,UTE.GN.RR.044619-0.01,5012700000
"2022-08-15 00:00:00",N,NORTE,RR,RORAIMA,"TIPO I",TÉRMICA,Gás,"Jaguatirica II",RRJII,UTE.GN.RR.044619-0.01,5009600000
"2022-08-15 01:00:00",N,NORTE,RR,RORAIMA,"TIPO I",TÉRMICA,Gás,"Jaguatirica II",RRJII,UTE.GN.RR.044619-0.01,5008100000
"2022-08-15 02:00:00",N,NORTE,RR,RORAIMA,"TIPO I",TÉRMICA,Gás,"Jaguatirica II",RRJII,UTE.GN.RR.044619-0.01,5007400000
"2022-08-15 03:00:00",N,NORTE,RR,RORAIMA,"TIPO I",TÉRMICA,Gás,"Jaguatirica II",RRJII,UTE.GN.RR.044619-0.01,5008700000
"2022-08-15 04:00:00",N,NORTE,RR,RORAIMA,"TIPO I",TÉRMICA,Gás,"Jaguatirica II",RRJII,UTE.GN.RR.044619-0.01,5009100000
"2022-08-15 05:00:00",N,NORTE,RR,RORAIMA,"TIPO I",TÉRMICA,Gás,"Jaguatirica II",RRJII,UTE.GN.RR.044619-0.01,5009800000
"2022-08-15 06:00:00",N,NORTE,RR,RORAIMA,"TIPO I",TÉRMICA,Gás,"Jaguatirica II",RRJII,UTE.GN.RR.044619-0.01,5008900000
"2022-08-15 07:00:00",N,NORTE,RR,RORAIMA,"TIPO I",TÉRMICA,Gás,"Jaguatirica II",RRJII,UTE.GN.RR.044619-0.01,5009300000
"2022-08-15 08:00:00",N,NORTE,RR,RORAIMA,"TIPO I",TÉRMICA,Gás,"Jaguatirica II",RRJII,UTE.GN.RR.044619-0.01,5008500000
"2022-08-15 09:00:00",N,NORTE,RR,RORAIMA,"TIPO I",TÉRMICA,Gás,"Jaguatirica II",RRJII,UTE.GN.RR.044619-0.01,5056500000
"2022-08-15 10:00:00",N,NORTE,RR,RORAIMA,"TIPO I",TÉRMICA,Gás,"Jaguatirica II",RRJII,UTE.GN.RR.044619-0.01,5065900000
"2022-08-15 11:00:00",N,NORTE,RR,RORAIMA,"TIPO I",TÉRMICA,Gás,"Jaguatirica II",RRJII,UTE.GN.RR.044619-0.01,5040000000
"2022-08-15 12:00:00",N,NORTE,RR,RORAIMA,"TIPO I",TÉRMICA,Gás,"Jaguatirica II",RRJII,UTE.GN.RR.044619-0.01,5008900000
"2022-08-15 13:00:00",N,NORTE,RR,RORAIMA,"TIPO I",TÉRMICA,Gás,"Jaguatirica II",RRJII,UTE.GN.RR.044619-0.01,5028500000
"2022-08-15 14:00:00",N,NORTE,RR,RORAIMA,"TIPO I",TÉRMICA,Gás,"Jaguatirica II",RRJII,UTE.GN.RR.044619-0.01,5056100000
"2022-08-15 15:00:00",N,NORTE,RR,RORAIMA,"TIPO I",TÉRMICA,Gás,"Jaguatirica II",RRJII,UTE.GN.RR.044619-0.01,5062500000
"2022-08-15 16:00:00",N,NORTE,RR,RORAIMA,"TIPO I",TÉRMICA,Gás,"Jaguatirica II",RRJII,UTE.GN.RR.044619-0.01,5036700000
"2022-08-15 17:00:00",N,NORTE,RR,RORAIMA,"TIPO I",TÉRMICA,Gás,"Jaguatirica II",RRJII,UTE.GN.RR.044619-0.01,5018400000
"2022-08-15 18:00:00",N,NORTE,RR,RORAIMA,"TIPO I",TÉRMICA,Gás,"Jaguatirica II",RRJII,UTE.GN.RR.044619-0.01,5015900000
"2022-08-15 19:00:00",N,NORTE,RR,RORAIMA,"TIPO I",TÉRMICA,Gás,"Jaguatirica II",RRJII,UTE.GN.RR.044619-0.01,5008400000
"2022-08-15 20:00:00",N,NORTE,RR,RORAIMA,"TIPO I",TÉRMICA,Gás,"Jaguatirica II",RRJII,UTE.GN.RR.044619-0.01,5009400000
"2022-08-15 21:00:00",N,NORTE,RR,RORAIMA,"TIPO I",TÉRMICA,Gás,"Jaguatirica II",RRJII,UTE.GN.RR.044619-0.01,5013100000
"2022-08-15 22:00:00",N,NORTE,RR,RORAIMA,"TIPO I",TÉRMICA,Gás,"Jaguatirica II",RRJII,UTE.GN.RR.044619-0.01,5008300000
"2022-08-15 23:00:00",N,NORTE,RR,RORAIMA,"TIPO I",TÉRMICA,Gás,"Jaguatirica II",RRJII,UTE.GN.RR.044619-0.01,5008600000
"2022-08-16 00:00:00",N,NORTE,RR,RORAIMA,"TIPO I",TÉRMICA,Gás,"Jaguatirica II",RRJII,UTE.GN.RR.044619-0.01,5013200000
"2022-08-16 01:00:00",N,NORTE,RR,RORAIMA,"TIPO I",TÉRMICA,Gás,"Jaguatirica II",RRJII,UTE.GN.RR.044619-0.01,5012800000
"2022-08-16 02:00:00",N,NORTE,RR,RORAIMA,"TIPO I",TÉRMICA,Gás,"Jaguatirica II",RRJII,UTE.GN.RR.044619-0.01,5013200000
"2022-08-16 03:00:00",N,NORTE,RR,RORAIMA,"TIPO I",TÉRMICA,Gás,"Jaguatirica II",RRJII,UTE.GN.RR.044619-0.01,5020100000
"2022-08-16 04:00:00",N,NORTE,RR,RORAIMA,"TIPO I",TÉRMICA,Gás,"Jaguatirica II",RRJII,UTE.GN.RR.044619-0.01,5021200000
"2022-08-16 05:00:00",N,NORTE,RR,RORAIMA,"TIPO I",TÉRMICA,Gás,"Jaguatirica II",RRJII,UTE.GN.RR.044619-0.01,5013000000
"2022-08-16 06:00:00",N,NORTE,RR,RORAIMA,"TIPO I",TÉRMICA,Gás,"Jaguatirica II",RRJII,UTE.GN.RR.044619-0.01,5014600000
"2022-08-16 07:00:00",N,NORTE,RR,RORAIMA,"TIPO I",TÉRMICA,Gás,"Jaguatirica II",RRJII,UTE.GN.RR.044619-0.01,5011800000
"2022-08-16 08:00:00",N,NORTE,RR,RORAIMA,"TIPO I",TÉRMICA,Gás,"Jaguatirica II",RRJII,UTE.GN.RR.044619-0.01,5016900000
"2022-08-16 09:00:00",N,NORTE,RR,RORAIMA,"TIPO I",TÉRMICA,Gás,"Jaguatirica II",RRJII,UTE.GN.RR.044619-0.01,5009700000
"2022-08-16 10:00:00",N,NORTE,RR,RORAIMA,"TIPO I",TÉRMICA,Gás,"Jaguatirica II",RRJII,UTE.GN.RR.044619-0.01,5012600000
"2022-08-16 11:00:00",N,NORTE,RR,RORAIMA,"TIPO I",TÉRMICA,Gás,"Jaguatirica II",RRJII,UTE.GN.RR.044619-0.01,5013200000
"2022-08-16 12:00:00",N,NORTE,RR,RORAIMA,"TIPO I",TÉRMICA,Gás,"Jaguatirica II",RRJII,UTE.GN.RR.044619-0.01,5012500000
"2022-08-16 13:00:00",N,NORTE,RR,RORAIMA,"TIPO I",TÉRMICA,Gás,"Jaguatirica II",RRJII,UTE.GN.RR.044619-0.01,5011600000
"2022-08-16 14:00:00",N,NORTE,RR,RORAIMA,"TIPO I",TÉRMICA,Gás,"Jaguatirica II",RRJII,UTE.GN.RR.044619-0.01,5012600000
"2022-08-16 15:00:00",N,NORTE,RR,RORAIMA,"TIPO I",TÉRMICA,Gás,"Jaguatirica II",RRJII,UTE.GN.RR.044619-0.01,5011700000
"2022-08-16 16:00:00",N,NORTE,RR,RORAIMA,"TIPO I",TÉRMICA,Gás,"Jaguatirica II",RRJII,UTE.GN.RR.044619-0.01,5012600000
"2022-08-16 17:00:00",N,NORTE,RR,RORAIMA,"TIPO I",TÉRMICA,Gás,"Jaguatirica II",RRJII,UTE.GN.RR.044619-0.01,5013700000
"2022-08-16 18:00:00",N,NORTE,RR,RORAIMA,"TIPO I",TÉRMICA,Gás,"Jaguatirica II",RRJII,UTE.GN.RR.044619-0.01,5014400000
"2022-08-16 19:00:00",N,NORTE,RR,RORAIMA,"TIPO I",TÉRMICA,Gás,"Jaguatirica II",RRJII,UTE.GN.RR.044619-0.01,5011900000
"2022-08-16 20:00:00",N,NORTE,RR,RORAIMA,"TIPO I",TÉRMICA,Gás,"Jaguatirica II",RRJII,UTE.GN.RR.044619-0.01,5012900000
"2022-08-16 21:00:00",N,NORTE,RR,RORAIMA,"TIPO I",TÉRMICA,Gás,"Jaguatirica II",RRJII,UTE.GN.RR.044619-0.01,5011600000
"2022-08-16 22:00:00",N,NORTE,RR,RORAIMA,"TIPO I",TÉRMICA,Gás,"Jaguatirica II",RRJII,UTE.GN.RR.044619-0.01,5012500000
"2022-08-16 23:00:00",N,NORTE,RR,RORAIMA,"TIPO I",TÉRMICA,Gás,"Jaguatirica II",RRJII,UTE.GN.RR.044619-0.01,5010400000
"2022-08-17 00:00:00",N,NORTE,RR,RORAIMA,"TIPO I",TÉRMICA,Gás,"Jaguatirica II",RRJII,UTE.GN.RR.044619-0.01,5012400000
"2022-08-17 01:00:00",N,NORTE,RR,RORAIMA,"TIPO I",TÉRMICA,Gás,"Jaguatirica II",RRJII,UTE.GN.RR.044619-0.01,5012400000
"2022-08-17 02:00:00",N,NORTE,RR,RORAIMA,"TIPO I",TÉRMICA,Gás,"Jaguatirica II",RRJII,UTE.GN.RR.044619-0.01,5012800000
"2022-08-17 03:00:00",N,NORTE,RR,RORAIMA,"TIPO I",TÉRMICA,Gás,"Jaguatirica II",RRJII,UTE.GN.RR.044619-0.01,5012400000
"2022-08-17 04:00:00",N,NORTE,RR,RORAIMA,"TIPO I",TÉRMICA,Gás,"Jaguatirica II",RRJII,UTE.GN.RR.044619-0.01,5012400000
"2022-08-17 05:00:00",N,NORTE,RR,RORAIMA,"TIPO I",TÉRMICA,Gás,"Jaguatirica II",RRJII,UTE.GN.RR.044619-0.01,5012500000
"2022-08-17 06:00:00",N,NORTE,RR,RORAIMA,"TIPO I",TÉRMICA,Gás,"Jaguatirica II",RRJII,UTE.GN.RR.044619-0.01,5012400000
"2022-08-17 07:00:00",N,NORTE,RR,RORAIMA,"TIPO I",TÉRMICA,Gás,"Jaguatirica II",RRJII,UTE.GN.RR.044619-0.01,5012000000
"2022-08-17 08:00:00",N,NORTE,RR,RORAIMA,"TIPO I",TÉRMICA,Gás,"Jaguatirica II",RRJII,UTE.GN.RR.044619-0.01,5013800000
"2022-08-17 09:00:00",N,NORTE,RR,RORAIMA,"TIPO I",TÉRMICA,Gás,"Jaguatirica II",RRJII,UTE.GN.RR.044619-0.01,5014100000
"2022-08-17 10:00:00",N,NORTE,RR,RORAIMA,"TIPO I",TÉRMICA,Gás,"Jaguatirica II",RRJII,UTE.GN.RR.044619-0.01,5013300000
"2022-08-17 11:00:00",N,NORTE,RR,RORAIMA,"TIPO I",TÉRMICA,Gás,"Jaguatirica II",RRJII,UTE.GN.RR.044619-0.01,5010200000
"2022-08-17 12:00:00",N,NORTE,RR,RORAIMA,"TIPO I",TÉRMICA,Gás,"Jaguatirica II",RRJII,UTE.GN.RR.044619-0.01,5010300000
"2022-08-17 13:00:00",N,NORTE,RR,RORAIMA,"TIPO I",TÉRMICA,Gás,"Jaguatirica II",RRJII,UTE.GN.RR.044619-0.01,5023200000
"2022-08-17 14:00:00",N,NORTE,RR,RORAIMA,"TIPO I",TÉRMICA,Gás,"Jaguatirica II",RRJII,UTE.GN.RR.044619-0.01,5084800000
"2022-08-17 15:00:00",N,NORTE,RR,RORAIMA,"TIPO I",TÉRMICA,Gás,"Jaguatirica II",RRJII,UTE.GN.RR.044619-0.01,4983500000
"2022-08-17 16:00:00",N,NORTE,RR,RORAIMA,"TIPO I",TÉRMICA,Gás,"Jaguatirica II",RRJII,UTE.GN.RR.044619-0.01,4983100000
"2022-08-17 17:00:00",N,NORTE,RR,RORAIMA,"TIPO I",TÉRMICA,Gás,"Jaguatirica II",RRJII,UTE.GN.RR.044619-0.01,4983100000
"2022-08-17 18:00:00",N,NORTE,RR,RORAIMA,"TIPO I",TÉRMICA,Gás,"Jaguatirica II",RRJII,UTE.GN.RR.044619-0.01,4983100000
"2022-08-17 19:00:00",N,NORTE,RR,RORAIMA,"TIPO I",TÉRMICA,Gás,"Jaguatirica II",RRJII,UTE.GN.RR.044619-0.01,4983300000
"2022-08-17 20:00:00",N,NORTE,RR,RORAIMA,"TIPO I",TÉRMICA,Gás,"Jaguatirica II",RRJII,UTE.GN.RR.044619-0.01,4982600000
"2022-08-17 21:00:00",N,NORTE,RR,RORAIMA,"TIPO I",TÉRMICA,Gás,"Jaguatirica II",RRJII,UTE.GN.RR.044619-0.01,4982300000
"2022-08-17 22:00:00",N,NORTE,RR,RORAIMA,"TIPO I",TÉRMICA,Gás,"Jaguatirica II",RRJII,UTE.GN.RR.044619-0.01,5002600000
"2022-08-17 23:00:00",N,NORTE,RR,RORAIMA,"TIPO I",TÉRMICA,Gás,"Jaguatirica II",RRJII,UTE.GN.RR.044619-0.01,5002700000
"2022-08-18 00:00:00",N,NORTE,RR,RORAIMA,"TIPO I",TÉRMICA,Gás,"Jaguatirica II",RRJII,UTE.GN.RR.044619-0.01,5002900000
"2022-08-18 01:00:00",N,NORTE,RR,RORAIMA,"TIPO I",TÉRMICA,Gás,"Jaguatirica II",RRJII,UTE.GN.RR.044619-0.01,5002100000
"2022-08-18 02:00:00",N,NORTE,RR,RORAIMA,"TIPO I",TÉRMICA,Gás,"Jaguatirica II",RRJII,UTE.GN.RR.044619-0.01,5002100000
"2022-08-18 03:00:00",N,NORTE,RR,RORAIMA,"TIPO I",TÉRMICA,Gás,"Jaguatirica II",RRJII,UTE.GN.RR.044619-0.01,5001700000
"2022-08-18 04:00:00",N,NORTE,RR,RORAIMA,"TIPO I",TÉRMICA,Gás,"Jaguatirica II",RRJII,UTE.GN.RR.044619-0.01,4998700000
"2022-08-18 05:00:00",N,NORTE,RR,RORAIMA,"TIPO I",TÉRMICA,Gás,"Jaguatirica II",RRJII,UTE.GN.RR.044619-0.01,4999800000
"2022-08-18 06:00:00",N,NORTE,RR,RORAIMA,"TIPO I",TÉRMICA,Gás,"Jaguatirica II",RRJII,UTE.GN.RR.044619-0.01,5000000000
"2022-08-18 07:00:00",N,NORTE,RR,RORAIMA,"TIPO I",TÉRMICA,Gás,"Jaguatirica II",RRJII,UTE.GN.RR.044619-0.01,4995400000
"2022-08-18 08:00:00",N,NORTE,RR,RORAIMA,"TIPO I",TÉRMICA,Gás,"Jaguatirica II",RRJII,UTE.GN.RR.044619-0.01,5000800000
"2022-08-18 09:00:00",N,NORTE,RR,RORAIMA,"TIPO I",TÉRMICA,Gás,"Jaguatirica II",RRJII,UTE.GN.RR.044619-0.01,4998000000
"2022-08-18 10:00:00",N,NORTE,RR,RORAIMA,"TIPO I",TÉRMICA,Gás,"Jaguatirica II",RRJII,UTE.GN.RR.044619-0.01,4995000000
"2022-08-18 11:00:00",N,NORTE,RR,RORAIMA,"TIPO I",TÉRMICA,Gás,"Jaguatirica II",RRJII,UTE.GN.RR.044619-0.01,5006600000
"2022-08-18 12:00:00",N,NORTE,RR,RORAIMA,"TIPO I",TÉRMICA,Gás,"Jaguatirica II",RRJII,UTE.GN.RR.044619-0.01,4988500000
"2022-08-18 13:00:00",N,NORTE,RR,RORAIMA,"TIPO I",TÉRMICA,Gás,"Jaguatirica II",RRJII,UTE.GN.RR.044619-0.01,4996400000
"2022-08-18 14:00:00",N,NORTE,RR,RORAIMA,"TIPO I",TÉRMICA,Gás,"Jaguatirica II",RRJII,UTE.GN.RR.044619-0.01,4995400000
"2022-08-18 15:00:00",N,NORTE,RR,RORAIMA,"TIPO I",TÉRMICA,Gás,"Jaguatirica II",RRJII,UTE.GN.RR.044619-0.01,4989900000
"2022-08-18 16:00:00",N,NORTE,RR,RORAIMA,"TIPO I",TÉRMICA,Gás,"Jaguatirica II",RRJII,UTE.GN.RR.044619-0.01,4993400000
"2022-08-18 17:00:00",N,NORTE,RR,RORAIMA,"TIPO I",TÉRMICA,Gás,"Jaguatirica II",RRJII,UTE.GN.RR.044619-0.01,4996800000
"2022-08-18 18:00:00",N,NORTE,RR,RORAIMA,"TIPO I",TÉRMICA,Gás,"Jaguatirica II",RRJII,UTE.GN.RR.044619-0.01,4999400000
"2022-08-18 19:00:00",N,NORTE,RR,RORAIMA,"TIPO I",TÉRMICA,Gás,"Jaguatirica II",RRJII,UTE.GN.RR.044619-0.01,4997400000
"2022-08-18 20:00:00",N,NORTE,RR,RORAIMA,"TIPO I",TÉRMICA,Gás,"Jaguatirica II",RRJII,UTE.GN.RR.044619-0.01,4995100000
"2022-08-18 21:00:00",N,NORTE,RR,RORAIMA,"TIPO I",TÉRMICA,Gás,"Jaguatirica II",RRJII,UTE.GN.RR.044619-0.01,4998800000
"2022-08-18 22:00:00",N,NORTE,RR,RORAIMA,"TIPO I",TÉRMICA,Gás,"Jaguatirica II",RRJII,UTE.GN.RR.044619-0.01,4999200000
"2022-08-18 23:00:00",N,NORTE,RR,RORAIMA,"TIPO I",TÉRMICA,Gás,"Jaguatirica II",RRJII,UTE.GN.RR.044619-0.01,4999200000
"2022-08-19 00:00:00",N,NORTE,RR,RORAIMA,"TIPO I",TÉRMICA,Gás,"Jaguatirica II",RRJII,UTE.GN.RR.044619-0.01,5000100000
"2022-08-19 01:00:00",N,NORTE,RR,RORAIMA,"TIPO I",TÉRMICA,Gás,"Jaguatirica II",RRJII,UTE.GN.RR.044619-0.01,4999700000
"2022-08-19 02:00:00",N,NORTE,RR,RORAIMA,"TIPO I",TÉRMICA,Gás,"Jaguatirica II",RRJII,UTE.GN.RR.044619-0.01,4999900000
"2022-08-19 03:00:00",N,NORTE,RR,RORAIMA,"TIPO I",TÉRMICA,Gás,"Jaguatirica II",RRJII,UTE.GN.RR.044619-0.01,5000300000
"2022-08-19 04:00:00",N,NORTE,RR,RORAIMA,"TIPO I",TÉRMICA,Gás,"Jaguatirica II",RRJII,UTE.GN.RR.044619-0.01,5000500000
"2022-08-19 05:00:00",N,NORTE,RR,RORAIMA,"TIPO I",TÉRMICA,Gás,"Jaguatirica II",RRJII,UTE.GN.RR.044619-0.01,4999200000
"2022-08-19 06:00:00",N,NORTE,RR,RORAIMA,"TIPO I",TÉRMICA,Gás,"Jaguatirica II",RRJII,UTE.GN.RR.044619-0.01,5000400000
"2022-08-19 07:00:00",N,NORTE,RR,RORAIMA,"TIPO I",TÉRMICA,Gás,"Jaguatirica II",RRJII,UTE.GN.RR.044619-0.01,4998600000
"2022-08-19 08:00:00",N,NORTE,RR,RORAIMA,"TIPO I",TÉRMICA,Gás,"Jaguatirica II",RRJII,UTE.GN.RR.044619-0.01,4997200000
"2022-08-19 09:00:00",N,NORTE,RR,RORAIMA,"TIPO I",TÉRMICA,Gás,"Jaguatirica II",RRJII,UTE.GN.RR.044619-0.01,4994800000
"2022-08-19 10:00:00",N,NORTE,RR,RORAIMA,"TIPO I",TÉRMICA,Gás,"Jaguatirica II",RRJII,UTE.GN.RR.044619-0.01,4993800000
"2022-08-19 11:00:00",N,NORTE,RR,RORAIMA,"TIPO I",TÉRMICA,Gás,"Jaguatirica II",RRJII,UTE.GN.RR.044619-0.01,4993700000
"2022-08-19 12:00:00",N,NORTE,RR,RORAIMA,"TIPO I",TÉRMICA,Gás,"Jaguatirica II",RRJII,UTE.GN.RR.044619-0.01,4994600000
"2022-08-19 13:00:00",N,NORTE,RR,RORAIMA,"TIPO I",TÉRMICA,Gás,"Jaguatirica II",RRJII,UTE.GN.RR.044619-0.01,4996200000
"2022-08-19 14:00:00",N,NORTE,RR,RORAIMA,"TIPO I",TÉRMICA,Gás,"Jaguatirica II",RRJII,UTE.GN.RR.044619-0.01,4996300000
"2022-08-19 15:00:00",N,NORTE,RR,RORAIMA,"TIPO I",TÉRMICA,Gás,"Jaguatirica II",RRJII,UTE.GN.RR.044619-0.01,4998000000
"2022-08-19 16:00:00",N,NORTE,RR,RORAIMA,"TIPO I",TÉRMICA,Gás,"Jaguatirica II",RRJII,UTE.GN.RR.044619-0.01,4994400000
"2022-08-19 17:00:00",N,NORTE,RR,RORAIMA,"TIPO I",TÉRMICA,Gás,"Jaguatirica II",RRJII,UTE.GN.RR.044619-0.01,4995100000
"2022-08-19 18:00:00",N,NORTE,RR,RORAIMA,"TIPO I",TÉRMICA,Gás,"Jaguatirica II",RRJII,UTE.GN.RR.044619-0.01,4824600000
"2022-08-19 19:00:00",N,NORTE,RR,RORAIMA,"TIPO I",TÉRMICA,Gás,"Jaguatirica II",RRJII,UTE.GN.RR.044619-0.01,5114400000
"2022-08-19 20:00:00",N,NORTE,RR,RORAIMA,"TIPO I",TÉRMICA,Gás,"Jaguatirica II",RRJII,UTE.GN.RR.044619-0.01,4998000000
"2022-08-19 21:00:00",N,NORTE,RR,RORAIMA,"TIPO I",TÉRMICA,Gás,"Jaguatirica II",RRJII,UTE.GN.RR.044619-0.01,4996300000
"2022-08-19 22:00:00",N,NORTE,RR,RORAIMA,"TIPO I",TÉRMICA,Gás,"Jaguatirica II",RRJII,UTE.GN.RR.044619-0.01,4948400000
"2022-08-19 23:00:00",N,NORTE,RR,RORAIMA,"TIPO I",TÉRMICA,Gás,"Jaguatirica II",RRJII,UTE.GN.RR.044619-0.01,4998000000
"2022-08-20 00:00:00",N,NORTE,RR,RORAIMA,"TIPO I",TÉRMICA,Gás,"Jaguatirica II",RRJII,UTE.GN.RR.044619-0.01,4997800000
"2022-08-20 01:00:00",N,NORTE,RR,RORAIMA,"TIPO I",TÉRMICA,Gás,"Jaguatirica II",RRJII,UTE.GN.RR.044619-0.01,5000700000
"2022-08-20 02:00:00",N,NORTE,RR,RORAIMA,"TIPO I",TÉRMICA,Gás,"Jaguatirica II",RRJII,UTE.GN.RR.044619-0.01,5008500000
"2022-08-20 03:00:00",N,NORTE,RR,RORAIMA,"TIPO I",TÉRMICA,Gás,"Jaguatirica II",RRJII,UTE.GN.RR.044619-0.01,5008000000
"2022-08-20 04:00:00",N,NORTE,RR,RORAIMA,"TIPO I",TÉRMICA,Gás,"Jaguatirica II",RRJII,UTE.GN.RR.044619-0.01,5008200000
"2022-08-20 05:00:00",N,NORTE,RR,RORAIMA,"TIPO I",TÉRMICA,Gás,"Jaguatirica II",RRJII,UTE.GN.RR.044619-0.01,5008000000
"2022-08-20 06:00:00",N,NORTE,RR,RORAIMA,"TIPO I",TÉRMICA,Gás,"Jaguatirica II",RRJII,UTE.GN.RR.044619-0.01,5005500000
"2022-08-20 07:00:00",N,NORTE,RR,RORAIMA,"TIPO I",TÉRMICA,Gás,"Jaguatirica II",RRJII,UTE.GN.RR.044619-0.01,5006700000
"2022-08-20 08:00:00",N,NORTE,RR,RORAIMA,"TIPO I",TÉRMICA,Gás,"Jaguatirica II",RRJII,UTE.GN.RR.044619-0.01,5008600000
"2022-08-20 09:00:00",N,NORTE,RR,RORAIMA,"TIPO I",TÉRMICA,Gás,"Jaguatirica II",RRJII,UTE.GN.RR.044619-0.01,5733200000
"2022-08-20 10:00:00",N,NORTE,RR,RORAIMA,"TIPO I",TÉRMICA,Gás,"Jaguatirica II",RRJII,UTE.GN.RR.044619-0.01,6480900000
"2022-08-20 11:00:00",N,NORTE,RR,RORAIMA,"TIPO I",TÉRMICA,Gás,"Jaguatirica II",RRJII,UTE.GN.RR.044619-0.01,6482700000
"2022-08-20 12:00:00",N,NORTE,RR,RORAIMA,"TIPO I",TÉRMICA,Gás,"Jaguatirica II",RRJII,UTE.GN.RR.044619-0.01,6482400000
"2022-08-20 13:00:00",N,NORTE,RR,RORAIMA,"TIPO I",TÉRMICA,Gás,"Jaguatirica II",RRJII,UTE.GN.RR.044619-0.01,6680700000
"2022-08-20 14:00:00",N,NORTE,RR,RORAIMA,"TIPO I",TÉRMICA,Gás,"Jaguatirica II",RRJII,UTE.GN.RR.044619-0.01,7393000000
"2022-08-20 15:00:00",N,NORTE,RR,RORAIMA,"TIPO I",TÉRMICA,Gás,"Jaguatirica II",RRJII,UTE.GN.RR.044619-0.01,7386900000
"2022-08-20 16:00:00",N,NORTE,RR,RORAIMA,"TIPO I",TÉRMICA,Gás,"Jaguatirica II",RRJII,UTE.GN.RR.044619-0.01,7388000000
"2022-08-20 17:00:00",N,NORTE,RR,RORAIMA,"TIPO I",TÉRMICA,Gás,"Jaguatirica II",RRJII,UTE.GN.RR.044619-0.01,7768700000
"2022-08-20 18:00:00",N,NORTE,RR,RORAIMA,"TIPO I",TÉRMICA,Gás,"Jaguatirica II",RRJII,UTE.GN.RR.044619-0.01,8589600000
"2022-08-20 19:00:00",N,NORTE,RR,RORAIMA,"TIPO I",TÉRMICA,Gás,"Jaguatirica II",RRJII,UTE.GN.RR.044619-0.01,8588400000
"2022-08-20 20:00:00",N,NORTE,RR,RORAIMA,"TIPO I",TÉRMICA,Gás,"Jaguatirica II",RRJII,UTE.GN.RR.044619-0.01,8589500000
"2022-08-20 21:00:00",N,NORTE,RR,RORAIMA,"TIPO I",TÉRMICA,Gás,"Jaguatirica II",RRJII,UTE.GN.RR.044619-0.01,8965400000
"2022-08-20 22:00:00",N,NORTE,RR,RORAIMA,"TIPO I",TÉRMICA,Gás,"Jaguatirica II",RRJII,UTE.GN.RR.044619-0.01,9799200000
"2022-08-20 23:00:00",N,NORTE,RR,RORAIMA,"TIPO I",TÉRMICA,Gás,"Jaguatirica II",RRJII,UTE.GN.RR.044619-0.01,9823700000
"2022-08-21 00:00:00",N,NORTE,RR,RORAIMA,"TIPO I",TÉRMICA,Gás,"Jaguatirica II",RRJII,UTE.GN.RR.044619-0.01,9812000000
"2022-08-21 01:00:00",N,NORTE,RR,RORAIMA,"TIPO I",TÉRMICA,Gás,"Jaguatirica II",RRJII,UTE.GN.RR.044619-0.01,9501700000
"2022-08-21 02:00:00",N,NORTE,RR,RORAIMA,"TIPO I",TÉRMICA,Gás,"Jaguatirica II",RRJII,UTE.GN.RR.044619-0.01,7452500000
"2022-08-21 03:00:00",N,NORTE,RR,RORAIMA,"TIPO I",TÉRMICA,Gás,"Jaguatirica II",RRJII,UTE.GN.RR.044619-0.01,5267800000
"2022-08-21 04:00:00",N,NORTE,RR,RORAIMA,"TIPO I",TÉRMICA,Gás,"Jaguatirica II",RRJII,UTE.GN.RR.044619-0.01,5000000000
"2022-08-21 05:00:00",N,NORTE,RR,RORAIMA,"TIPO I",TÉRMICA,Gás,"Jaguatirica II",RRJII,UTE.GN.RR.044619-0.01,5000000000
"2022-08-21 06:00:00",N,NORTE,RR,RORAIMA,"TIPO I",TÉRMICA,Gás,"Jaguatirica II",RRJII,UTE.GN.RR.044619-0.01,5000000000
"2022-08-21 07:00:00",N,NORTE,RR,RORAIMA,"TIPO I",TÉRMICA,Gás,"Jaguatirica II",RRJII,UTE.GN.RR.044619-0.01,5000000000
"2022-08-21 08:00:00",N,NORTE,RR,RORAIMA,"TIPO I",TÉRMICA,Gás,"Jaguatirica II",RRJII,UTE.GN.RR.044619-0.01,5000000000
"2022-08-21 09:00:00",N,NORTE,RR,RORAIMA,"TIPO I",TÉRMICA,Gás,"Jaguatirica II",RRJII,UTE.GN.RR.044619-0.01,5000000000
"2022-08-21 10:00:00",N,NORTE,RR,RORAIMA,"TIPO I",TÉRMICA,Gás,"Jaguatirica II",RRJII,UTE.GN.RR.044619-0.01,5000000000
"2022-08-21 11:00:00",N,NORTE,RR,RORAIMA,"TIPO I",TÉRMICA,Gás,"Jaguatirica II",RRJII,UTE.GN.RR.044619-0.01,5000000000
"2022-08-21 12:00:00",N,NORTE,RR,RORAIMA,"TIPO I",TÉRMICA,Gás,"Jaguatirica II",RRJII,UTE.GN.RR.044619-0.01,4890400000
"2022-08-21 13:00:00",N,NORTE,RR,RORAIMA,"TIPO I",TÉRMICA,Gás,"Jaguatirica II",RRJII,UTE.GN.RR.044619-0.01,4700600000
"2022-08-21 14:00:00",N,NORTE,RR,RORAIMA,"TIPO I",TÉRMICA,Gás,"Jaguatirica II",RRJII,UTE.GN.RR.044619-0.01,5003600000
"2022-08-21 15:00:00",N,NORTE,RR,RORAIMA,"TIPO I",TÉRMICA,Gás,"Jaguatirica II",RRJII,UTE.GN.RR.044619-0.01,5006900000
"2022-08-21 16:00:00",N,NORTE,RR,RORAIMA,"TIPO I",TÉRMICA,Gás,"Jaguatirica II",RRJII,UTE.GN.RR.044619-0.01,5007200000
"2022-08-21 17:00:00",N,NORTE,RR,RORAIMA,"TIPO I",TÉRMICA,Gás,"Jaguatirica II",RRJII,UTE.GN.RR.044619-0.01,5009400000
"2022-08-21 18:00:00",N,NORTE,RR,RORAIMA,"TIPO I",TÉRMICA,Gás,"Jaguatirica II",RRJII,UTE.GN.RR.044619-0.01,5006400000
"2022-08-21 19:00:00",N,NORTE,RR,RORAIMA,"TIPO I",TÉRMICA,Gás,"Jaguatirica II",RRJII,UTE.GN.RR.044619-0.01,5005000000
"2022-08-21 20:00:00",N,NORTE,RR,RORAIMA,"TIPO I",TÉRMICA,Gás,"Jaguatirica II",RRJII,UTE.GN.RR.044619-0.01,5010200000
"2022-08-21 21:00:00",N,NORTE,RR,RORAIMA,"TIPO I",TÉRMICA,Gás,"Jaguatirica II",RRJII,UTE.GN.RR.044619-0.01,5008600000
"2022-08-21 22:00:00",N,NORTE,RR,RORAIMA,"TIPO I",TÉRMICA,Gás,"Jaguatirica II",RRJII,UTE.GN.RR.044619-0.01,5005400000
"2022-08-21 23:00:00",N,NORTE,RR,RORAIMA,"TIPO I",TÉRMICA,Gás,"Jaguatirica II",RRJII,UTE.GN.RR.044619-0.01,5006300000
"2022-08-22 00:00:00",N,NORTE,RR,RORAIMA,"TIPO I",TÉRMICA,Gás,"Jaguatirica II",RRJII,UTE.GN.RR.044619-0.01,5009200000
"2022-08-22 01:00:00",N,NORTE,RR,RORAIMA,"TIPO I",TÉRMICA,Gás,"Jaguatirica II",RRJII,UTE.GN.RR.044619-0.01,5009200000
"2022-08-22 02:00:00",N,NORTE,RR,RORAIMA,"TIPO I",TÉRMICA,Gás,"Jaguatirica II",RRJII,UTE.GN.RR.044619-0.01,5009100000
"2022-08-22 03:00:00",N,NORTE,RR,RORAIMA,"TIPO I",TÉRMICA,Gás,"Jaguatirica II",RRJII,UTE.GN.RR.044619-0.01,5009100000
"2022-08-22 04:00:00",N,NORTE,RR,RORAIMA,"TIPO I",TÉRMICA,Gás,"Jaguatirica II",RRJII,UTE.GN.RR.044619-0.01,5009100000
"2022-08-22 05:00:00",N,NORTE,RR,RORAIMA,"TIPO I",TÉRMICA,Gás,"Jaguatirica II",RRJII,UTE.GN.RR.044619-0.01,5009400000
"2022-08-22 06:00:00",N,NORTE,RR,RORAIMA,"TIPO I",TÉRMICA,Gás,"Jaguatirica II",RRJII,UTE.GN.RR.044619-0.01,5010200000
"2022-08-22 07:00:00",N,NORTE,RR,RORAIMA,"TIPO I",TÉRMICA,Gás,"Jaguatirica II",RRJII,UTE.GN.RR.044619-0.01,5009800000
"2022-08-22 08:00:00",N,NORTE,RR,RORAIMA,"TIPO I",TÉRMICA,Gás,"Jaguatirica II",RRJII,UTE.GN.RR.044619-0.01,5008700000
"2022-08-22 09:00:00",N,NORTE,RR,RORAIMA,"TIPO I",TÉRMICA,Gás,"Jaguatirica II",RRJII,UTE.GN.RR.044619-0.01,5009200000
"2022-08-22 10:00:00",N,NORTE,RR,RORAIMA,"TIPO I",TÉRMICA,Gás,"Jaguatirica II",RRJII,UTE.GN.RR.044619-0.01,5009500000
"2022-08-22 11:00:00",N,NORTE,RR,RORAIMA,"TIPO I",TÉRMICA,Gás,"Jaguatirica II",RRJII,UTE.GN.RR.044619-0.01,5010100000
"2022-08-22 12:00:00",N,NORTE,RR,RORAIMA,"TIPO I",TÉRMICA,Gás,"Jaguatirica II",RRJII,UTE.GN.RR.044619-0.01,5010400000
"2022-08-22 13:00:00",N,NORTE,RR,RORAIMA,"TIPO I",TÉRMICA,Gás,"Jaguatirica II",RRJII,UTE.GN.RR.044619-0.01,5152600000
"2022-08-22 14:00:00",N,NORTE,RR,RORAIMA,"TIPO I",TÉRMICA,Gás,"Jaguatirica II",RRJII,UTE.GN.RR.044619-0.01,5947400000
"2022-08-22 15:00:00",N,NORTE,RR,RORAIMA,"TIPO I",TÉRMICA,Gás,"Jaguatirica II",RRJII,UTE.GN.RR.044619-0.01,5276800000
"2022-08-22 16:00:00",N,NORTE,RR,RORAIMA,"TIPO I",TÉRMICA,Gás,"Jaguatirica II",RRJII,UTE.GN.RR.044619-0.01,6791500000
"2022-08-22 17:00:00",N,NORTE,RR,RORAIMA,"TIPO I",TÉRMICA,Gás,"Jaguatirica II",RRJII,UTE.GN.RR.044619-0.01,8406300000
"2022-08-22 18:00:00",N,NORTE,RR,RORAIMA,"TIPO I",TÉRMICA,Gás,"Jaguatirica II",RRJII,UTE.GN.RR.044619-0.01,6581000000
"2022-08-22 19:00:00",N,NORTE,RR,RORAIMA,"TIPO I",TÉRMICA,Gás,"Jaguatirica II",RRJII,UTE.GN.RR.044619-0.01,7096700000
"2022-08-22 20:00:00",N,NORTE,RR,RORAIMA,"TIPO I",TÉRMICA,Gás,"Jaguatirica II",RRJII,UTE.GN.RR.044619-0.01,9178200000
"2022-08-22 21:00:00",N,NORTE,RR,RORAIMA,"TIPO I",TÉRMICA,Gás,"Jaguatirica II",RRJII,UTE.GN.RR.044619-0.01,9699300000
"2022-08-22 22:00:00",N,NORTE,RR,RORAIMA,"TIPO I",TÉRMICA,Gás,"Jaguatirica II",RRJII,UTE.GN.RR.044619-0.01,9844400000
"2022-08-22 23:00:00",N,NORTE,RR,RORAIMA,"TIPO I",TÉRMICA,Gás,"Jaguatirica II",RRJII,UTE.GN.RR.044619-0.01,9839000000
"2022-08-23 00:00:00",N,NORTE,RR,RORAIMA,"TIPO I",TÉRMICA,Gás,"Jaguatirica II",RRJII,UTE.GN.RR.044619-0.01,9819800000
"2022-08-23 01:00:00",N,NORTE,RR,RORAIMA,"TIPO I",TÉRMICA,Gás,"Jaguatirica II",RRJII,UTE.GN.RR.044619-0.01,9841500000
"2022-08-23 02:00:00",N,NORTE,RR,RORAIMA,"TIPO I",TÉRMICA,Gás,"Jaguatirica II",RRJII,UTE.GN.RR.044619-0.01,9711700000
"2022-08-23 03:00:00",N,NORTE,RR,RORAIMA,"TIPO I",TÉRMICA,Gás,"Jaguatirica II",RRJII,UTE.GN.RR.044619-0.01,8872800000
"2022-08-23 04:00:00",N,NORTE,RR,RORAIMA,"TIPO I",TÉRMICA,Gás,"Jaguatirica II",RRJII,UTE.GN.RR.044619-0.01,8743100000
"2022-08-23 05:00:00",N,NORTE,RR,RORAIMA,"TIPO I",TÉRMICA,Gás,"Jaguatirica II",RRJII,UTE.GN.RR.044619-0.01,7980900000
"2022-08-23 06:00:00",N,NORTE,RR,RORAIMA,"TIPO I",TÉRMICA,Gás,"Jaguatirica II",RRJII,UTE.GN.RR.044619-0.01,7910100000
"2022-08-23 07:00:00",N,NORTE,RR,RORAIMA,"TIPO I",TÉRMICA,Gás,"Jaguatirica II",RRJII,UTE.GN.RR.044619-0.01,6019800000
"2022-08-23 08:00:00",N,NORTE,RR,RORAIMA,"TIPO I",TÉRMICA,Gás,"Jaguatirica II",RRJII,UTE.GN.RR.044619-0.01,3673700000
"2022-08-23 09:00:00",N,NORTE,RR,RORAIMA,"TIPO I",TÉRMICA,Gás,"Jaguatirica II",RRJII,UTE.GN.RR.044619-0.01,6850700000
"2022-08-23 10:00:00",N,NORTE,RR,RORAIMA,"TIPO I",TÉRMICA,Gás,"Jaguatirica II",RRJII,UTE.GN.RR.044619-0.01,7907400000
"2022-08-23 11:00:00",N,NORTE,RR,RORAIMA,"TIPO I",TÉRMICA,Gás,"Jaguatirica II",RRJII,UTE.GN.RR.044619-0.01,7955200000
"2022-08-23 12:00:00",N,NORTE,RR,RORAIMA,"TIPO I",TÉRMICA,Gás,"Jaguatirica II",RRJII,UTE.GN.RR.044619-0.01,8608500000
"2022-08-23 13:00:00",N,NORTE,RR,RORAIMA,"TIPO I",TÉRMICA,Gás,"Jaguatirica II",RRJII,UTE.GN.RR.044619-0.01,8403500000
"2022-08-23 14:00:00",N,NORTE,RR,RORAIMA,"TIPO I",TÉRMICA,Gás,"Jaguatirica II",RRJII,UTE.GN.RR.044619-0.01,8843900000
"2022-08-23 15:00:00",N,NORTE,RR,RORAIMA,"TIPO I",TÉRMICA,Gás,"Jaguatirica II",RRJII,UTE.GN.RR.044619-0.01,9876400000
"2022-08-23 16:00:00",N,NORTE,RR,RORAIMA,"TIPO I",TÉRMICA,Gás,"Jaguatirica II",RRJII,UTE.GN.RR.044619-0.01,9956500000
"2022-08-23 17:00:00",N,NORTE,RR,RORAIMA,"TIPO I",TÉRMICA,Gás,"Jaguatirica II",RRJII,UTE.GN.RR.044619-0.01,9667100000
"2022-08-23 18:00:00",N,NORTE,RR,RORAIMA,"TIPO I",TÉRMICA,Gás,"Jaguatirica II",RRJII,UTE.GN.RR.044619-0.01,8866400000
"2022-08-23 19:00:00",N,NORTE,RR,RORAIMA,"TIPO I",TÉRMICA,Gás,"Jaguatirica II",RRJII,UTE.GN.RR.044619-0.01,8861700000
"2022-08-23 20:00:00",N,NORTE,RR,RORAIMA,"TIPO I",TÉRMICA,Gás,"Jaguatirica II",RRJII,UTE.GN.RR.044619-0.01,9811400000
"2022-08-23 21:00:00",N,NORTE,RR,RORAIMA,"TIPO I",TÉRMICA,Gás,"Jaguatirica II",RRJII,UTE.GN.RR.044619-0.01,10011700000
"2022-08-23 22:00:00",N,NORTE,RR,RORAIMA,"TIPO I",TÉRMICA,Gás,"Jaguatirica II",RRJII,UTE.GN.RR.044619-0.01,10275700000
"2022-08-23 23:00:00",N,NORTE,RR,RORAIMA,"TIPO I",TÉRMICA,Gás,"Jaguatirica II",RRJII,UTE.GN.RR.044619-0.01,10683000000
"2022-08-24 00:00:00",N,NORTE,RR,RORAIMA,"TIPO I",TÉRMICA,Gás,"Jaguatirica II",RRJII,UTE.GN.RR.044619-0.01,10967900000
"2022-08-24 01:00:00",N,NORTE,RR,RORAIMA,"TIPO I",TÉRMICA,Gás,"Jaguatirica II",RRJII,UTE.GN.RR.044619-0.01,10713700000
"2022-08-24 02:00:00",N,NORTE,RR,RORAIMA,"TIPO I",TÉRMICA,Gás,"Jaguatirica II",RRJII,UTE.GN.RR.044619-0.01,10539100000
"2022-08-24 03:00:00",N,NORTE,RR,RORAIMA,"TIPO I",TÉRMICA,Gás,"Jaguatirica II",RRJII,UTE.GN.RR.044619-0.01,10076900000
"2022-08-24 04:00:00",N,NORTE,RR,RORAIMA,"TIPO I",TÉRMICA,Gás,"Jaguatirica II",RRJII,UTE.GN.RR.044619-0.01,9529500000
"2022-08-24 05:00:00",N,NORTE,RR,RORAIMA,"TIPO I",TÉRMICA,Gás,"Jaguatirica II",RRJII,UTE.GN.RR.044619-0.01,9151200000
"2022-08-24 06:00:00",N,NORTE,RR,RORAIMA,"TIPO I",TÉRMICA,Gás,"Jaguatirica II",RRJII,UTE.GN.RR.044619-0.01,8608100000
"2022-08-24 07:00:00",N,NORTE,RR,RORAIMA,"TIPO I",TÉRMICA,Gás,"Jaguatirica II",RRJII,UTE.GN.RR.044619-0.01,8031000000
"2022-08-24 08:00:00",N,NORTE,RR,RORAIMA,"TIPO I",TÉRMICA,Gás,"Jaguatirica II",RRJII,UTE.GN.RR.044619-0.01,8029000000
"2022-08-24 09:00:00",N,NORTE,RR,RORAIMA,"TIPO I",TÉRMICA,Gás,"Jaguatirica II",RRJII,UTE.GN.RR.044619-0.01,8184800000
"2022-08-24 10:00:00",N,NORTE,RR,RORAIMA,"TIPO I",TÉRMICA,Gás,"Jaguatirica II",RRJII,UTE.GN.RR.044619-0.01,8527300000
"2022-08-24 11:00:00",N,NORTE,RR,RORAIMA,"TIPO I",TÉRMICA,Gás,"Jaguatirica II",RRJII,UTE.GN.RR.044619-0.01,8711800000
"2022-08-24 12:00:00",N,NORTE,RR,RORAIMA,"TIPO I",TÉRMICA,Gás,"Jaguatirica II",RRJII,UTE.GN.RR.044619-0.01,8501100000
"2022-08-24 13:00:00",N,NORTE,RR,RORAIMA,"TIPO I",TÉRMICA,Gás,"Jaguatirica II",RRJII,UTE.GN.RR.044619-0.01,8642800000
"2022-08-24 14:00:00",N,NORTE,RR,RORAIMA,"TIPO I",TÉRMICA,Gás,"Jaguatirica II",RRJII,UTE.GN.RR.044619-0.01,10199500000
"2022-08-24 15:00:00",N,NORTE,RR,RORAIMA,"TIPO I",TÉRMICA,Gás,"Jaguatirica II",RRJII,UTE.GN.RR.044619-0.01,11467500000
"2022-08-24 16:00:00",N,NORTE,RR,RORAIMA,"TIPO I",TÉRMICA,Gás,"Jaguatirica II",RRJII,UTE.GN.RR.044619-0.01,11280300000
"2022-08-24 17:00:00",N,NORTE,RR,RORAIMA,"TIPO I",TÉRMICA,Gás,"Jaguatirica II",RRJII,UTE.GN.RR.044619-0.01,9999600000
"2022-08-24 18:00:00",N,NORTE,RR,RORAIMA,"TIPO I",TÉRMICA,Gás,"Jaguatirica II",RRJII,UTE.GN.RR.044619-0.01,8812700000
"2022-08-24 19:00:00",N,NORTE,RR,RORAIMA,"TIPO I",TÉRMICA,Gás,"Jaguatirica II",RRJII,UTE.GN.RR.044619-0.01,8813600000
"2022-08-24 20:00:00",N,NORTE,RR,RORAIMA,"TIPO I",TÉRMICA,Gás,"Jaguatirica II",RRJII,UTE.GN.RR.044619-0.01,9482400000
"2022-08-24 21:00:00",N,NORTE,RR,RORAIMA,"TIPO I",TÉRMICA,Gás,"Jaguatirica II",RRJII,UTE.GN.RR.044619-0.01,9755900000
"2022-08-24 22:00:00",N,NORTE,RR,RORAIMA,"TIPO I",TÉRMICA,Gás,"Jaguatirica II",RRJII,UTE.GN.RR.044619-0.01,10280500000
"2022-08-24 23:00:00",N,NORTE,RR,RORAIMA,"TIPO I",TÉRMICA,Gás,"Jaguatirica II",RRJII,UTE.GN.RR.044619-0.01,10621700000
"2022-08-25 00:00:00",N,NORTE,RR,RORAIMA,"TIPO I",TÉRMICA,Gás,"Jaguatirica II",RRJII,UTE.GN.RR.044619-0.01,10807000000
"2022-08-25 01:00:00",N,NORTE,RR,RORAIMA,"TIPO I",TÉRMICA,Gás,"Jaguatirica II",RRJII,UTE.GN.RR.044619-0.01,10802800000
"2022-08-25 02:00:00",N,NORTE,RR,RORAIMA,"TIPO I",TÉRMICA,Gás,"Jaguatirica II",RRJII,UTE.GN.RR.044619-0.01,10219900000
"2022-08-25 03:00:00",N,NORTE,RR,RORAIMA,"TIPO I",TÉRMICA,Gás,"Jaguatirica II",RRJII,UTE.GN.RR.044619-0.01,9472500000
"2022-08-25 04:00:00",N,NORTE,RR,RORAIMA,"TIPO I",TÉRMICA,Gás,"Jaguatirica II",RRJII,UTE.GN.RR.044619-0.01,9156800000
"2022-08-25 05:00:00",N,NORTE,RR,RORAIMA,"TIPO I",TÉRMICA,Gás,"Jaguatirica II",RRJII,UTE.GN.RR.044619-0.01,8767400000
"2022-08-25 06:00:00",N,NORTE,RR,RORAIMA,"TIPO I",TÉRMICA,Gás,"Jaguatirica II",RRJII,UTE.GN.RR.044619-0.01,8248500000
"2022-08-25 07:00:00",N,NORTE,RR,RORAIMA,"TIPO I",TÉRMICA,Gás,"Jaguatirica II",RRJII,UTE.GN.RR.044619-0.01,8002700000
"2022-08-25 08:00:00",N,NORTE,RR,RORAIMA,"TIPO I",TÉRMICA,Gás,"Jaguatirica II",RRJII,UTE.GN.RR.044619-0.01,8006000000
"2022-08-25 09:00:00",N,NORTE,RR,RORAIMA,"TIPO I",TÉRMICA,Gás,"Jaguatirica II",RRJII,UTE.GN.RR.044619-0.01,8378700000
"2022-08-25 10:00:00",N,NORTE,RR,RORAIMA,"TIPO I",TÉRMICA,Gás,"Jaguatirica II",RRJII,UTE.GN.RR.044619-0.01,8823700000
"2022-08-25 11:00:00",N,NORTE,RR,RORAIMA,"TIPO I",TÉRMICA,Gás,"Jaguatirica II",RRJII,UTE.GN.RR.044619-0.01,9535100000
"2022-08-25 12:00:00",N,NORTE,RR,RORAIMA,"TIPO I",TÉRMICA,Gás,"Jaguatirica II",RRJII,UTE.GN.RR.044619-0.01,10208900000
"2022-08-25 13:00:00",N,NORTE,RR,RORAIMA,"TIPO I",TÉRMICA,Gás,"Jaguatirica II",RRJII,UTE.GN.RR.044619-0.01,10506400000
"2022-08-25 14:00:00",N,NORTE,RR,RORAIMA,"TIPO I",TÉRMICA,Gás,"Jaguatirica II",RRJII,UTE.GN.RR.044619-0.01,10559300000
"2022-08-25 15:00:00",N,NORTE,RR,RORAIMA,"TIPO I",TÉRMICA,Gás,"Jaguatirica II",RRJII,UTE.GN.RR.044619-0.01,10291900000
"2022-08-25 16:00:00",N,NORTE,RR,RORAIMA,"TIPO I",TÉRMICA,Gás,"Jaguatirica II",RRJII,UTE.GN.RR.044619-0.01,10302300000
"2022-08-25 17:00:00",N,NORTE,RR,RORAIMA,"TIPO I",TÉRMICA,Gás,"Jaguatirica II",RRJII,UTE.GN.RR.044619-0.01,10307600000
"2022-08-25 18:00:00",N,NORTE,RR,RORAIMA,"TIPO I",TÉRMICA,Gás,"Jaguatirica II",RRJII,UTE.GN.RR.044619-0.01,10307600000
"2022-08-25 19:00:00",N,NORTE,RR,RORAIMA,"TIPO I",TÉRMICA,Gás,"Jaguatirica II",RRJII,UTE.GN.RR.044619-0.01,10001500000
"2022-08-25 20:00:00",N,NORTE,RR,RORAIMA,"TIPO I",TÉRMICA,Gás,"Jaguatirica II",RRJII,UTE.GN.RR.044619-0.01,10038800000
"2022-08-25 21:00:00",N,NORTE,RR,RORAIMA,"TIPO I",TÉRMICA,Gás,"Jaguatirica II",RRJII,UTE.GN.RR.044619-0.01,10563400000
"2022-08-25 22:00:00",N,NORTE,RR,RORAIMA,"TIPO I",TÉRMICA,Gás,"Jaguatirica II",RRJII,UTE.GN.RR.044619-0.01,10989900000
"2022-08-25 23:00:00",N,NORTE,RR,RORAIMA,"TIPO I",TÉRMICA,Gás,"Jaguatirica II",RRJII,UTE.GN.RR.044619-0.01,11300000000
"2022-08-26 00:00:00",N,NORTE,RR,RORAIMA,"TIPO I",TÉRMICA,Gás,"Jaguatirica II",RRJII,UTE.GN.RR.044619-0.01,11321300000
"2022-08-26 01:00:00",N,NORTE,RR,RORAIMA,"TIPO I",TÉRMICA,Gás,"Jaguatirica II",RRJII,UTE.GN.RR.044619-0.01,11321600000
"2022-08-26 02:00:00",N,NORTE,RR,RORAIMA,"TIPO I",TÉRMICA,Gás,"Jaguatirica II",RRJII,UTE.GN.RR.044619-0.01,11321800000
"2022-08-26 03:00:00",N,NORTE,RR,RORAIMA,"TIPO I",TÉRMICA,Gás,"Jaguatirica II",RRJII,UTE.GN.RR.044619-0.01,10690000000
"2022-08-26 04:00:00",N,NORTE,RR,RORAIMA,"TIPO I",TÉRMICA,Gás,"Jaguatirica II",RRJII,UTE.GN.RR.044619-0.01,10486000000
"2022-08-26 05:00:00",N,NORTE,RR,RORAIMA,"TIPO I",TÉRMICA,Gás,"Jaguatirica II",RRJII,UTE.GN.RR.044619-0.01,9870500000
"2022-08-26 06:00:00",N,NORTE,RR,RORAIMA,"TIPO I",TÉRMICA,Gás,"Jaguatirica II",RRJII,UTE.GN.RR.044619-0.01,9384400000
"2022-08-26 07:00:00",N,NORTE,RR,RORAIMA,"TIPO I",TÉRMICA,Gás,"Jaguatirica II",RRJII,UTE.GN.RR.044619-0.01,8070500000
"2022-08-26 08:00:00",N,NORTE,RR,RORAIMA,"TIPO I",TÉRMICA,Gás,"Jaguatirica II",RRJII,UTE.GN.RR.044619-0.01,8028500000
"2022-08-26 09:00:00",N,NORTE,RR,RORAIMA,"TIPO I",TÉRMICA,Gás,"Jaguatirica II",RRJII,UTE.GN.RR.044619-0.01,8079500000
"2022-08-26 10:00:00",N,NORTE,RR,RORAIMA,"TIPO I",TÉRMICA,Gás,"Jaguatirica II",RRJII,UTE.GN.RR.044619-0.01,8852600000
"2022-08-26 11:00:00",N,NORTE,RR,RORAIMA,"TIPO I",TÉRMICA,Gás,"Jaguatirica II",RRJII,UTE.GN.RR.044619-0.01,9053000000
"2022-08-26 12:00:00",N,NORTE,RR,RORAIMA,"TIPO I",TÉRMICA,Gás,"Jaguatirica II",RRJII,UTE.GN.RR.044619-0.01,9488100000
"2022-08-26 13:00:00",N,NORTE,RR,RORAIMA,"TIPO I",TÉRMICA,Gás,"Jaguatirica II",RRJII,UTE.GN.RR.044619-0.01,9575700000
"2022-08-26 14:00:00",N,NORTE,RR,RORAIMA,"TIPO I",TÉRMICA,Gás,"Jaguatirica II",RRJII,UTE.GN.RR.044619-0.01,10690700000
"2022-08-26 15:00:00",N,NORTE,RR,RORAIMA,"TIPO I",TÉRMICA,Gás,"Jaguatirica II",RRJII,UTE.GN.RR.044619-0.01,11829600000
"2022-08-26 16:00:00",N,NORTE,RR,RORAIMA,"TIPO I",TÉRMICA,Gás,"Jaguatirica II",RRJII,UTE.GN.RR.044619-0.01,11984000000
"2022-08-26 17:00:00",N,NORTE,RR,RORAIMA,"TIPO I",TÉRMICA,Gás,"Jaguatirica II",RRJII,UTE.GN.RR.044619-0.01,11971700000
"2022-08-26 18:00:00",N,NORTE,RR,RORAIMA,"TIPO I",TÉRMICA,Gás,"Jaguatirica II",RRJII,UTE.GN.RR.044619-0.01,11147500000
"2022-08-26 19:00:00",N,NORTE,RR,RORAIMA,"TIPO I",TÉRMICA,Gás,"Jaguatirica II",RRJII,UTE.GN.RR.044619-0.01,10320500000
"2022-08-26 20:00:00",N,NORTE,RR,RORAIMA,"TIPO I",TÉRMICA,Gás,"Jaguatirica II",RRJII,UTE.GN.RR.044619-0.01,11374200000
"2022-08-26 21:00:00",N,NORTE,RR,RORAIMA,"TIPO I",TÉRMICA,Gás,"Jaguatirica II",RRJII,UTE.GN.RR.044619-0.01,11520000000
"2022-08-26 22:00:00",N,NORTE,RR,RORAIMA,"TIPO I",TÉRMICA,Gás,"Jaguatirica II",RRJII,UTE.GN.RR.044619-0.01,11520600000
"2022-08-26 23:00:00",N,NORTE,RR,RORAIMA,"TIPO I",TÉRMICA,Gás,"Jaguatirica II",RRJII,UTE.GN.RR.044619-0.01,11520500000
"2022-08-27 00:00:00",N,NORTE,RR,RORAIMA,"TIPO I",TÉRMICA,Gás,"Jaguatirica II",RRJII,UTE.GN.RR.044619-0.01,11504500000
"2022-08-27 01:00:00",N,NORTE,RR,RORAIMA,"TIPO I",TÉRMICA,Gás,"Jaguatirica II",RRJII,UTE.GN.RR.044619-0.01,11520400000
"2022-08-27 02:00:00",N,NORTE,RR,RORAIMA,"TIPO I",TÉRMICA,Gás,"Jaguatirica II",RRJII,UTE.GN.RR.044619-0.01,11522900000
"2022-08-27 03:00:00",N,NORTE,RR,RORAIMA,"TIPO I",TÉRMICA,Gás,"Jaguatirica II",RRJII,UTE.GN.RR.044619-0.01,11272600000
"2022-08-27 04:00:00",N,NORTE,RR,RORAIMA,"TIPO I",TÉRMICA,Gás,"Jaguatirica II",RRJII,UTE.GN.RR.044619-0.01,11018000000
"2022-08-27 05:00:00",N,NORTE,RR,RORAIMA,"TIPO I",TÉRMICA,Gás,"Jaguatirica II",RRJII,UTE.GN.RR.044619-0.01,10253000000
"2022-08-27 06:00:00",N,NORTE,RR,RORAIMA,"TIPO I",TÉRMICA,Gás,"Jaguatirica II",RRJII,UTE.GN.RR.044619-0.01,9830100000
"2022-08-27 07:00:00",N,NORTE,RR,RORAIMA,"TIPO I",TÉRMICA,Gás,"Jaguatirica II",RRJII,UTE.GN.RR.044619-0.01,8553500000
"2022-08-27 08:00:00",N,NORTE,RR,RORAIMA,"TIPO I",TÉRMICA,Gás,"Jaguatirica II",RRJII,UTE.GN.RR.044619-0.01,8012500000
"2022-08-27 09:00:00",N,NORTE,RR,RORAIMA,"TIPO I",TÉRMICA,Gás,"Jaguatirica II",RRJII,UTE.GN.RR.044619-0.01,8011500000
"2022-08-27 10:00:00",N,NORTE,RR,RORAIMA,"TIPO I",TÉRMICA,Gás,"Jaguatirica II",RRJII,UTE.GN.RR.044619-0.01,8376400000
"2022-08-27 11:00:00",N,NORTE,RR,RORAIMA,"TIPO I",TÉRMICA,Gás,"Jaguatirica II",RRJII,UTE.GN.RR.044619-0.01,8481400000
"2022-08-27 12:00:00",N,NORTE,RR,RORAIMA,"TIPO I",TÉRMICA,Gás,"Jaguatirica II",RRJII,UTE.GN.RR.044619-0.01,8482600000
"2022-08-27 13:00:00",N,NORTE,RR,RORAIMA,"TIPO I",TÉRMICA,Gás,"Jaguatirica II",RRJII,UTE.GN.RR.044619-0.01,8479900000
"2022-08-27 14:00:00",N,NORTE,RR,RORAIMA,"TIPO I",TÉRMICA,Gás,"Jaguatirica II",RRJII,UTE.GN.RR.044619-0.01,9573500000
"2022-08-27 15:00:00",N,NORTE,RR,RORAIMA,"TIPO I",TÉRMICA,Gás,"Jaguatirica II",RRJII,UTE.GN.RR.044619-0.01,10089900000
"2022-08-27 16:00:00",N,NORTE,RR,RORAIMA,"TIPO I",TÉRMICA,Gás,"Jaguatirica II",RRJII,UTE.GN.RR.044619-0.01,10411300000
"2022-08-27 17:00:00",N,NORTE,RR,RORAIMA,"TIPO I",TÉRMICA,Gás,"Jaguatirica II",RRJII,UTE.GN.RR.044619-0.01,10586200000
"2022-08-27 18:00:00",N,NORTE,RR,RORAIMA,"TIPO I",TÉRMICA,Gás,"Jaguatirica II",RRJII,UTE.GN.RR.044619-0.01,10586900000
"2022-08-27 19:00:00",N,NORTE,RR,RORAIMA,"TIPO I",TÉRMICA,Gás,"Jaguatirica II",RRJII,UTE.GN.RR.044619-0.01,11049400000
"2022-08-27 20:00:00",N,NORTE,RR,RORAIMA,"TIPO I",TÉRMICA,Gás,"Jaguatirica II",RRJII,UTE.GN.RR.044619-0.01,11388900000
"2022-08-27 21:00:00",N,NORTE,RR,RORAIMA,"TIPO I",TÉRMICA,Gás,"Jaguatirica II",RRJII,UTE.GN.RR.044619-0.01,11415000000
"2022-08-27 22:00:00",N,NORTE,RR,RORAIMA,"TIPO I",TÉRMICA,Gás,"Jaguatirica II",RRJII,UTE.GN.RR.044619-0.01,11423200000
"2022-08-27 23:00:00",N,NORTE,RR,RORAIMA,"TIPO I",TÉRMICA,Gás,"Jaguatirica II",RRJII,UTE.GN.RR.044619-0.01,11424500000
"2022-08-28 00:00:00",N,NORTE,RR,RORAIMA,"TIPO I",TÉRMICA,Gás,"Jaguatirica II",RRJII,UTE.GN.RR.044619-0.01,9151500000
"2022-08-28 01:00:00",N,NORTE,RR,RORAIMA,"TIPO I",TÉRMICA,Gás,"Jaguatirica II",RRJII,UTE.GN.RR.044619-0.01,6898600000
"2022-08-28 02:00:00",N,NORTE,RR,RORAIMA,"TIPO I",TÉRMICA,Gás,"Jaguatirica II",RRJII,UTE.GN.RR.044619-0.01,6910500000
"2022-08-28 03:00:00",N,NORTE,RR,RORAIMA,"TIPO I",TÉRMICA,Gás,"Jaguatirica II",RRJII,UTE.GN.RR.044619-0.01,5435900000
"2022-08-28 04:00:00",N,NORTE,RR,RORAIMA,"TIPO I",TÉRMICA,Gás,"Jaguatirica II",RRJII,UTE.GN.RR.044619-0.01,5088500000
"2022-08-28 05:00:00",N,NORTE,RR,RORAIMA,"TIPO I",TÉRMICA,Gás,"Jaguatirica II",RRJII,UTE.GN.RR.044619-0.01,5078800000
"2022-08-28 06:00:00",N,NORTE,RR,RORAIMA,"TIPO I",TÉRMICA,Gás,"Jaguatirica II",RRJII,UTE.GN.RR.044619-0.01,6068400000
"2022-08-28 07:00:00",N,NORTE,RR,RORAIMA,"TIPO I",TÉRMICA,Gás,"Jaguatirica II",RRJII,UTE.GN.RR.044619-0.01,6883600000
"2022-08-28 08:00:00",N,NORTE,RR,RORAIMA,"TIPO I",TÉRMICA,Gás,"Jaguatirica II",RRJII,UTE.GN.RR.044619-0.01,6621000000
"2022-08-28 09:00:00",N,NORTE,RR,RORAIMA,"TIPO I",TÉRMICA,Gás,"Jaguatirica II",RRJII,UTE.GN.RR.044619-0.01,5920400000
"2022-08-28 10:00:00",N,NORTE,RR,RORAIMA,"TIPO I",TÉRMICA,Gás,"Jaguatirica II",RRJII,UTE.GN.RR.044619-0.01,5313700000
"2022-08-28 11:00:00",N,NORTE,RR,RORAIMA,"TIPO I",TÉRMICA,Gás,"Jaguatirica II",RRJII,UTE.GN.RR.044619-0.01,5108900000
"2022-08-28 12:00:00",N,NORTE,RR,RORAIMA,"TIPO I",TÉRMICA,Gás,"Jaguatirica II",RRJII,UTE.GN.RR.044619-0.01,5109600000
"2022-08-28 13:00:00",N,NORTE,RR,RORAIMA,"TIPO I",TÉRMICA,Gás,"Jaguatirica II",RRJII,UTE.GN.RR.044619-0.01,5109400000
"2022-08-28 14:00:00",N,NORTE,RR,RORAIMA,"TIPO I",TÉRMICA,Gás,"Jaguatirica II",RRJII,UTE.GN.RR.044619-0.01,5713300000
"2022-08-28 15:00:00",N,NORTE,RR,RORAIMA,"TIPO I",TÉRMICA,Gás,"Jaguatirica II",RRJII,UTE.GN.RR.044619-0.01,6619500000
"2022-08-28 16:00:00",N,NORTE,RR,RORAIMA,"TIPO I",TÉRMICA,Gás,"Jaguatirica II",RRJII,UTE.GN.RR.044619-0.01,6910800000
"2022-08-28 17:00:00",N,NORTE,RR,RORAIMA,"TIPO I",TÉRMICA,Gás,"Jaguatirica II",RRJII,UTE.GN.RR.044619-0.01,6910200000
"2022-08-28 18:00:00",N,NORTE,RR,RORAIMA,"TIPO I",TÉRMICA,Gás,"Jaguatirica II",RRJII,UTE.GN.RR.044619-0.01,6928100000
"2022-08-28 19:00:00",N,NORTE,RR,RORAIMA,"TIPO I",TÉRMICA,Gás,"Jaguatirica II",RRJII,UTE.GN.RR.044619-0.01,6935700000
"2022-08-28 20:00:00",N,NORTE,RR,RORAIMA,"TIPO I",TÉRMICA,Gás,"Jaguatirica II",RRJII,UTE.GN.RR.044619-0.01,6939100000
"2022-08-28 21:00:00",N,NORTE,RR,RORAIMA,"TIPO I",TÉRMICA,Gás,"Jaguatirica II",RRJII,UTE.GN.RR.044619-0.01,6930800000
"2022-08-28 22:00:00",N,NORTE,RR,RORAIMA,"TIPO I",TÉRMICA,Gás,"Jaguatirica II",RRJII,UTE.GN.RR.044619-0.01,6930900000
"2022-08-28 23:00:00",N,NORTE,RR,RORAIMA,"TIPO I",TÉRMICA,Gás,"Jaguatirica II",RRJII,UTE.GN.RR.044619-0.01,6927500000
"2022-08-29 00:00:00",N,NORTE,RR,RORAIMA,"TIPO I",TÉRMICA,Gás,"Jaguatirica II",RRJII,UTE.GN.RR.044619-0.01,6928100000
"2022-08-29 01:00:00",N,NORTE,RR,RORAIMA,"TIPO I",TÉRMICA,Gás,"Jaguatirica II",RRJII,UTE.GN.RR.044619-0.01,6920300000
"2022-08-29 02:00:00",N,NORTE,RR,RORAIMA,"TIPO I",TÉRMICA,Gás,"Jaguatirica II",RRJII,UTE.GN.RR.044619-0.01,6907200000
"2022-08-29 03:00:00",N,NORTE,RR,RORAIMA,"TIPO I",TÉRMICA,Gás,"Jaguatirica II",RRJII,UTE.GN.RR.044619-0.01,6914300000
"2022-08-29 04:00:00",N,NORTE,RR,RORAIMA,"TIPO I",TÉRMICA,Gás,"Jaguatirica II",RRJII,UTE.GN.RR.044619-0.01,6918600000
"2022-08-29 05:00:00",N,NORTE,RR,RORAIMA,"TIPO I",TÉRMICA,Gás,"Jaguatirica II",RRJII,UTE.GN.RR.044619-0.01,6919900000
"2022-08-29 06:00:00",N,NORTE,RR,RORAIMA,"TIPO I",TÉRMICA,Gás,"Jaguatirica II",RRJII,UTE.GN.RR.044619-0.01,6919400000
"2022-08-29 07:00:00",N,NORTE,RR,RORAIMA,"TIPO I",TÉRMICA,Gás,"Jaguatirica II",RRJII,UTE.GN.RR.044619-0.01,6910300000
"2022-08-29 08:00:00",N,NORTE,RR,RORAIMA,"TIPO I",TÉRMICA,Gás,"Jaguatirica II",RRJII,UTE.GN.RR.044619-0.01,6910900000
"2022-08-29 09:00:00",N,NORTE,RR,RORAIMA,"TIPO I",TÉRMICA,Gás,"Jaguatirica II",RRJII,UTE.GN.RR.044619-0.01,6902800000
"2022-08-29 10:00:00",N,NORTE,RR,RORAIMA,"TIPO I",TÉRMICA,Gás,"Jaguatirica II",RRJII,UTE.GN.RR.044619-0.01,6900800000
"2022-08-29 11:00:00",N,NORTE,RR,RORAIMA,"TIPO I",TÉRMICA,Gás,"Jaguatirica II",RRJII,UTE.GN.RR.044619-0.01,6902300000
"2022-08-29 12:00:00",N,NORTE,RR,RORAIMA,"TIPO I",TÉRMICA,Gás,"Jaguatirica II",RRJII,UTE.GN.RR.044619-0.01,6902500000
"2022-08-29 13:00:00",N,NORTE,RR,RORAIMA,"TIPO I",TÉRMICA,Gás,"Jaguatirica II",RRJII,UTE.GN.RR.044619-0.01,6903300000
"2022-08-29 14:00:00",N,NORTE,RR,RORAIMA,"TIPO I",TÉRMICA,Gás,"Jaguatirica II",RRJII,UTE.GN.RR.044619-0.01,6894800000
"2022-08-29 15:00:00",N,NORTE,RR,RORAIMA,"TIPO I",TÉRMICA,Gás,"Jaguatirica II",RRJII,UTE.GN.RR.044619-0.01,6918800000
"2022-08-29 16:00:00",N,NORTE,RR,RORAIMA,"TIPO I",TÉRMICA,Gás,"Jaguatirica II",RRJII,UTE.GN.RR.044619-0.01,6908200000
"2022-08-29 17:00:00",N,NORTE,RR,RORAIMA,"TIPO I",TÉRMICA,Gás,"Jaguatirica II",RRJII,UTE.GN.RR.044619-0.01,6912200000
"2022-08-29 18:00:00",N,NORTE,RR,RORAIMA,"TIPO I",TÉRMICA,Gás,"Jaguatirica II",RRJII,UTE.GN.RR.044619-0.01,6902800000
"2022-08-29 19:00:00",N,NORTE,RR,RORAIMA,"TIPO I",TÉRMICA,Gás,"Jaguatirica II",RRJII,UTE.GN.RR.044619-0.01,6908200000
"2022-08-29 20:00:00",N,NORTE,RR,RORAIMA,"TIPO I",TÉRMICA,Gás,"Jaguatirica II",RRJII,UTE.GN.RR.044619-0.01,6904700000
"2022-08-29 21:00:00",N,NORTE,RR,RORAIMA,"TIPO I",TÉRMICA,Gás,"Jaguatirica II",RRJII,UTE.GN.RR.044619-0.01,6909100000
"2022-08-29 22:00:00",N,NORTE,RR,RORAIMA,"TIPO I",TÉRMICA,Gás,"Jaguatirica II",RRJII,UTE.GN.RR.044619-0.01,6907200000
"2022-08-29 23:00:00",N,NORTE,RR,RORAIMA,"TIPO I",TÉRMICA,Gás,"Jaguatirica II",RRJII,UTE.GN.RR.044619-0.01,6908400000
"2022-08-30 00:00:00",N,NORTE,RR,RORAIMA,"TIPO I",TÉRMICA,Gás,"Jaguatirica II",RRJII,UTE.GN.RR.044619-0.01,6911700000
"2022-08-30 01:00:00",N,NORTE,RR,RORAIMA,"TIPO I",TÉRMICA,Gás,"Jaguatirica II",RRJII,UTE.GN.RR.044619-0.01,6910500000
"2022-08-30 02:00:00",N,NORTE,RR,RORAIMA,"TIPO I",TÉRMICA,Gás,"Jaguatirica II",RRJII,UTE.GN.RR.044619-0.01,6912200000
"2022-08-30 03:00:00",N,NORTE,RR,RORAIMA,"TIPO I",TÉRMICA,Gás,"Jaguatirica II",RRJII,UTE.GN.RR.044619-0.01,6897600000
"2022-08-30 04:00:00",N,NORTE,RR,RORAIMA,"TIPO I",TÉRMICA,Gás,"Jaguatirica II",RRJII,UTE.GN.RR.044619-0.01,6880200000
"2022-08-30 05:00:00",N,NORTE,RR,RORAIMA,"TIPO I",TÉRMICA,Gás,"Jaguatirica II",RRJII,UTE.GN.RR.044619-0.01,6876600000
"2022-08-30 06:00:00",N,NORTE,RR,RORAIMA,"TIPO I",TÉRMICA,Gás,"Jaguatirica II",RRJII,UTE.GN.RR.044619-0.01,6880300000
"2022-08-30 07:00:00",N,NORTE,RR,RORAIMA,"TIPO I",TÉRMICA,Gás,"Jaguatirica II",RRJII,UTE.GN.RR.044619-0.01,6583300000
"2022-08-30 08:00:00",N,NORTE,RR,RORAIMA,"TIPO I",TÉRMICA,Gás,"Jaguatirica II",RRJII,UTE.GN.RR.044619-0.01,5939300000
"2022-08-30 09:00:00",N,NORTE,RR,RORAIMA,"TIPO I",TÉRMICA,Gás,"Jaguatirica II",RRJII,UTE.GN.RR.044619-0.01,6351700000
"2022-08-30 10:00:00",N,NORTE,RR,RORAIMA,"TIPO I",TÉRMICA,Gás,"Jaguatirica II",RRJII,UTE.GN.RR.044619-0.01,6833900000
"2022-08-30 11:00:00",N,NORTE,RR,RORAIMA,"TIPO I",TÉRMICA,Gás,"Jaguatirica II",RRJII,UTE.GN.RR.044619-0.01,6886000000
"2022-08-30 12:00:00",N,NORTE,RR,RORAIMA,"TIPO I",TÉRMICA,Gás,"Jaguatirica II",RRJII,UTE.GN.RR.044619-0.01,6888100000
"2022-08-30 13:00:00",N,NORTE,RR,RORAIMA,"TIPO I",TÉRMICA,Gás,"Jaguatirica II",RRJII,UTE.GN.RR.044619-0.01,6907200000
"2022-08-30 14:00:00",N,NORTE,RR,RORAIMA,"TIPO I",TÉRMICA,Gás,"Jaguatirica II",RRJII,UTE.GN.RR.044619-0.01,6885200000
"2022-08-30 15:00:00",N,NORTE,RR,RORAIMA,"TIPO I",TÉRMICA,Gás,"Jaguatirica II",RRJII,UTE.GN.RR.044619-0.01,6835400000
"2022-08-30 16:00:00",N,NORTE,RR,RORAIMA,"TIPO I",TÉRMICA,Gás,"Jaguatirica II",RRJII,UTE.GN.RR.044619-0.01,6894400000
"2022-08-30 17:00:00",N,NORTE,RR,RORAIMA,"TIPO I",TÉRMICA,Gás,"Jaguatirica II",RRJII,UTE.GN.RR.044619-0.01,6880400000
"2022-08-30 18:00:00",N,NORTE,RR,RORAIMA,"TIPO I",TÉRMICA,Gás,"Jaguatirica II",RRJII,UTE.GN.RR.044619-0.01,6891600000
"2022-08-30 19:00:00",N,NORTE,RR,RORAIMA,"TIPO I",TÉRMICA,Gás,"Jaguatirica II",RRJII,UTE.GN.RR.044619-0.01,6888700000
"2022-08-30 20:00:00",N,NORTE,RR,RORAIMA,"TIPO I",TÉRMICA,Gás,"Jaguatirica II",RRJII,UTE.GN.RR.044619-0.01,6899300000
"2022-08-30 21:00:00",N,NORTE,RR,RORAIMA,"TIPO I",TÉRMICA,Gás,"Jaguatirica II",RRJII,UTE.GN.RR.044619-0.01,6899800000
"2022-08-30 22:00:00",N,NORTE,RR,RORAIMA,"TIPO I",TÉRMICA,Gás,"Jaguatirica II",RRJII,UTE.GN.RR.044619-0.01,6899300000
"2022-08-30 23:00:00",N,NORTE,RR,RORAIMA,"TIPO I",TÉRMICA,Gás,"Jaguatirica II",RRJII,UTE.GN.RR.044619-0.01,6898800000
"2022-08-31 00:00:00",N,NORTE,RR,RORAIMA,"TIPO I",TÉRMICA,Gás,"Jaguatirica II",RRJII,UTE.GN.RR.044619-0.01,6883100000
"2022-08-31 01:00:00",N,NORTE,RR,RORAIMA,"TIPO I",TÉRMICA,Gás,"Jaguatirica II",RRJII,UTE.GN.RR.044619-0.01,6887400000
"2022-08-31 02:00:00",N,NORTE,RR,RORAIMA,"TIPO I",TÉRMICA,Gás,"Jaguatirica II",RRJII,UTE.GN.RR.044619-0.01,6887200000
"2022-08-31 03:00:00",N,NORTE,RR,RORAIMA,"TIPO I",TÉRMICA,Gás,"Jaguatirica II",RRJII,UTE.GN.RR.044619-0.01,6893000000
"2022-08-31 04:00:00",N,NORTE,RR,RORAIMA,"TIPO I",TÉRMICA,Gás,"Jaguatirica II",RRJII,UTE.GN.RR.044619-0.01,6855900000
"2022-08-31 05:00:00",N,NORTE,RR,RORAIMA,"TIPO I",TÉRMICA,Gás,"Jaguatirica II",RRJII,UTE.GN.RR.044619-0.01,6871600000
"2022-08-31 06:00:00",N,NORTE,RR,RORAIMA,"TIPO I",TÉRMICA,Gás,"Jaguatirica II",RRJII,UTE.GN.RR.044619-0.01,6858200000
"2022-08-31 07:00:00",N,NORTE,RR,RORAIMA,"TIPO I",TÉRMICA,Gás,"Jaguatirica II",RRJII,UTE.GN.RR.044619-0.01,6488600000
"2022-08-31 08:00:00",N,NORTE,RR,RORAIMA,"TIPO I",TÉRMICA,Gás,"Jaguatirica II",RRJII,UTE.GN.RR.044619-0.01,6050000000
"2022-08-31 09:00:00",N,NORTE,RR,RORAIMA,"TIPO I",TÉRMICA,Gás,"Jaguatirica II",RRJII,UTE.GN.RR.044619-0.01,6523100000
"2022-08-31 10:00:00",N,NORTE,RR,RORAIMA,"TIPO I",TÉRMICA,Gás,"Jaguatirica II",RRJII,UTE.GN.RR.044619-0.01,6792700000
"2022-08-31 11:00:00",N,NORTE,RR,RORAIMA,"TIPO I",TÉRMICA,Gás,"Jaguatirica II",RRJII,UTE.GN.RR.044619-0.01,6878400000
"2022-08-31 12:00:00",N,NORTE,RR,RORAIMA,"TIPO I",TÉRMICA,Gás,"Jaguatirica II",RRJII,UTE.GN.RR.044619-0.01,6890800000
"2022-08-31 13:00:00",N,NORTE,RR,RORAIMA,"TIPO I",TÉRMICA,Gás,"Jaguatirica II",RRJII,UTE.GN.RR.044619-0.01,6888800000
"2022-08-31 14:00:00",N,NORTE,RR,RORAIMA,"TIPO I",TÉRMICA,Gás,"Jaguatirica II",RRJII,UTE.GN.RR.044619-0.01,6893600000
"2022-08-31 15:00:00",N,NORTE,RR,RORAIMA,"TIPO I",TÉRMICA,Gás,"Jaguatirica II",RRJII,UTE.GN.RR.044619-0.01,6914700000
"2022-08-31 16:00:00",N,NORTE,RR,RORAIMA,"TIPO I",TÉRMICA,Gás,"Jaguatirica II",RRJII,UTE.GN.RR.044619-0.01,6911900000
"2022-08-31 17:00:00",N,NORTE,RR,RORAIMA,"TIPO I",TÉRMICA,Gás,"Jaguatirica II",RRJII,UTE.GN.RR.044619-0.01,6909500000
"2022-08-31 18:00:00",N,NORTE,RR,RORAIMA,"TIPO I",TÉRMICA,Gás,"Jaguatirica II",RRJII,UTE.GN.RR.044619-0.01,6910900000
"2022-08-31 19:00:00",N,NORTE,RR,RORAIMA,"TIPO I",TÉRMICA,Gás,"Jaguatirica II",RRJII,UTE.GN.RR.044619-0.01,6919100000
"2022-08-31 20:00:00",N,NORTE,RR,RORAIMA,"TIPO I",TÉRMICA,Gás,"Jaguatirica II",RRJII,UTE.GN.RR.044619-0.01,6919300000
"2022-08-31 21:00:00",N,NORTE,RR,RORAIMA,"TIPO I",TÉRMICA,Gás,"Jaguatirica II",RRJII,UTE.GN.RR.044619-0.01,6919900000
"2022-08-31 22:00:00",N,NORTE,RR,RORAIMA,"TIPO I",TÉRMICA,Gás,"Jaguatirica II",RRJII,UTE.GN.RR.044619-0.01,6918300000
"2022-08-31 23:00:00",N,NORTE,RR,RORAIMA,"TIPO I",TÉRMICA,Gás,"Jaguatirica II",RRJII,UTE.GN.RR.044619-0.01,6908100000
"2022-09-01 00:00:00",N,NORTE,RR,RORAIMA,"TIPO I",TÉRMICA,Gás,"Jaguatirica II",RRJII,UTE.GN.RR.044619-0.01,6896600000
"2022-09-01 01:00:00",N,NORTE,RR,RORAIMA,"TIPO I",TÉRMICA,Gás,"Jaguatirica II",RRJII,UTE.GN.RR.044619-0.01,6903300000
"2022-09-01 02:00:00",N,NORTE,RR,RORAIMA,"TIPO I",TÉRMICA,Gás,"Jaguatirica II",RRJII,UTE.GN.RR.044619-0.01,6907900000
"2022-09-01 03:00:00",N,NORTE,RR,RORAIMA,"TIPO I",TÉRMICA,Gás,"Jaguatirica II",RRJII,UTE.GN.RR.044619-0.01,6905600000
"2022-09-01 04:00:00",N,NORTE,RR,RORAIMA,"TIPO I",TÉRMICA,Gás,"Jaguatirica II",RRJII,UTE.GN.RR.044619-0.01,6901100000
"2022-09-01 05:00:00",N,NORTE,RR,RORAIMA,"TIPO I",TÉRMICA,Gás,"Jaguatirica II",RRJII,UTE.GN.RR.044619-0.01,6874100000
"2022-09-01 06:00:00",N,NORTE,RR,RORAIMA,"TIPO I",TÉRMICA,Gás,"Jaguatirica II",RRJII,UTE.GN.RR.044619-0.01,3421800000
"2022-09-01 07:00:00",N,NORTE,RR,RORAIMA,"TIPO I",TÉRMICA,Gás,"Jaguatirica II",RRJII,UTE.GN.RR.044619-0.01,4572900000
"2022-09-01 08:00:00",N,NORTE,RR,RORAIMA,"TIPO I",TÉRMICA,Gás,"Jaguatirica II",RRJII,UTE.GN.RR.044619-0.01,4817300000
"2022-09-01 09:00:00",N,NORTE,RR,RORAIMA,"TIPO I",TÉRMICA,Gás,"Jaguatirica II",RRJII,UTE.GN.RR.044619-0.01,4819600000
"2022-09-01 10:00:00",N,NORTE,RR,RORAIMA,"TIPO I",TÉRMICA,Gás,"Jaguatirica II",RRJII,UTE.GN.RR.044619-0.01,4817000000
"2022-09-01 11:00:00",N,NORTE,RR,RORAIMA,"TIPO I",TÉRMICA,Gás,"Jaguatirica II",RRJII,UTE.GN.RR.044619-0.01,4824200000
"2022-09-01 12:00:00",N,NORTE,RR,RORAIMA,"TIPO I",TÉRMICA,Gás,"Jaguatirica II",RRJII,UTE.GN.RR.044619-0.01,4829300000
"2022-09-01 13:00:00",N,NORTE,RR,RORAIMA,"TIPO I",TÉRMICA,Gás,"Jaguatirica II",RRJII,UTE.GN.RR.044619-0.01,4853700000
"2022-09-01 14:00:00",N,NORTE,RR,RORAIMA,"TIPO I",TÉRMICA,Gás,"Jaguatirica II",RRJII,UTE.GN.RR.044619-0.01,4867800000
"2022-09-01 15:00:00",N,NORTE,RR,RORAIMA,"TIPO I",TÉRMICA,Gás,"Jaguatirica II",RRJII,UTE.GN.RR.044619-0.01,4850700000
"2022-09-01 16:00:00",N,NORTE,RR,RORAIMA,"TIPO I",TÉRMICA,Gás,"Jaguatirica II",RRJII,UTE.GN.RR.044619-0.01,4838800000
"2022-09-01 17:00:00",N,NORTE,RR,RORAIMA,"TIPO I",TÉRMICA,Gás,"Jaguatirica II",RRJII,UTE.GN.RR.044619-0.01,1116200000
"2022-09-01 18:00:00",N,NORTE,RR,RORAIMA,"TIPO I",TÉRMICA,Gás,"Jaguatirica II",RRJII,UTE.GN.RR.044619-0.01,0
"2022-09-01 19:00:00",N,NORTE,RR,RORAIMA,"TIPO I",TÉRMICA,Gás,"Jaguatirica II",RRJII,UTE.GN.RR.044619-0.01,0
"2022-09-01 20:00:00",N,NORTE,RR,RORAIMA,"TIPO I",TÉRMICA,Gás,"Jaguatirica II",RRJII,UTE.GN.RR.044619-0.01,0
"2022-09-01 21:00:00",N,NORTE,RR,RORAIMA,"TIPO I",TÉRMICA,Gás,"Jaguatirica II",RRJII,UTE.GN.RR.044619-0.01,0
"2022-09-01 22:00:00",N,NORTE,RR,RORAIMA,"TIPO I",TÉRMICA,Gás,"Jaguatirica II",RRJII,UTE.GN.RR.044619-0.01,0
"2022-09-01 23:00:00",N,NORTE,RR,RORAIMA,"TIPO I",TÉRMICA,Gás,"Jaguatirica II",RRJII,UTE.GN.RR.044619-0.01,0
"2022-09-02 00:00:00",N,NORTE,RR,RORAIMA,"TIPO I",TÉRMICA,Gás,"Jaguatirica II",RRJII,UTE.GN.RR.044619-0.01,0
"2022-09-02 01:00:00",N,NORTE,RR,RORAIMA,"TIPO I",TÉRMICA,Gás,"Jaguatirica II",RRJII,UTE.GN.RR.044619-0.01,0
"2022-09-02 02:00:00",N,NORTE,RR,RORAIMA,"TIPO I",TÉRMICA,Gás,"Jaguatirica II",RRJII,UTE.GN.RR.044619-0.01,0
"2022-09-02 03:00:00",N,NORTE,RR,RORAIMA,"TIPO I",TÉRMICA,Gás,"Jaguatirica II",RRJII,UTE.GN.RR.044619-0.01,0
"2022-09-02 04:00:00",N,NORTE,RR,RORAIMA,"TIPO I",TÉRMICA,Gás,"Jaguatirica II",RRJII,UTE.GN.RR.044619-0.01,0
"2022-09-02 05:00:00",N,NORTE,RR,RORAIMA,"TIPO I",TÉRMICA,Gás,"Jaguatirica II",RRJII,UTE.GN.RR.044619-0.01,0
"2022-09-02 06:00:00",N,NORTE,RR,RORAIMA,"TIPO I",TÉRMICA,Gás,"Jaguatirica II",RRJII,UTE.GN.RR.044619-0.01,0
"2022-09-02 07:00:00",N,NORTE,RR,RORAIMA,"TIPO I",TÉRMICA,Gás,"Jaguatirica II",RRJII,UTE.GN.RR.044619-0.01,0
"2022-09-02 08:00:00",N,NORTE,RR,RORAIMA,"TIPO I",TÉRMICA,Gás,"Jaguatirica II",RRJII,UTE.GN.RR.044619-0.01,0
"2022-09-02 09:00:00",N,NORTE,RR,RORAIMA,"TIPO I",TÉRMICA,Gás,"Jaguatirica II",RRJII,UTE.GN.RR.044619-0.01,0
"2022-09-02 10:00:00",N,NORTE,RR,RORAIMA,"TIPO I",TÉRMICA,Gás,"Jaguatirica II",RRJII,UTE.GN.RR.044619-0.01,0
"2022-09-02 11:00:00",N,NORTE,RR,RORAIMA,"TIPO I",TÉRMICA,Gás,"Jaguatirica II",RRJII,UTE.GN.RR.044619-0.01,0
"2022-09-02 12:00:00",N,NORTE,RR,RORAIMA,"TIPO I",TÉRMICA,Gás,"Jaguatirica II",RRJII,UTE.GN.RR.044619-0.01,0
"2022-09-02 13:00:00",N,NORTE,RR,RORAIMA,"TIPO I",TÉRMICA,Gás,"Jaguatirica II",RRJII,UTE.GN.RR.044619-0.01,0
"2022-09-02 14:00:00",N,NORTE,RR,RORAIMA,"TIPO I",TÉRMICA,Gás,"Jaguatirica II",RRJII,UTE.GN.RR.044619-0.01,0
"2022-09-02 15:00:00",N,NORTE,RR,RORAIMA,"TIPO I",TÉRMICA,Gás,"Jaguatirica II",RRJII,UTE.GN.RR.044619-0.01,0
"2022-09-02 16:00:00",N,NORTE,RR,RORAIMA,"TIPO I",TÉRMICA,Gás,"Jaguatirica II",RRJII,UTE.GN.RR.044619-0.01,0
"2022-09-02 17:00:00",N,NORTE,RR,RORAIMA,"TIPO I",TÉRMICA,Gás,"Jaguatirica II",RRJII,UTE.GN.RR.044619-0.01,0
"2022-09-02 18:00:00",N,NORTE,RR,RORAIMA,"TIPO I",TÉRMICA,Gás,"Jaguatirica II",RRJII,UTE.GN.RR.044619-0.01,0
"2022-09-02 19:00:00",N,NORTE,RR,RORAIMA,"TIPO I",TÉRMICA,Gás,"Jaguatirica II",RRJII,UTE.GN.RR.044619-0.01,0
"2022-09-02 20:00:00",N,NORTE,RR,RORAIMA,"TIPO I",TÉRMICA,Gás,"Jaguatirica II",RRJII,UTE.GN.RR.044619-0.01,0
"2022-09-02 21:00:00",N,NORTE,RR,RORAIMA,"TIPO I",TÉRMICA,Gás,"Jaguatirica II",RRJII,UTE.GN.RR.044619-0.01,0
"2022-09-02 22:00:00",N,NORTE,RR,RORAIMA,"TIPO I",TÉRMICA,Gás,"Jaguatirica II",RRJII,UTE.GN.RR.044619-0.01,0
"2022-09-02 23:00:00",N,NORTE,RR,RORAIMA,"TIPO I",TÉRMICA,Gás,"Jaguatirica II",RRJII,UTE.GN.RR.044619-0.01,0
"2022-09-03 00:00:00",N,NORTE,RR,RORAIMA,"TIPO I",TÉRMICA,Gás,"Jaguatirica II",RRJII,UTE.GN.RR.044619-0.01,0
"2022-09-03 01:00:00",N,NORTE,RR,RORAIMA,"TIPO I",TÉRMICA,Gás,"Jaguatirica II",RRJII,UTE.GN.RR.044619-0.01,0
"2022-09-03 02:00:00",N,NORTE,RR,RORAIMA,"TIPO I",TÉRMICA,Gás,"Jaguatirica II",RRJII,UTE.GN.RR.044619-0.01,0
"2022-09-03 03:00:00",N,NORTE,RR,RORAIMA,"TIPO I",TÉRMICA,Gás,"Jaguatirica II",RRJII,UTE.GN.RR.044619-0.01,0
"2022-09-03 04:00:00",N,NORTE,RR,RORAIMA,"TIPO I",TÉRMICA,Gás,"Jaguatirica II",RRJII,UTE.GN.RR.044619-0.01,0
"2022-09-03 05:00:00",N,NORTE,RR,RORAIMA,"TIPO I",TÉRMICA,Gás,"Jaguatirica II",RRJII,UTE.GN.RR.044619-0.01,0
"2022-09-03 06:00:00",N,NORTE,RR,RORAIMA,"TIPO I",TÉRMICA,Gás,"Jaguatirica II",RRJII,UTE.GN.RR.044619-0.01,0
"2022-09-03 07:00:00",N,NORTE,RR,RORAIMA,"TIPO I",TÉRMICA,Gás,"Jaguatirica II",RRJII,UTE.GN.RR.044619-0.01,0
"2022-09-03 08:00:00",N,NORTE,RR,RORAIMA,"TIPO I",TÉRMICA,Gás,"Jaguatirica II",RRJII,UTE.GN.RR.044619-0.01,0
"2022-09-03 09:00:00",N,NORTE,RR,RORAIMA,"TIPO I",TÉRMICA,Gás,"Jaguatirica II",RRJII,UTE.GN.RR.044619-0.01,0
"2022-09-03 10:00:00",N,NORTE,RR,RORAIMA,"TIPO I",TÉRMICA,Gás,"Jaguatirica II",RRJII,UTE.GN.RR.044619-0.01,0
"2022-09-03 11:00:00",N,NORTE,RR,RORAIMA,"TIPO I",TÉRMICA,Gás,"Jaguatirica II",RRJII,UTE.GN.RR.044619-0.01,444200000
"2022-09-03 12:00:00",N,NORTE,RR,RORAIMA,"TIPO I",TÉRMICA,Gás,"Jaguatirica II",RRJII,UTE.GN.RR.044619-0.01,1545600000
"2022-09-03 13:00:00",N,NORTE,RR,RORAIMA,"TIPO I",TÉRMICA,Gás,"Jaguatirica II",RRJII,UTE.GN.RR.044619-0.01,1524400000
"2022-09-03 14:00:00",N,NORTE,RR,RORAIMA,"TIPO I",TÉRMICA,Gás,"Jaguatirica II",RRJII,UTE.GN.RR.044619-0.01,3088000000
"2022-09-03 15:00:00",N,NORTE,RR,RORAIMA,"TIPO I",TÉRMICA,Gás,"Jaguatirica II",RRJII,UTE.GN.RR.044619-0.01,6466200000
"2022-09-03 16:00:00",N,NORTE,RR,RORAIMA,"TIPO I",TÉRMICA,Gás,"Jaguatirica II",RRJII,UTE.GN.RR.044619-0.01,6766600000
"2022-09-03 17:00:00",N,NORTE,RR,RORAIMA,"TIPO I",TÉRMICA,Gás,"Jaguatirica II",RRJII,UTE.GN.RR.044619-0.01,6931200000
"2022-09-03 18:00:00",N,NORTE,RR,RORAIMA,"TIPO I",TÉRMICA,Gás,"Jaguatirica II",RRJII,UTE.GN.RR.044619-0.01,6912300000
"2022-09-03 19:00:00",N,NORTE,RR,RORAIMA,"TIPO I",TÉRMICA,Gás,"Jaguatirica II",RRJII,UTE.GN.RR.044619-0.01,6906600000
"2022-09-03 20:00:00",N,NORTE,RR,RORAIMA,"TIPO I",TÉRMICA,Gás,"Jaguatirica II",RRJII,UTE.GN.RR.044619-0.01,6910900000
"2022-09-03 21:00:00",N,NORTE,RR,RORAIMA,"TIPO I",TÉRMICA,Gás,"Jaguatirica II",RRJII,UTE.GN.RR.044619-0.01,6911000000
"2022-09-03 22:00:00",N,NORTE,RR,RORAIMA,"TIPO I",TÉRMICA,Gás,"Jaguatirica II",RRJII,UTE.GN.RR.044619-0.01,6896700000
"2022-09-03 23:00:00",N,NORTE,RR,RORAIMA,"TIPO I",TÉRMICA,Gás,"Jaguatirica II",RRJII,UTE.GN.RR.044619-0.01,6897400000
"2022-09-04 00:00:00",N,NORTE,RR,RORAIMA,"TIPO I",TÉRMICA,Gás,"Jaguatirica II",RRJII,UTE.GN.RR.044619-0.01,6892600000
"2022-09-04 01:00:00",N,NORTE,RR,RORAIMA,"TIPO I",TÉRMICA,Gás,"Jaguatirica II",RRJII,UTE.GN.RR.044619-0.01,6904700000
"2022-09-04 02:00:00",N,NORTE,RR,RORAIMA,"TIPO I",TÉRMICA,Gás,"Jaguatirica II",RRJII,UTE.GN.RR.044619-0.01,6894300000
"2022-09-04 03:00:00",N,NORTE,RR,RORAIMA,"TIPO I",TÉRMICA,Gás,"Jaguatirica II",RRJII,UTE.GN.RR.044619-0.01,6905300000
"2022-09-04 04:00:00",N,NORTE,RR,RORAIMA,"TIPO I",TÉRMICA,Gás,"Jaguatirica II",RRJII,UTE.GN.RR.044619-0.01,6902500000
"2022-09-04 05:00:00",N,NORTE,RR,RORAIMA,"TIPO I",TÉRMICA,Gás,"Jaguatirica II",RRJII,UTE.GN.RR.044619-0.01,6884800000
"2022-09-04 06:00:00",N,NORTE,RR,RORAIMA,"TIPO I",TÉRMICA,Gás,"Jaguatirica II",RRJII,UTE.GN.RR.044619-0.01,6889100000
"2022-09-04 07:00:00",N,NORTE,RR,RORAIMA,"TIPO I",TÉRMICA,Gás,"Jaguatirica II",RRJII,UTE.GN.RR.044619-0.01,6871100000
"2022-09-04 08:00:00",N,NORTE,RR,RORAIMA,"TIPO I",TÉRMICA,Gás,"Jaguatirica II",RRJII,UTE.GN.RR.044619-0.01,6104700000
"2022-09-04 09:00:00",N,NORTE,RR,RORAIMA,"TIPO I",TÉRMICA,Gás,"Jaguatirica II",RRJII,UTE.GN.RR.044619-0.01,6043300000
"2022-09-04 10:00:00",N,NORTE,RR,RORAIMA,"TIPO I",TÉRMICA,Gás,"Jaguatirica II",RRJII,UTE.GN.RR.044619-0.01,6044800000
"2022-09-04 11:00:00",N,NORTE,RR,RORAIMA,"TIPO I",TÉRMICA,Gás,"Jaguatirica II",RRJII,UTE.GN.RR.044619-0.01,5632400000
"2022-09-04 12:00:00",N,NORTE,RR,RORAIMA,"TIPO I",TÉRMICA,Gás,"Jaguatirica II",RRJII,UTE.GN.RR.044619-0.01,5546900000
"2022-09-04 13:00:00",N,NORTE,RR,RORAIMA,"TIPO I",TÉRMICA,Gás,"Jaguatirica II",RRJII,UTE.GN.RR.044619-0.01,5540000000
"2022-09-04 14:00:00",N,NORTE,RR,RORAIMA,"TIPO I",TÉRMICA,Gás,"Jaguatirica II",RRJII,UTE.GN.RR.044619-0.01,6563200000
"2022-09-04 15:00:00",N,NORTE,RR,RORAIMA,"TIPO I",TÉRMICA,Gás,"Jaguatirica II",RRJII,UTE.GN.RR.044619-0.01,6896500000
"2022-09-04 16:00:00",N,NORTE,RR,RORAIMA,"TIPO I",TÉRMICA,Gás,"Jaguatirica II",RRJII,UTE.GN.RR.044619-0.01,6889100000
"2022-09-04 17:00:00",N,NORTE,RR,RORAIMA,"TIPO I",TÉRMICA,Gás,"Jaguatirica II",RRJII,UTE.GN.RR.044619-0.01,6889600000
"2022-09-04 18:00:00",N,NORTE,RR,RORAIMA,"TIPO I",TÉRMICA,Gás,"Jaguatirica II",RRJII,UTE.GN.RR.044619-0.01,6893600000
"2022-09-04 19:00:00",N,NORTE,RR,RORAIMA,"TIPO I",TÉRMICA,Gás,"Jaguatirica II",RRJII,UTE.GN.RR.044619-0.01,6880000000
"2022-09-04 20:00:00",N,NORTE,RR,RORAIMA,"TIPO I",TÉRMICA,Gás,"Jaguatirica II",RRJII,UTE.GN.RR.044619-0.01,6904600000
"2022-09-04 21:00:00",N,NORTE,RR,RORAIMA,"TIPO I",TÉRMICA,Gás,"Jaguatirica II",RRJII,UTE.GN.RR.044619-0.01,6915500000
"2022-09-04 22:00:00",N,NORTE,RR,RORAIMA,"TIPO I",TÉRMICA,Gás,"Jaguatirica II",RRJII,UTE.GN.RR.044619-0.01,6907500000
"2022-09-04 23:00:00",N,NORTE,RR,RORAIMA,"TIPO I",TÉRMICA,Gás,"Jaguatirica II",RRJII,UTE.GN.RR.044619-0.01,6895800000
"2022-09-05 00:00:00",N,NORTE,RR,RORAIMA,"TIPO I",TÉRMICA,Gás,"Jaguatirica II",RRJII,UTE.GN.RR.044619-0.01,6901100000
"2022-09-05 01:00:00",N,NORTE,RR,RORAIMA,"TIPO I",TÉRMICA,Gás,"Jaguatirica II",RRJII,UTE.GN.RR.044619-0.01,6894700000
"2022-09-05 02:00:00",N,NORTE,RR,RORAIMA,"TIPO I",TÉRMICA,Gás,"Jaguatirica II",RRJII,UTE.GN.RR.044619-0.01,6881400000
"2022-09-05 03:00:00",N,NORTE,RR,RORAIMA,"TIPO I",TÉRMICA,Gás,"Jaguatirica II",RRJII,UTE.GN.RR.044619-0.01,6882200000
"2022-09-05 04:00:00",N,NORTE,RR,RORAIMA,"TIPO I",TÉRMICA,Gás,"Jaguatirica II",RRJII,UTE.GN.RR.044619-0.01,6873200000
"2022-09-05 05:00:00",N,NORTE,RR,RORAIMA,"TIPO I",TÉRMICA,Gás,"Jaguatirica II",RRJII,UTE.GN.RR.044619-0.01,6871800000
"2022-09-05 06:00:00",N,NORTE,RR,RORAIMA,"TIPO I",TÉRMICA,Gás,"Jaguatirica II",RRJII,UTE.GN.RR.044619-0.01,6875100000
"2022-09-05 07:00:00",N,NORTE,RR,RORAIMA,"TIPO I",TÉRMICA,Gás,"Jaguatirica II",RRJII,UTE.GN.RR.044619-0.01,6451300000
"2022-09-05 08:00:00",N,NORTE,RR,RORAIMA,"TIPO I",TÉRMICA,Gás,"Jaguatirica II",RRJII,UTE.GN.RR.044619-0.01,6501300000
"2022-09-05 09:00:00",N,NORTE,RR,RORAIMA,"TIPO I",TÉRMICA,Gás,"Jaguatirica II",RRJII,UTE.GN.RR.044619-0.01,6836300000
"2022-09-05 10:00:00",N,NORTE,RR,RORAIMA,"TIPO I",TÉRMICA,Gás,"Jaguatirica II",RRJII,UTE.GN.RR.044619-0.01,6888700000
"2022-09-05 11:00:00",N,NORTE,RR,RORAIMA,"TIPO I",TÉRMICA,Gás,"Jaguatirica II",RRJII,UTE.GN.RR.044619-0.01,6885500000
"2022-09-05 12:00:00",N,NORTE,RR,RORAIMA,"TIPO I",TÉRMICA,Gás,"Jaguatirica II",RRJII,UTE.GN.RR.044619-0.01,6907000000
"2022-09-05 13:00:00",N,NORTE,RR,RORAIMA,"TIPO I",TÉRMICA,Gás,"Jaguatirica II",RRJII,UTE.GN.RR.044619-0.01,6896800000
"2022-09-05 14:00:00",N,NORTE,RR,RORAIMA,"TIPO I",TÉRMICA,Gás,"Jaguatirica II",RRJII,UTE.GN.RR.044619-0.01,6895700000
"2022-09-05 15:00:00",N,NORTE,RR,RORAIMA,"TIPO I",TÉRMICA,Gás,"Jaguatirica II",RRJII,UTE.GN.RR.044619-0.01,6906100000
"2022-09-05 16:00:00",N,NORTE,RR,RORAIMA,"TIPO I",TÉRMICA,Gás,"Jaguatirica II",RRJII,UTE.GN.RR.044619-0.01,6899000000
"2022-09-05 17:00:00",N,NORTE,RR,RORAIMA,"TIPO I",TÉRMICA,Gás,"Jaguatirica II",RRJII,UTE.GN.RR.044619-0.01,6895300000
"2022-09-05 18:00:00",N,NORTE,RR,RORAIMA,"TIPO I",TÉRMICA,Gás,"Jaguatirica II",RRJII,UTE.GN.RR.044619-0.01,6899000000
"2022-09-05 19:00:00",N,NORTE,RR,RORAIMA,"TIPO I",TÉRMICA,Gás,"Jaguatirica II",RRJII,UTE.GN.RR.044619-0.01,6902200000
"2022-09-05 20:00:00",N,NORTE,RR,RORAIMA,"TIPO I",TÉRMICA,Gás,"Jaguatirica II",RRJII,UTE.GN.RR.044619-0.01,6907400000
"2022-09-05 21:00:00",N,NORTE,RR,RORAIMA,"TIPO I",TÉRMICA,Gás,"Jaguatirica II",RRJII,UTE.GN.RR.044619-0.01,6906300000
"2022-09-05 22:00:00",N,NORTE,RR,RORAIMA,"TIPO I",TÉRMICA,Gás,"Jaguatirica II",RRJII,UTE.GN.RR.044619-0.01,6901600000
"2022-09-05 23:00:00",N,NORTE,RR,RORAIMA,"TIPO I",TÉRMICA,Gás,"Jaguatirica II",RRJII,UTE.GN.RR.044619-0.01,6907100000
"2022-09-06 00:00:00",N,NORTE,RR,RORAIMA,"TIPO I",TÉRMICA,Gás,"Jaguatirica II",RRJII,UTE.GN.RR.044619-0.01,6910000000
"2022-09-06 01:00:00",N,NORTE,RR,RORAIMA,"TIPO I",TÉRMICA,Gás,"Jaguatirica II",RRJII,UTE.GN.RR.044619-0.01,6913000000
"2022-09-06 02:00:00",N,NORTE,RR,RORAIMA,"TIPO I",TÉRMICA,Gás,"Jaguatirica II",RRJII,UTE.GN.RR.044619-0.01,6913900000
"2022-09-06 03:00:00",N,NORTE,RR,RORAIMA,"TIPO I",TÉRMICA,Gás,"Jaguatirica II",RRJII,UTE.GN.RR.044619-0.01,6899300000
"2022-09-06 04:00:00",N,NORTE,RR,RORAIMA,"TIPO I",TÉRMICA,Gás,"Jaguatirica II",RRJII,UTE.GN.RR.044619-0.01,6890800000
"2022-09-06 05:00:00",N,NORTE,RR,RORAIMA,"TIPO I",TÉRMICA,Gás,"Jaguatirica II",RRJII,UTE.GN.RR.044619-0.01,6894100000
"2022-09-06 06:00:00",N,NORTE,RR,RORAIMA,"TIPO I",TÉRMICA,Gás,"Jaguatirica II",RRJII,UTE.GN.RR.044619-0.01,6854600000
"2022-09-06 07:00:00",N,NORTE,RR,RORAIMA,"TIPO I",TÉRMICA,Gás,"Jaguatirica II",RRJII,UTE.GN.RR.044619-0.01,5054100000
"2022-09-06 08:00:00",N,NORTE,RR,RORAIMA,"TIPO I",TÉRMICA,Gás,"Jaguatirica II",RRJII,UTE.GN.RR.044619-0.01,4955300000
"2022-09-06 09:00:00",N,NORTE,RR,RORAIMA,"TIPO I",TÉRMICA,Gás,"Jaguatirica II",RRJII,UTE.GN.RR.044619-0.01,6027300000
"2022-09-06 10:00:00",N,NORTE,RR,RORAIMA,"TIPO I",TÉRMICA,Gás,"Jaguatirica II",RRJII,UTE.GN.RR.044619-0.01,6889400000
"2022-09-06 11:00:00",N,NORTE,RR,RORAIMA,"TIPO I",TÉRMICA,Gás,"Jaguatirica II",RRJII,UTE.GN.RR.044619-0.01,6897400000
"2022-09-06 12:00:00",N,NORTE,RR,RORAIMA,"TIPO I",TÉRMICA,Gás,"Jaguatirica II",RRJII,UTE.GN.RR.044619-0.01,6891900000
"2022-09-06 13:00:00",N,NORTE,RR,RORAIMA,"TIPO I",TÉRMICA,Gás,"Jaguatirica II",RRJII,UTE.GN.RR.044619-0.01,6905100000
"2022-09-06 14:00:00",N,NORTE,RR,RORAIMA,"TIPO I",TÉRMICA,Gás,"Jaguatirica II",RRJII,UTE.GN.RR.044619-0.01,6368800000
"2022-09-06 15:00:00",N,NORTE,RR,RORAIMA,"TIPO I",TÉRMICA,Gás,"Jaguatirica II",RRJII,UTE.GN.RR.044619-0.01,4880700000
"2022-09-06 16:00:00",N,NORTE,RR,RORAIMA,"TIPO I",TÉRMICA,Gás,"Jaguatirica II",RRJII,UTE.GN.RR.044619-0.01,4884000000
"2022-09-06 17:00:00",N,NORTE,RR,RORAIMA,"TIPO I",TÉRMICA,Gás,"Jaguatirica II",RRJII,UTE.GN.RR.044619-0.01,4884400000
"2022-09-06 18:00:00",N,NORTE,RR,RORAIMA,"TIPO I",TÉRMICA,Gás,"Jaguatirica II",RRJII,UTE.GN.RR.044619-0.01,4887700000
"2022-09-06 19:00:00",N,NORTE,RR,RORAIMA,"TIPO I",TÉRMICA,Gás,"Jaguatirica II",RRJII,UTE.GN.RR.044619-0.01,4893100000
"2022-09-06 20:00:00",N,NORTE,RR,RORAIMA,"TIPO I",TÉRMICA,Gás,"Jaguatirica II",RRJII,UTE.GN.RR.044619-0.01,4891800000
"2022-09-06 21:00:00",N,NORTE,RR,RORAIMA,"TIPO I",TÉRMICA,Gás,"Jaguatirica II",RRJII,UTE.GN.RR.044619-0.01,4891600000
"2022-09-06 22:00:00",N,NORTE,RR,RORAIMA,"TIPO I",TÉRMICA,Gás,"Jaguatirica II",RRJII,UTE.GN.RR.044619-0.01,4865000000
"2022-09-06 23:00:00",N,NORTE,RR,RORAIMA,"TIPO I",TÉRMICA,Gás,"Jaguatirica II",RRJII,UTE.GN.RR.044619-0.01,4882800000
"2022-09-07 00:00:00",N,NORTE,RR,RORAIMA,"TIPO I",TÉRMICA,Gás,"Jaguatirica II",RRJII,UTE.GN.RR.044619-0.01,4878300000
"2022-09-07 01:00:00",N,NORTE,RR,RORAIMA,"TIPO I",TÉRMICA,Gás,"Jaguatirica II",RRJII,UTE.GN.RR.044619-0.01,4875500000
"2022-09-07 02:00:00",N,NORTE,RR,RORAIMA,"TIPO I",TÉRMICA,Gás,"Jaguatirica II",RRJII,UTE.GN.RR.044619-0.01,4877100000
"2022-09-07 03:00:00",N,NORTE,RR,RORAIMA,"TIPO I",TÉRMICA,Gás,"Jaguatirica II",RRJII,UTE.GN.RR.044619-0.01,4877900000
"2022-09-07 04:00:00",N,NORTE,RR,RORAIMA,"TIPO I",TÉRMICA,Gás,"Jaguatirica II",RRJII,UTE.GN.RR.044619-0.01,4875700000
"2022-09-07 05:00:00",N,NORTE,RR,RORAIMA,"TIPO I",TÉRMICA,Gás,"Jaguatirica II",RRJII,UTE.GN.RR.044619-0.01,4876900000
"2022-09-07 06:00:00",N,NORTE,RR,RORAIMA,"TIPO I",TÉRMICA,Gás,"Jaguatirica II",RRJII,UTE.GN.RR.044619-0.01,4875800000
"2022-09-07 07:00:00",N,NORTE,RR,RORAIMA,"TIPO I",TÉRMICA,Gás,"Jaguatirica II",RRJII,UTE.GN.RR.044619-0.01,2689800000
"2022-09-07 08:00:00",N,NORTE,RR,RORAIMA,"TIPO I",TÉRMICA,Gás,"Jaguatirica II",RRJII,UTE.GN.RR.044619-0.01,781300000
"2022-09-07 09:00:00",N,NORTE,RR,RORAIMA,"TIPO I",TÉRMICA,Gás,"Jaguatirica II",RRJII,UTE.GN.RR.044619-0.01,2143900000
"2022-09-07 10:00:00",N,NORTE,RR,RORAIMA,"TIPO I",TÉRMICA,Gás,"Jaguatirica II",RRJII,UTE.GN.RR.044619-0.01,4104800000
"2022-09-07 11:00:00",N,NORTE,RR,RORAIMA,"TIPO I",TÉRMICA,Gás,"Jaguatirica II",RRJII,UTE.GN.RR.044619-0.01,5017900000
"2022-09-07 12:00:00",N,NORTE,RR,RORAIMA,"TIPO I",TÉRMICA,Gás,"Jaguatirica II",RRJII,UTE.GN.RR.044619-0.01,5665900000
"2022-09-07 13:00:00",N,NORTE,RR,RORAIMA,"TIPO I",TÉRMICA,Gás,"Jaguatirica II",RRJII,UTE.GN.RR.044619-0.01,6332900000
"2022-09-07 14:00:00",N,NORTE,RR,RORAIMA,"TIPO I",TÉRMICA,Gás,"Jaguatirica II",RRJII,UTE.GN.RR.044619-0.01,6745200000
"2022-09-07 15:00:00",N,NORTE,RR,RORAIMA,"TIPO I",TÉRMICA,Gás,"Jaguatirica II",RRJII,UTE.GN.RR.044619-0.01,6770700000
"2022-09-07 16:00:00",N,NORTE,RR,RORAIMA,"TIPO I",TÉRMICA,Gás,"Jaguatirica II",RRJII,UTE.GN.RR.044619-0.01,6759200000
"2022-09-07 17:00:00",N,NORTE,RR,RORAIMA,"TIPO I",TÉRMICA,Gás,"Jaguatirica II",RRJII,UTE.GN.RR.044619-0.01,6746300000
"2022-09-07 18:00:00",N,NORTE,RR,RORAIMA,"TIPO I",TÉRMICA,Gás,"Jaguatirica II",RRJII,UTE.GN.RR.044619-0.01,6772600000
"2022-09-07 19:00:00",N,NORTE,RR,RORAIMA,"TIPO I",TÉRMICA,Gás,"Jaguatirica II",RRJII,UTE.GN.RR.044619-0.01,6792600000
"2022-09-07 20:00:00",N,NORTE,RR,RORAIMA,"TIPO I",TÉRMICA,Gás,"Jaguatirica II",RRJII,UTE.GN.RR.044619-0.01,6776400000
"2022-09-07 21:00:00",N,NORTE,RR,RORAIMA,"TIPO I",TÉRMICA,Gás,"Jaguatirica II",RRJII,UTE.GN.RR.044619-0.01,6774100000
"2022-09-07 22:00:00",N,NORTE,RR,RORAIMA,"TIPO I",TÉRMICA,Gás,"Jaguatirica II",RRJII,UTE.GN.RR.044619-0.01,6772600000
"2022-09-07 23:00:00",N,NORTE,RR,RORAIMA,"TIPO I",TÉRMICA,Gás,"Jaguatirica II",RRJII,UTE.GN.RR.044619-0.01,6790200000
"2022-09-08 00:00:00",N,NORTE,RR,RORAIMA,"TIPO I",TÉRMICA,Gás,"Jaguatirica II",RRJII,UTE.GN.RR.044619-0.01,6795500000
"2022-09-08 01:00:00",N,NORTE,RR,RORAIMA,"TIPO I",TÉRMICA,Gás,"Jaguatirica II",RRJII,UTE.GN.RR.044619-0.01,6791600000
"2022-09-08 02:00:00",N,NORTE,RR,RORAIMA,"TIPO I",TÉRMICA,Gás,"Jaguatirica II",RRJII,UTE.GN.RR.044619-0.01,6796700000
"2022-09-08 03:00:00",N,NORTE,RR,RORAIMA,"TIPO I",TÉRMICA,Gás,"Jaguatirica II",RRJII,UTE.GN.RR.044619-0.01,6803500000
"2022-09-08 04:00:00",N,NORTE,RR,RORAIMA,"TIPO I",TÉRMICA,Gás,"Jaguatirica II",RRJII,UTE.GN.RR.044619-0.01,6801100000
"2022-09-08 05:00:00",N,NORTE,RR,RORAIMA,"TIPO I",TÉRMICA,Gás,"Jaguatirica II",RRJII,UTE.GN.RR.044619-0.01,6801800000
"2022-09-08 06:00:00",N,NORTE,RR,RORAIMA,"TIPO I",TÉRMICA,Gás,"Jaguatirica II",RRJII,UTE.GN.RR.044619-0.01,6796000000
"2022-09-08 07:00:00",N,NORTE,RR,RORAIMA,"TIPO I",TÉRMICA,Gás,"Jaguatirica II",RRJII,UTE.GN.RR.044619-0.01,6572100000
"2022-09-08 08:00:00",N,NORTE,RR,RORAIMA,"TIPO I",TÉRMICA,Gás,"Jaguatirica II",RRJII,UTE.GN.RR.044619-0.01,6507400000
"2022-09-08 09:00:00",N,NORTE,RR,RORAIMA,"TIPO I",TÉRMICA,Gás,"Jaguatirica II",RRJII,UTE.GN.RR.044619-0.01,6835200000
"2022-09-08 10:00:00",N,NORTE,RR,RORAIMA,"TIPO I",TÉRMICA,Gás,"Jaguatirica II",RRJII,UTE.GN.RR.044619-0.01,6911400000
"2022-09-08 11:00:00",N,NORTE,RR,RORAIMA,"TIPO I",TÉRMICA,Gás,"Jaguatirica II",RRJII,UTE.GN.RR.044619-0.01,6897900000
"2022-09-08 12:00:00",N,NORTE,RR,RORAIMA,"TIPO I",TÉRMICA,Gás,"Jaguatirica II",RRJII,UTE.GN.RR.044619-0.01,6890500000
"2022-09-08 13:00:00",N,NORTE,RR,RORAIMA,"TIPO I",TÉRMICA,Gás,"Jaguatirica II",RRJII,UTE.GN.RR.044619-0.01,6886400000
"2022-09-08 14:00:00",N,NORTE,RR,RORAIMA,"TIPO I",TÉRMICA,Gás,"Jaguatirica II",RRJII,UTE.GN.RR.044619-0.01,6858100000
"2022-09-08 15:00:00",N,NORTE,RR,RORAIMA,"TIPO I",TÉRMICA,Gás,"Jaguatirica II",RRJII,UTE.GN.RR.044619-0.01,6823800000
"2022-09-08 16:00:00",N,NORTE,RR,RORAIMA,"TIPO I",TÉRMICA,Gás,"Jaguatirica II",RRJII,UTE.GN.RR.044619-0.01,6814300000
"2022-09-08 17:00:00",N,NORTE,RR,RORAIMA,"TIPO I",TÉRMICA,Gás,"Jaguatirica II",RRJII,UTE.GN.RR.044619-0.01,6816100000
"2022-09-08 18:00:00",N,NORTE,RR,RORAIMA,"TIPO I",TÉRMICA,Gás,"Jaguatirica II",RRJII,UTE.GN.RR.044619-0.01,6884200000
"2022-09-08 19:00:00",N,NORTE,RR,RORAIMA,"TIPO I",TÉRMICA,Gás,"Jaguatirica II",RRJII,UTE.GN.RR.044619-0.01,6810400000
"2022-09-08 20:00:00",N,NORTE,RR,RORAIMA,"TIPO I",TÉRMICA,Gás,"Jaguatirica II",RRJII,UTE.GN.RR.044619-0.01,6907600000
"2022-09-08 21:00:00",N,NORTE,RR,RORAIMA,"TIPO I",TÉRMICA,Gás,"Jaguatirica II",RRJII,UTE.GN.RR.044619-0.01,6900800000
"2022-09-08 22:00:00",N,NORTE,RR,RORAIMA,"TIPO I",TÉRMICA,Gás,"Jaguatirica II",RRJII,UTE.GN.RR.044619-0.01,6917400000
"2022-09-08 23:00:00",N,NORTE,RR,RORAIMA,"TIPO I",TÉRMICA,Gás,"Jaguatirica II",RRJII,UTE.GN.RR.044619-0.01,6888300000
"2022-09-09 00:00:00",N,NORTE,RR,RORAIMA,"TIPO I",TÉRMICA,Gás,"Jaguatirica II",RRJII,UTE.GN.RR.044619-0.01,6903000000
"2022-09-09 01:00:00",N,NORTE,RR,RORAIMA,"TIPO I",TÉRMICA,Gás,"Jaguatirica II",RRJII,UTE.GN.RR.044619-0.01,6934200000
"2022-09-09 02:00:00",N,NORTE,RR,RORAIMA,"TIPO I",TÉRMICA,Gás,"Jaguatirica II",RRJII,UTE.GN.RR.044619-0.01,6925400000
"2022-09-09 03:00:00",N,NORTE,RR,RORAIMA,"TIPO I",TÉRMICA,Gás,"Jaguatirica II",RRJII,UTE.GN.RR.044619-0.01,6917500000
"2022-09-09 04:00:00",N,NORTE,RR,RORAIMA,"TIPO I",TÉRMICA,Gás,"Jaguatirica II",RRJII,UTE.GN.RR.044619-0.01,6920200000
"2022-09-09 05:00:00",N,NORTE,RR,RORAIMA,"TIPO I",TÉRMICA,Gás,"Jaguatirica II",RRJII,UTE.GN.RR.044619-0.01,6915600000
"2022-09-09 06:00:00",N,NORTE,RR,RORAIMA,"TIPO I",TÉRMICA,Gás,"Jaguatirica II",RRJII,UTE.GN.RR.044619-0.01,6910200000
"2022-09-09 07:00:00",N,NORTE,RR,RORAIMA,"TIPO I",TÉRMICA,Gás,"Jaguatirica II",RRJII,UTE.GN.RR.044619-0.01,6825100000
"2022-09-09 08:00:00",N,NORTE,RR,RORAIMA,"TIPO I",TÉRMICA,Gás,"Jaguatirica II",RRJII,UTE.GN.RR.044619-0.01,6459900000
"2022-09-09 09:00:00",N,NORTE,RR,RORAIMA,"TIPO I",TÉRMICA,Gás,"Jaguatirica II",RRJII,UTE.GN.RR.044619-0.01,6614000000
"2022-09-09 10:00:00",N,NORTE,RR,RORAIMA,"TIPO I",TÉRMICA,Gás,"Jaguatirica II",RRJII,UTE.GN.RR.044619-0.01,6912000000
"2022-09-09 11:00:00",N,NORTE,RR,RORAIMA,"TIPO I",TÉRMICA,Gás,"Jaguatirica II",RRJII,UTE.GN.RR.044619-0.01,6898500000
"2022-09-09 12:00:00",N,NORTE,RR,RORAIMA,"TIPO I",TÉRMICA,Gás,"Jaguatirica II",RRJII,UTE.GN.RR.044619-0.01,6891300000
"2022-09-09 13:00:00",N,NORTE,RR,RORAIMA,"TIPO I",TÉRMICA,Gás,"Jaguatirica II",RRJII,UTE.GN.RR.044619-0.01,6893800000
"2022-09-09 14:00:00",N,NORTE,RR,RORAIMA,"TIPO I",TÉRMICA,Gás,"Jaguatirica II",RRJII,UTE.GN.RR.044619-0.01,6894400000
"2022-09-09 15:00:00",N,NORTE,RR,RORAIMA,"TIPO I",TÉRMICA,Gás,"Jaguatirica II",RRJII,UTE.GN.RR.044619-0.01,6920300000
"2022-09-09 16:00:00",N,NORTE,RR,RORAIMA,"TIPO I",TÉRMICA,Gás,"Jaguatirica II",RRJII,UTE.GN.RR.044619-0.01,6867800000
"2022-09-09 17:00:00",N,NORTE,RR,RORAIMA,"TIPO I",TÉRMICA,Gás,"Jaguatirica II",RRJII,UTE.GN.RR.044619-0.01,6879700000
"2022-09-09 18:00:00",N,NORTE,RR,RORAIMA,"TIPO I",TÉRMICA,Gás,"Jaguatirica II",RRJII,UTE.GN.RR.044619-0.01,6903700000
"2022-09-09 19:00:00",N,NORTE,RR,RORAIMA,"TIPO I",TÉRMICA,Gás,"Jaguatirica II",RRJII,UTE.GN.RR.044619-0.01,6914500000
"2022-09-09 20:00:00",N,NORTE,RR,RORAIMA,"TIPO I",TÉRMICA,Gás,"Jaguatirica II",RRJII,UTE.GN.RR.044619-0.01,6916800000
"2022-09-09 21:00:00",N,NORTE,RR,RORAIMA,"TIPO I",TÉRMICA,Gás,"Jaguatirica II",RRJII,UTE.GN.RR.044619-0.01,6916200000
"2022-09-09 22:00:00",N,NORTE,RR,RORAIMA,"TIPO I",TÉRMICA,Gás,"Jaguatirica II",RRJII,UTE.GN.RR.044619-0.01,6914200000
"2022-09-09 23:00:00",N,NORTE,RR,RORAIMA,"TIPO I",TÉRMICA,Gás,"Jaguatirica II",RRJII,UTE.GN.RR.044619-0.01,6924300000
"2022-09-10 00:00:00",N,NORTE,RR,RORAIMA,"TIPO I",TÉRMICA,Gás,"Jaguatirica II",RRJII,UTE.GN.RR.044619-0.01,6928700000
"2022-09-10 01:00:00",N,NORTE,RR,RORAIMA,"TIPO I",TÉRMICA,Gás,"Jaguatirica II",RRJII,UTE.GN.RR.044619-0.01,6930900000
"2022-09-10 02:00:00",N,NORTE,RR,RORAIMA,"TIPO I",TÉRMICA,Gás,"Jaguatirica II",RRJII,UTE.GN.RR.044619-0.01,6933300000
"2022-09-10 03:00:00",N,NORTE,RR,RORAIMA,"TIPO I",TÉRMICA,Gás,"Jaguatirica II",RRJII,UTE.GN.RR.044619-0.01,6929000000
"2022-09-10 04:00:00",N,NORTE,RR,RORAIMA,"TIPO I",TÉRMICA,Gás,"Jaguatirica II",RRJII,UTE.GN.RR.044619-0.01,6923600000
"2022-09-10 05:00:00",N,NORTE,RR,RORAIMA,"TIPO I",TÉRMICA,Gás,"Jaguatirica II",RRJII,UTE.GN.RR.044619-0.01,6919500000
"2022-09-10 06:00:00",N,NORTE,RR,RORAIMA,"TIPO I",TÉRMICA,Gás,"Jaguatirica II",RRJII,UTE.GN.RR.044619-0.01,6880300000
"2022-09-10 07:00:00",N,NORTE,RR,RORAIMA,"TIPO I",TÉRMICA,Gás,"Jaguatirica II",RRJII,UTE.GN.RR.044619-0.01,6880500000
"2022-09-10 08:00:00",N,NORTE,RR,RORAIMA,"TIPO I",TÉRMICA,Gás,"Jaguatirica II",RRJII,UTE.GN.RR.044619-0.01,6504900000
"2022-09-10 09:00:00",N,NORTE,RR,RORAIMA,"TIPO I",TÉRMICA,Gás,"Jaguatirica II",RRJII,UTE.GN.RR.044619-0.01,6882700000
"2022-09-10 10:00:00",N,NORTE,RR,RORAIMA,"TIPO I",TÉRMICA,Gás,"Jaguatirica II",RRJII,UTE.GN.RR.044619-0.01,7973300000
"2022-09-10 11:00:00",N,NORTE,RR,RORAIMA,"TIPO I",TÉRMICA,Gás,"Jaguatirica II",RRJII,UTE.GN.RR.044619-0.01,8591800000
"2022-09-10 12:00:00",N,NORTE,RR,RORAIMA,"TIPO I",TÉRMICA,Gás,"Jaguatirica II",RRJII,UTE.GN.RR.044619-0.01,8547800000
"2022-09-10 13:00:00",N,NORTE,RR,RORAIMA,"TIPO I",TÉRMICA,Gás,"Jaguatirica II",RRJII,UTE.GN.RR.044619-0.01,8510000000
"2022-09-10 14:00:00",N,NORTE,RR,RORAIMA,"TIPO I",TÉRMICA,Gás,"Jaguatirica II",RRJII,UTE.GN.RR.044619-0.01,8784500000
"2022-09-10 15:00:00",N,NORTE,RR,RORAIMA,"TIPO I",TÉRMICA,Gás,"Jaguatirica II",RRJII,UTE.GN.RR.044619-0.01,9217200000
"2022-09-10 16:00:00",N,NORTE,RR,RORAIMA,"TIPO I",TÉRMICA,Gás,"Jaguatirica II",RRJII,UTE.GN.RR.044619-0.01,9205800000
"2022-09-10 17:00:00",N,NORTE,RR,RORAIMA,"TIPO I",TÉRMICA,Gás,"Jaguatirica II",RRJII,UTE.GN.RR.044619-0.01,9222400000
"2022-09-10 18:00:00",N,NORTE,RR,RORAIMA,"TIPO I",TÉRMICA,Gás,"Jaguatirica II",RRJII,UTE.GN.RR.044619-0.01,7641700000
"2022-09-10 19:00:00",N,NORTE,RR,RORAIMA,"TIPO I",TÉRMICA,Gás,"Jaguatirica II",RRJII,UTE.GN.RR.044619-0.01,6905200000
"2022-09-10 20:00:00",N,NORTE,RR,RORAIMA,"TIPO I",TÉRMICA,Gás,"Jaguatirica II",RRJII,UTE.GN.RR.044619-0.01,6919600000
"2022-09-10 21:00:00",N,NORTE,RR,RORAIMA,"TIPO I",TÉRMICA,Gás,"Jaguatirica II",RRJII,UTE.GN.RR.044619-0.01,6919300000
"2022-09-10 22:00:00",N,NORTE,RR,RORAIMA,"TIPO I",TÉRMICA,Gás,"Jaguatirica II",RRJII,UTE.GN.RR.044619-0.01,6916000000
"2022-09-10 23:00:00",N,NORTE,RR,RORAIMA,"TIPO I",TÉRMICA,Gás,"Jaguatirica II",RRJII,UTE.GN.RR.044619-0.01,6912000000
"2022-09-11 00:00:00",N,NORTE,RR,RORAIMA,"TIPO I",TÉRMICA,Gás,"Jaguatirica II",RRJII,UTE.GN.RR.044619-0.01,6919200000
"2022-09-11 01:00:00",N,NORTE,RR,RORAIMA,"TIPO I",TÉRMICA,Gás,"Jaguatirica II",RRJII,UTE.GN.RR.044619-0.01,6916100000
"2022-09-11 02:00:00",N,NORTE,RR,RORAIMA,"TIPO I",TÉRMICA,Gás,"Jaguatirica II",RRJII,UTE.GN.RR.044619-0.01,6909400000
"2022-09-11 03:00:00",N,NORTE,RR,RORAIMA,"TIPO I",TÉRMICA,Gás,"Jaguatirica II",RRJII,UTE.GN.RR.044619-0.01,6907200000
"2022-09-11 04:00:00",N,NORTE,RR,RORAIMA,"TIPO I",TÉRMICA,Gás,"Jaguatirica II",RRJII,UTE.GN.RR.044619-0.01,6907900000
"2022-09-11 05:00:00",N,NORTE,RR,RORAIMA,"TIPO I",TÉRMICA,Gás,"Jaguatirica II",RRJII,UTE.GN.RR.044619-0.01,6910200000
"2022-09-11 06:00:00",N,NORTE,RR,RORAIMA,"TIPO I",TÉRMICA,Gás,"Jaguatirica II",RRJII,UTE.GN.RR.044619-0.01,6903400000
"2022-09-11 07:00:00",N,NORTE,RR,RORAIMA,"TIPO I",TÉRMICA,Gás,"Jaguatirica II",RRJII,UTE.GN.RR.044619-0.01,6913200000
"2022-09-11 08:00:00",N,NORTE,RR,RORAIMA,"TIPO I",TÉRMICA,Gás,"Jaguatirica II",RRJII,UTE.GN.RR.044619-0.01,6895400000
"2022-09-11 09:00:00",N,NORTE,RR,RORAIMA,"TIPO I",TÉRMICA,Gás,"Jaguatirica II",RRJII,UTE.GN.RR.044619-0.01,6888300000
"2022-09-11 10:00:00",N,NORTE,RR,RORAIMA,"TIPO I",TÉRMICA,Gás,"Jaguatirica II",RRJII,UTE.GN.RR.044619-0.01,6893100000
"2022-09-11 11:00:00",N,NORTE,RR,RORAIMA,"TIPO I",TÉRMICA,Gás,"Jaguatirica II",RRJII,UTE.GN.RR.044619-0.01,6905600000
"2022-09-11 12:00:00",N,NORTE,RR,RORAIMA,"TIPO I",TÉRMICA,Gás,"Jaguatirica II",RRJII,UTE.GN.RR.044619-0.01,7109500000
"2022-09-11 13:00:00",N,NORTE,RR,RORAIMA,"TIPO I",TÉRMICA,Gás,"Jaguatirica II",RRJII,UTE.GN.RR.044619-0.01,7460800000
"2022-09-11 14:00:00",N,NORTE,RR,RORAIMA,"TIPO I",TÉRMICA,Gás,"Jaguatirica II",RRJII,UTE.GN.RR.044619-0.01,8011500000
"2022-09-11 15:00:00",N,NORTE,RR,RORAIMA,"TIPO I",TÉRMICA,Gás,"Jaguatirica II",RRJII,UTE.GN.RR.044619-0.01,8187800000
"2022-09-11 16:00:00",N,NORTE,RR,RORAIMA,"TIPO I",TÉRMICA,Gás,"Jaguatirica II",RRJII,UTE.GN.RR.044619-0.01,8688700000
"2022-09-11 17:00:00",N,NORTE,RR,RORAIMA,"TIPO I",TÉRMICA,Gás,"Jaguatirica II",RRJII,UTE.GN.RR.044619-0.01,9431800000
"2022-09-11 18:00:00",N,NORTE,RR,RORAIMA,"TIPO I",TÉRMICA,Gás,"Jaguatirica II",RRJII,UTE.GN.RR.044619-0.01,9450300000
"2022-09-11 19:00:00",N,NORTE,RR,RORAIMA,"TIPO I",TÉRMICA,Gás,"Jaguatirica II",RRJII,UTE.GN.RR.044619-0.01,9440800000
"2022-09-11 20:00:00",N,NORTE,RR,RORAIMA,"TIPO I",TÉRMICA,Gás,"Jaguatirica II",RRJII,UTE.GN.RR.044619-0.01,8932200000
"2022-09-11 21:00:00",N,NORTE,RR,RORAIMA,"TIPO I",TÉRMICA,Gás,"Jaguatirica II",RRJII,UTE.GN.RR.044619-0.01,6864000000
"2022-09-11 22:00:00",N,NORTE,RR,RORAIMA,"TIPO I",TÉRMICA,Gás,"Jaguatirica II",RRJII,UTE.GN.RR.044619-0.01,6879500000
"2022-09-11 23:00:00",N,NORTE,RR,RORAIMA,"TIPO I",TÉRMICA,Gás,"Jaguatirica II",RRJII,UTE.GN.RR.044619-0.01,6887300000
"2022-09-12 00:00:00",N,NORTE,RR,RORAIMA,"TIPO I",TÉRMICA,Gás,"Jaguatirica II",RRJII,UTE.GN.RR.044619-0.01,6886900000
"2022-09-12 01:00:00",N,NORTE,RR,RORAIMA,"TIPO I",TÉRMICA,Gás,"Jaguatirica II",RRJII,UTE.GN.RR.044619-0.01,6900200000
"2022-09-12 02:00:00",N,NORTE,RR,RORAIMA,"TIPO I",TÉRMICA,Gás,"Jaguatirica II",RRJII,UTE.GN.RR.044619-0.01,6887800000
"2022-09-12 03:00:00",N,NORTE,RR,RORAIMA,"TIPO I",TÉRMICA,Gás,"Jaguatirica II",RRJII,UTE.GN.RR.044619-0.01,6886500000
"2022-09-12 04:00:00",N,NORTE,RR,RORAIMA,"TIPO I",TÉRMICA,Gás,"Jaguatirica II",RRJII,UTE.GN.RR.044619-0.01,6893000000
"2022-09-12 05:00:00",N,NORTE,RR,RORAIMA,"TIPO I",TÉRMICA,Gás,"Jaguatirica II",RRJII,UTE.GN.RR.044619-0.01,6877300000
"2022-09-12 06:00:00",N,NORTE,RR,RORAIMA,"TIPO I",TÉRMICA,Gás,"Jaguatirica II",RRJII,UTE.GN.RR.044619-0.01,6899100000
"2022-09-12 07:00:00",N,NORTE,RR,RORAIMA,"TIPO I",TÉRMICA,Gás,"Jaguatirica II",RRJII,UTE.GN.RR.044619-0.01,6845800000
"2022-09-12 08:00:00",N,NORTE,RR,RORAIMA,"TIPO I",TÉRMICA,Gás,"Jaguatirica II",RRJII,UTE.GN.RR.044619-0.01,6843000000
"2022-09-12 09:00:00",N,NORTE,RR,RORAIMA,"TIPO I",TÉRMICA,Gás,"Jaguatirica II",RRJII,UTE.GN.RR.044619-0.01,6884000000
"2022-09-12 10:00:00",N,NORTE,RR,RORAIMA,"TIPO I",TÉRMICA,Gás,"Jaguatirica II",RRJII,UTE.GN.RR.044619-0.01,6873200000
"2022-09-12 11:00:00",N,NORTE,RR,RORAIMA,"TIPO I",TÉRMICA,Gás,"Jaguatirica II",RRJII,UTE.GN.RR.044619-0.01,6865900000
"2022-09-12 12:00:00",N,NORTE,RR,RORAIMA,"TIPO I",TÉRMICA,Gás,"Jaguatirica II",RRJII,UTE.GN.RR.044619-0.01,6841500000
"2022-09-12 13:00:00",N,NORTE,RR,RORAIMA,"TIPO I",TÉRMICA,Gás,"Jaguatirica II",RRJII,UTE.GN.RR.044619-0.01,6807600000
"2022-09-12 14:00:00",N,NORTE,RR,RORAIMA,"TIPO I",TÉRMICA,Gás,"Jaguatirica II",RRJII,UTE.GN.RR.044619-0.01,6795100000
"2022-09-12 15:00:00",N,NORTE,RR,RORAIMA,"TIPO I",TÉRMICA,Gás,"Jaguatirica II",RRJII,UTE.GN.RR.044619-0.01,6785200000
"2022-09-12 16:00:00",N,NORTE,RR,RORAIMA,"TIPO I",TÉRMICA,Gás,"Jaguatirica II",RRJII,UTE.GN.RR.044619-0.01,6849300000
"2022-09-12 17:00:00",N,NORTE,RR,RORAIMA,"TIPO I",TÉRMICA,Gás,"Jaguatirica II",RRJII,UTE.GN.RR.044619-0.01,6867300000
"2022-09-12 18:00:00",N,NORTE,RR,RORAIMA,"TIPO I",TÉRMICA,Gás,"Jaguatirica II",RRJII,UTE.GN.RR.044619-0.01,6890800000
"2022-09-12 19:00:00",N,NORTE,RR,RORAIMA,"TIPO I",TÉRMICA,Gás,"Jaguatirica II",RRJII,UTE.GN.RR.044619-0.01,7217000000
"2022-09-12 20:00:00",N,NORTE,RR,RORAIMA,"TIPO I",TÉRMICA,Gás,"Jaguatirica II",RRJII,UTE.GN.RR.044619-0.01,5779800000
"2022-09-12 21:00:00",N,NORTE,RR,RORAIMA,"TIPO I",TÉRMICA,Gás,"Jaguatirica II",RRJII,UTE.GN.RR.044619-0.01,5936900000
"2022-09-12 22:00:00",N,NORTE,RR,RORAIMA,"TIPO I",TÉRMICA,Gás,"Jaguatirica II",RRJII,UTE.GN.RR.044619-0.01,7645600000
"2022-09-12 23:00:00",N,NORTE,RR,RORAIMA,"TIPO I",TÉRMICA,Gás,"Jaguatirica II",RRJII,UTE.GN.RR.044619-0.01,9466700000
"2022-09-13 00:00:00",N,NORTE,RR,RORAIMA,"TIPO I",TÉRMICA,Gás,"Jaguatirica II",RRJII,UTE.GN.RR.044619-0.01,10535500000
"2022-09-13 01:00:00",N,NORTE,RR,RORAIMA,"TIPO I",TÉRMICA,Gás,"Jaguatirica II",RRJII,UTE.GN.RR.044619-0.01,10745800000
"2022-09-13 02:00:00",N,NORTE,RR,RORAIMA,"TIPO I",TÉRMICA,Gás,"Jaguatirica II",RRJII,UTE.GN.RR.044619-0.01,10577800000
"2022-09-13 03:00:00",N,NORTE,RR,RORAIMA,"TIPO I",TÉRMICA,Gás,"Jaguatirica II",RRJII,UTE.GN.RR.044619-0.01,10588100000
"2022-09-13 04:00:00",N,NORTE,RR,RORAIMA,"TIPO I",TÉRMICA,Gás,"Jaguatirica II",RRJII,UTE.GN.RR.044619-0.01,10120700000
"2022-09-13 05:00:00",N,NORTE,RR,RORAIMA,"TIPO I",TÉRMICA,Gás,"Jaguatirica II",RRJII,UTE.GN.RR.044619-0.01,9463300000
"2022-09-13 06:00:00",N,NORTE,RR,RORAIMA,"TIPO I",TÉRMICA,Gás,"Jaguatirica II",RRJII,UTE.GN.RR.044619-0.01,8936400000
"2022-09-13 07:00:00",N,NORTE,RR,RORAIMA,"TIPO I",TÉRMICA,Gás,"Jaguatirica II",RRJII,UTE.GN.RR.044619-0.01,8012600000
"2022-09-13 08:00:00",N,NORTE,RR,RORAIMA,"TIPO I",TÉRMICA,Gás,"Jaguatirica II",RRJII,UTE.GN.RR.044619-0.01,7975100000
"2022-09-13 09:00:00",N,NORTE,RR,RORAIMA,"TIPO I",TÉRMICA,Gás,"Jaguatirica II",RRJII,UTE.GN.RR.044619-0.01,9150000000
"2022-09-13 10:00:00",N,NORTE,RR,RORAIMA,"TIPO I",TÉRMICA,Gás,"Jaguatirica II",RRJII,UTE.GN.RR.044619-0.01,9555000000
"2022-09-13 11:00:00",N,NORTE,RR,RORAIMA,"TIPO I",TÉRMICA,Gás,"Jaguatirica II",RRJII,UTE.GN.RR.044619-0.01,10305800000
"2022-09-13 12:00:00",N,NORTE,RR,RORAIMA,"TIPO I",TÉRMICA,Gás,"Jaguatirica II",RRJII,UTE.GN.RR.044619-0.01,10987400000
"2022-09-13 13:00:00",N,NORTE,RR,RORAIMA,"TIPO I",TÉRMICA,Gás,"Jaguatirica II",RRJII,UTE.GN.RR.044619-0.01,10550300000
"2022-09-13 14:00:00",N,NORTE,RR,RORAIMA,"TIPO I",TÉRMICA,Gás,"Jaguatirica II",RRJII,UTE.GN.RR.044619-0.01,11546900000
"2022-09-13 15:00:00",N,NORTE,RR,RORAIMA,"TIPO I",TÉRMICA,Gás,"Jaguatirica II",RRJII,UTE.GN.RR.044619-0.01,9142900000
"2022-09-13 16:00:00",N,NORTE,RR,RORAIMA,"TIPO I",TÉRMICA,Gás,"Jaguatirica II",RRJII,UTE.GN.RR.044619-0.01,6837500000
"2022-09-13 17:00:00",N,NORTE,RR,RORAIMA,"TIPO I",TÉRMICA,Gás,"Jaguatirica II",RRJII,UTE.GN.RR.044619-0.01,6824700000
"2022-09-13 18:00:00",N,NORTE,RR,RORAIMA,"TIPO I",TÉRMICA,Gás,"Jaguatirica II",RRJII,UTE.GN.RR.044619-0.01,6855500000
"2022-09-13 19:00:00",N,NORTE,RR,RORAIMA,"TIPO I",TÉRMICA,Gás,"Jaguatirica II",RRJII,UTE.GN.RR.044619-0.01,6885100000
"2022-09-13 20:00:00",N,NORTE,RR,RORAIMA,"TIPO I",TÉRMICA,Gás,"Jaguatirica II",RRJII,UTE.GN.RR.044619-0.01,6881200000
"2022-09-13 21:00:00",N,NORTE,RR,RORAIMA,"TIPO I",TÉRMICA,Gás,"Jaguatirica II",RRJII,UTE.GN.RR.044619-0.01,6886400000
"2022-09-13 22:00:00",N,NORTE,RR,RORAIMA,"TIPO I",TÉRMICA,Gás,"Jaguatirica II",RRJII,UTE.GN.RR.044619-0.01,6879700000
"2022-09-13 23:00:00",N,NORTE,RR,RORAIMA,"TIPO I",TÉRMICA,Gás,"Jaguatirica II",RRJII,UTE.GN.RR.044619-0.01,6888200000
"2022-09-14 00:00:00",N,NORTE,RR,RORAIMA,"TIPO I",TÉRMICA,Gás,"Jaguatirica II",RRJII,UTE.GN.RR.044619-0.01,6890400000
"2022-09-14 01:00:00",N,NORTE,RR,RORAIMA,"TIPO I",TÉRMICA,Gás,"Jaguatirica II",RRJII,UTE.GN.RR.044619-0.01,6879300000
"2022-09-14 02:00:00",N,NORTE,RR,RORAIMA,"TIPO I",TÉRMICA,Gás,"Jaguatirica II",RRJII,UTE.GN.RR.044619-0.01,6886100000
"2022-09-14 03:00:00",N,NORTE,RR,RORAIMA,"TIPO I",TÉRMICA,Gás,"Jaguatirica II",RRJII,UTE.GN.RR.044619-0.01,6892900000
"2022-09-14 04:00:00",N,NORTE,RR,RORAIMA,"TIPO I",TÉRMICA,Gás,"Jaguatirica II",RRJII,UTE.GN.RR.044619-0.01,6896700000
"2022-09-14 05:00:00",N,NORTE,RR,RORAIMA,"TIPO I",TÉRMICA,Gás,"Jaguatirica II",RRJII,UTE.GN.RR.044619-0.01,6890500000
"2022-09-14 06:00:00",N,NORTE,RR,RORAIMA,"TIPO I",TÉRMICA,Gás,"Jaguatirica II",RRJII,UTE.GN.RR.044619-0.01,6879200000
"2022-09-14 07:00:00",N,NORTE,RR,RORAIMA,"TIPO I",TÉRMICA,Gás,"Jaguatirica II",RRJII,UTE.GN.RR.044619-0.01,6862000000
"2022-09-14 08:00:00",N,NORTE,RR,RORAIMA,"TIPO I",TÉRMICA,Gás,"Jaguatirica II",RRJII,UTE.GN.RR.044619-0.01,6887600000
"2022-09-14 09:00:00",N,NORTE,RR,RORAIMA,"TIPO I",TÉRMICA,Gás,"Jaguatirica II",RRJII,UTE.GN.RR.044619-0.01,6861500000
"2022-09-14 10:00:00",N,NORTE,RR,RORAIMA,"TIPO I",TÉRMICA,Gás,"Jaguatirica II",RRJII,UTE.GN.RR.044619-0.01,6866900000
"2022-09-14 11:00:00",N,NORTE,RR,RORAIMA,"TIPO I",TÉRMICA,Gás,"Jaguatirica II",RRJII,UTE.GN.RR.044619-0.01,6871500000
"2022-09-14 12:00:00",N,NORTE,RR,RORAIMA,"TIPO I",TÉRMICA,Gás,"Jaguatirica II",RRJII,UTE.GN.RR.044619-0.01,6836600000
"2022-09-14 13:00:00",N,NORTE,RR,RORAIMA,"TIPO I",TÉRMICA,Gás,"Jaguatirica II",RRJII,UTE.GN.RR.044619-0.01,6788200000
"2022-09-14 14:00:00",N,NORTE,RR,RORAIMA,"TIPO I",TÉRMICA,Gás,"Jaguatirica II",RRJII,UTE.GN.RR.044619-0.01,6756900000
"2022-09-14 15:00:00",N,NORTE,RR,RORAIMA,"TIPO I",TÉRMICA,Gás,"Jaguatirica II",RRJII,UTE.GN.RR.044619-0.01,6722300000
"2022-09-14 16:00:00",N,NORTE,RR,RORAIMA,"TIPO I",TÉRMICA,Gás,"Jaguatirica II",RRJII,UTE.GN.RR.044619-0.01,6699400000
"2022-09-14 17:00:00",N,NORTE,RR,RORAIMA,"TIPO I",TÉRMICA,Gás,"Jaguatirica II",RRJII,UTE.GN.RR.044619-0.01,6756100000
"2022-09-14 18:00:00",N,NORTE,RR,RORAIMA,"TIPO I",TÉRMICA,Gás,"Jaguatirica II",RRJII,UTE.GN.RR.044619-0.01,6882600000
"2022-09-14 19:00:00",N,NORTE,RR,RORAIMA,"TIPO I",TÉRMICA,Gás,"Jaguatirica II",RRJII,UTE.GN.RR.044619-0.01,6888700000
"2022-09-14 20:00:00",N,NORTE,RR,RORAIMA,"TIPO I",TÉRMICA,Gás,"Jaguatirica II",RRJII,UTE.GN.RR.044619-0.01,6901600000
"2022-09-14 21:00:00",N,NORTE,RR,RORAIMA,"TIPO I",TÉRMICA,Gás,"Jaguatirica II",RRJII,UTE.GN.RR.044619-0.01,6902000000
"2022-09-14 22:00:00",N,NORTE,RR,RORAIMA,"TIPO I",TÉRMICA,Gás,"Jaguatirica II",RRJII,UTE.GN.RR.044619-0.01,6893700000
"2022-09-14 23:00:00",N,NORTE,RR,RORAIMA,"TIPO I",TÉRMICA,Gás,"Jaguatirica II",RRJII,UTE.GN.RR.044619-0.01,6890800000
"2022-09-15 00:00:00",N,NORTE,RR,RORAIMA,"TIPO I",TÉRMICA,Gás,"Jaguatirica II",RRJII,UTE.GN.RR.044619-0.01,6901000000
"2022-09-15 01:00:00",N,NORTE,RR,RORAIMA,"TIPO I",TÉRMICA,Gás,"Jaguatirica II",RRJII,UTE.GN.RR.044619-0.01,6891600000
"2022-09-15 02:00:00",N,NORTE,RR,RORAIMA,"TIPO I",TÉRMICA,Gás,"Jaguatirica II",RRJII,UTE.GN.RR.044619-0.01,6895000000
"2022-09-15 03:00:00",N,NORTE,RR,RORAIMA,"TIPO I",TÉRMICA,Gás,"Jaguatirica II",RRJII,UTE.GN.RR.044619-0.01,6903100000
"2022-09-15 04:00:00",N,NORTE,RR,RORAIMA,"TIPO I",TÉRMICA,Gás,"Jaguatirica II",RRJII,UTE.GN.RR.044619-0.01,6884400000
"2022-09-15 05:00:00",N,NORTE,RR,RORAIMA,"TIPO I",TÉRMICA,Gás,"Jaguatirica II",RRJII,UTE.GN.RR.044619-0.01,6888900000
"2022-09-15 06:00:00",N,NORTE,RR,RORAIMA,"TIPO I",TÉRMICA,Gás,"Jaguatirica II",RRJII,UTE.GN.RR.044619-0.01,6890600000
"2022-09-15 07:00:00",N,NORTE,RR,RORAIMA,"TIPO I",TÉRMICA,Gás,"Jaguatirica II",RRJII,UTE.GN.RR.044619-0.01,6888500000
"2022-09-15 08:00:00",N,NORTE,RR,RORAIMA,"TIPO I",TÉRMICA,Gás,"Jaguatirica II",RRJII,UTE.GN.RR.044619-0.01,6873500000
"2022-09-15 09:00:00",N,NORTE,RR,RORAIMA,"TIPO I",TÉRMICA,Gás,"Jaguatirica II",RRJII,UTE.GN.RR.044619-0.01,6879400000
"2022-09-15 10:00:00",N,NORTE,RR,RORAIMA,"TIPO I",TÉRMICA,Gás,"Jaguatirica II",RRJII,UTE.GN.RR.044619-0.01,6878900000
"2022-09-15 11:00:00",N,NORTE,RR,RORAIMA,"TIPO I",TÉRMICA,Gás,"Jaguatirica II",RRJII,UTE.GN.RR.044619-0.01,6850400000
"2022-09-15 12:00:00",N,NORTE,RR,RORAIMA,"TIPO I",TÉRMICA,Gás,"Jaguatirica II",RRJII,UTE.GN.RR.044619-0.01,6762800000
"2022-09-15 13:00:00",N,NORTE,RR,RORAIMA,"TIPO I",TÉRMICA,Gás,"Jaguatirica II",RRJII,UTE.GN.RR.044619-0.01,6760400000
"2022-09-15 14:00:00",N,NORTE,RR,RORAIMA,"TIPO I",TÉRMICA,Gás,"Jaguatirica II",RRJII,UTE.GN.RR.044619-0.01,6744400000
"2022-09-15 15:00:00",N,NORTE,RR,RORAIMA,"TIPO I",TÉRMICA,Gás,"Jaguatirica II",RRJII,UTE.GN.RR.044619-0.01,6698000000
"2022-09-15 16:00:00",N,NORTE,RR,RORAIMA,"TIPO I",TÉRMICA,Gás,"Jaguatirica II",RRJII,UTE.GN.RR.044619-0.01,6850900000
"2022-09-15 17:00:00",N,NORTE,RR,RORAIMA,"TIPO I",TÉRMICA,Gás,"Jaguatirica II",RRJII,UTE.GN.RR.044619-0.01,6876000000
"2022-09-15 18:00:00",N,NORTE,RR,RORAIMA,"TIPO I",TÉRMICA,Gás,"Jaguatirica II",RRJII,UTE.GN.RR.044619-0.01,6889700000
"2022-09-15 19:00:00",N,NORTE,RR,RORAIMA,"TIPO I",TÉRMICA,Gás,"Jaguatirica II",RRJII,UTE.GN.RR.044619-0.01,6857100000
"2022-09-15 20:00:00",N,NORTE,RR,RORAIMA,"TIPO I",TÉRMICA,Gás,"Jaguatirica II",RRJII,UTE.GN.RR.044619-0.01,6900200000
"2022-09-15 21:00:00",N,NORTE,RR,RORAIMA,"TIPO I",TÉRMICA,Gás,"Jaguatirica II",RRJII,UTE.GN.RR.044619-0.01,6899600000
"2022-09-15 22:00:00",N,NORTE,RR,RORAIMA,"TIPO I",TÉRMICA,Gás,"Jaguatirica II",RRJII,UTE.GN.RR.044619-0.01,6894000000
"2022-09-15 23:00:00",N,NORTE,RR,RORAIMA,"TIPO I",TÉRMICA,Gás,"Jaguatirica II",RRJII,UTE.GN.RR.044619-0.01,6903700000
"2022-09-16 00:00:00",N,NORTE,RR,RORAIMA,"TIPO I",TÉRMICA,Gás,"Jaguatirica II",RRJII,UTE.GN.RR.044619-0.01,6899100000
"2022-09-16 01:00:00",N,NORTE,RR,RORAIMA,"TIPO I",TÉRMICA,Gás,"Jaguatirica II",RRJII,UTE.GN.RR.044619-0.01,6889600000
"2022-09-16 02:00:00",N,NORTE,RR,RORAIMA,"TIPO I",TÉRMICA,Gás,"Jaguatirica II",RRJII,UTE.GN.RR.044619-0.01,6888600000
"2022-09-16 03:00:00",N,NORTE,RR,RORAIMA,"TIPO I",TÉRMICA,Gás,"Jaguatirica II",RRJII,UTE.GN.RR.044619-0.01,6889000000
"2022-09-16 04:00:00",N,NORTE,RR,RORAIMA,"TIPO I",TÉRMICA,Gás,"Jaguatirica II",RRJII,UTE.GN.RR.044619-0.01,6885700000
"2022-09-16 05:00:00",N,NORTE,RR,RORAIMA,"TIPO I",TÉRMICA,Gás,"Jaguatirica II",RRJII,UTE.GN.RR.044619-0.01,6887200000
"2022-09-16 06:00:00",N,NORTE,RR,RORAIMA,"TIPO I",TÉRMICA,Gás,"Jaguatirica II",RRJII,UTE.GN.RR.044619-0.01,6885900000
"2022-09-16 07:00:00",N,NORTE,RR,RORAIMA,"TIPO I",TÉRMICA,Gás,"Jaguatirica II",RRJII,UTE.GN.RR.044619-0.01,6880400000
"2022-09-16 08:00:00",N,NORTE,RR,RORAIMA,"TIPO I",TÉRMICA,Gás,"Jaguatirica II",RRJII,UTE.GN.RR.044619-0.01,6880500000
"2022-09-16 09:00:00",N,NORTE,RR,RORAIMA,"TIPO I",TÉRMICA,Gás,"Jaguatirica II",RRJII,UTE.GN.RR.044619-0.01,6874900000
"2022-09-16 10:00:00",N,NORTE,RR,RORAIMA,"TIPO I",TÉRMICA,Gás,"Jaguatirica II",RRJII,UTE.GN.RR.044619-0.01,6885400000
"2022-09-16 11:00:00",N,NORTE,RR,RORAIMA,"TIPO I",TÉRMICA,Gás,"Jaguatirica II",RRJII,UTE.GN.RR.044619-0.01,6859400000
"2022-09-16 12:00:00",N,NORTE,RR,RORAIMA,"TIPO I",TÉRMICA,Gás,"Jaguatirica II",RRJII,UTE.GN.RR.044619-0.01,6814300000
"2022-09-16 13:00:00",N,NORTE,RR,RORAIMA,"TIPO I",TÉRMICA,Gás,"Jaguatirica II",RRJII,UTE.GN.RR.044619-0.01,6730000000
"2022-09-16 14:00:00",N,NORTE,RR,RORAIMA,"TIPO I",TÉRMICA,Gás,"Jaguatirica II",RRJII,UTE.GN.RR.044619-0.01,6730300000
"2022-09-16 15:00:00",N,NORTE,RR,RORAIMA,"TIPO I",TÉRMICA,Gás,"Jaguatirica II",RRJII,UTE.GN.RR.044619-0.01,6701000000
"2022-09-16 16:00:00",N,NORTE,RR,RORAIMA,"TIPO I",TÉRMICA,Gás,"Jaguatirica II",RRJII,UTE.GN.RR.044619-0.01,6670100000
"2022-09-16 17:00:00",N,NORTE,RR,RORAIMA,"TIPO I",TÉRMICA,Gás,"Jaguatirica II",RRJII,UTE.GN.RR.044619-0.01,6669700000
"2022-09-16 18:00:00",N,NORTE,RR,RORAIMA,"TIPO I",TÉRMICA,Gás,"Jaguatirica II",RRJII,UTE.GN.RR.044619-0.01,6750100000
"2022-09-16 19:00:00",N,NORTE,RR,RORAIMA,"TIPO I",TÉRMICA,Gás,"Jaguatirica II",RRJII,UTE.GN.RR.044619-0.01,6691200000
"2022-09-16 20:00:00",N,NORTE,RR,RORAIMA,"TIPO I",TÉRMICA,Gás,"Jaguatirica II",RRJII,UTE.GN.RR.044619-0.01,6837800000
"2022-09-16 21:00:00",N,NORTE,RR,RORAIMA,"TIPO I",TÉRMICA,Gás,"Jaguatirica II",RRJII,UTE.GN.RR.044619-0.01,6893800000
"2022-09-16 22:00:00",N,NORTE,RR,RORAIMA,"TIPO I",TÉRMICA,Gás,"Jaguatirica II",RRJII,UTE.GN.RR.044619-0.01,6900000000
"2022-09-16 23:00:00",N,NORTE,RR,RORAIMA,"TIPO I",TÉRMICA,Gás,"Jaguatirica II",RRJII,UTE.GN.RR.044619-0.01,6892300000
"2022-09-17 00:00:00",N,NORTE,RR,RORAIMA,"TIPO I",TÉRMICA,Gás,"Jaguatirica II",RRJII,UTE.GN.RR.044619-0.01,6895300000
"2022-09-17 01:00:00",N,NORTE,RR,RORAIMA,"TIPO I",TÉRMICA,Gás,"Jaguatirica II",RRJII,UTE.GN.RR.044619-0.01,6893800000
"2022-09-17 02:00:00",N,NORTE,RR,RORAIMA,"TIPO I",TÉRMICA,Gás,"Jaguatirica II",RRJII,UTE.GN.RR.044619-0.01,6894000000
"2022-09-17 03:00:00",N,NORTE,RR,RORAIMA,"TIPO I",TÉRMICA,Gás,"Jaguatirica II",RRJII,UTE.GN.RR.044619-0.01,6885500000
"2022-09-17 04:00:00",N,NORTE,RR,RORAIMA,"TIPO I",TÉRMICA,Gás,"Jaguatirica II",RRJII,UTE.GN.RR.044619-0.01,6895100000
"2022-09-17 05:00:00",N,NORTE,RR,RORAIMA,"TIPO I",TÉRMICA,Gás,"Jaguatirica II",RRJII,UTE.GN.RR.044619-0.01,6890400000
"2022-09-17 06:00:00",N,NORTE,RR,RORAIMA,"TIPO I",TÉRMICA,Gás,"Jaguatirica II",RRJII,UTE.GN.RR.044619-0.01,6890500000
"2022-09-17 07:00:00",N,NORTE,RR,RORAIMA,"TIPO I",TÉRMICA,Gás,"Jaguatirica II",RRJII,UTE.GN.RR.044619-0.01,6888000000
"2022-09-17 08:00:00",N,NORTE,RR,RORAIMA,"TIPO I",TÉRMICA,Gás,"Jaguatirica II",RRJII,UTE.GN.RR.044619-0.01,6880100000
"2022-09-17 09:00:00",N,NORTE,RR,RORAIMA,"TIPO I",TÉRMICA,Gás,"Jaguatirica II",RRJII,UTE.GN.RR.044619-0.01,6876000000
"2022-09-17 10:00:00",N,NORTE,RR,RORAIMA,"TIPO I",TÉRMICA,Gás,"Jaguatirica II",RRJII,UTE.GN.RR.044619-0.01,6875500000
"2022-09-17 11:00:00",N,NORTE,RR,RORAIMA,"TIPO I",TÉRMICA,Gás,"Jaguatirica II",RRJII,UTE.GN.RR.044619-0.01,6897600000
"2022-09-17 12:00:00",N,NORTE,RR,RORAIMA,"TIPO I",TÉRMICA,Gás,"Jaguatirica II",RRJII,UTE.GN.RR.044619-0.01,6891100000
"2022-09-17 13:00:00",N,NORTE,RR,RORAIMA,"TIPO I",TÉRMICA,Gás,"Jaguatirica II",RRJII,UTE.GN.RR.044619-0.01,6879400000
"2022-09-17 14:00:00",N,NORTE,RR,RORAIMA,"TIPO I",TÉRMICA,Gás,"Jaguatirica II",RRJII,UTE.GN.RR.044619-0.01,6884400000
"2022-09-17 15:00:00",N,NORTE,RR,RORAIMA,"TIPO I",TÉRMICA,Gás,"Jaguatirica II",RRJII,UTE.GN.RR.044619-0.01,6895200000
"2022-09-17 16:00:00",N,NORTE,RR,RORAIMA,"TIPO I",TÉRMICA,Gás,"Jaguatirica II",RRJII,UTE.GN.RR.044619-0.01,6884900000
"2022-09-17 17:00:00",N,NORTE,RR,RORAIMA,"TIPO I",TÉRMICA,Gás,"Jaguatirica II",RRJII,UTE.GN.RR.044619-0.01,6893100000
"2022-09-17 18:00:00",N,NORTE,RR,RORAIMA,"TIPO I",TÉRMICA,Gás,"Jaguatirica II",RRJII,UTE.GN.RR.044619-0.01,6892600000
"2022-09-17 19:00:00",N,NORTE,RR,RORAIMA,"TIPO I",TÉRMICA,Gás,"Jaguatirica II",RRJII,UTE.GN.RR.044619-0.01,6883000000
"2022-09-17 20:00:00",N,NORTE,RR,RORAIMA,"TIPO I",TÉRMICA,Gás,"Jaguatirica II",RRJII,UTE.GN.RR.044619-0.01,6825000000
"2022-09-17 21:00:00",N,NORTE,RR,RORAIMA,"TIPO I",TÉRMICA,Gás,"Jaguatirica II",RRJII,UTE.GN.RR.044619-0.01,5847100000
"2022-09-17 22:00:00",N,NORTE,RR,RORAIMA,"TIPO I",TÉRMICA,Gás,"Jaguatirica II",RRJII,UTE.GN.RR.044619-0.01,6138200000
"2022-09-17 23:00:00",N,NORTE,RR,RORAIMA,"TIPO I",TÉRMICA,Gás,"Jaguatirica II",RRJII,UTE.GN.RR.044619-0.01,6388200000
"2022-09-18 00:00:00",N,NORTE,RR,RORAIMA,"TIPO I",TÉRMICA,Gás,"Jaguatirica II",RRJII,UTE.GN.RR.044619-0.01,6388400000
"2022-09-18 01:00:00",N,NORTE,RR,RORAIMA,"TIPO I",TÉRMICA,Gás,"Jaguatirica II",RRJII,UTE.GN.RR.044619-0.01,6383300000
"2022-09-18 02:00:00",N,NORTE,RR,RORAIMA,"TIPO I",TÉRMICA,Gás,"Jaguatirica II",RRJII,UTE.GN.RR.044619-0.01,6803500000
"2022-09-18 03:00:00",N,NORTE,RR,RORAIMA,"TIPO I",TÉRMICA,Gás,"Jaguatirica II",RRJII,UTE.GN.RR.044619-0.01,6879500000
"2022-09-18 04:00:00",N,NORTE,RR,RORAIMA,"TIPO I",TÉRMICA,Gás,"Jaguatirica II",RRJII,UTE.GN.RR.044619-0.01,6871100000
"2022-09-18 05:00:00",N,NORTE,RR,RORAIMA,"TIPO I",TÉRMICA,Gás,"Jaguatirica II",RRJII,UTE.GN.RR.044619-0.01,6869500000
"2022-09-18 06:00:00",N,NORTE,RR,RORAIMA,"TIPO I",TÉRMICA,Gás,"Jaguatirica II",RRJII,UTE.GN.RR.044619-0.01,6828200000
"2022-09-18 07:00:00",N,NORTE,RR,RORAIMA,"TIPO I",TÉRMICA,Gás,"Jaguatirica II",RRJII,UTE.GN.RR.044619-0.01,5727400000
"2022-09-18 08:00:00",N,NORTE,RR,RORAIMA,"TIPO I",TÉRMICA,Gás,"Jaguatirica II",RRJII,UTE.GN.RR.044619-0.01,5300900000
"2022-09-18 09:00:00",N,NORTE,RR,RORAIMA,"TIPO I",TÉRMICA,Gás,"Jaguatirica II",RRJII,UTE.GN.RR.044619-0.01,4803100000
"2022-09-18 10:00:00",N,NORTE,RR,RORAIMA,"TIPO I",TÉRMICA,Gás,"Jaguatirica II",RRJII,UTE.GN.RR.044619-0.01,4803800000
"2022-09-18 11:00:00",N,NORTE,RR,RORAIMA,"TIPO I",TÉRMICA,Gás,"Jaguatirica II",RRJII,UTE.GN.RR.044619-0.01,4796600000
"2022-09-18 12:00:00",N,NORTE,RR,RORAIMA,"TIPO I",TÉRMICA,Gás,"Jaguatirica II",RRJII,UTE.GN.RR.044619-0.01,5204900000
"2022-09-18 13:00:00",N,NORTE,RR,RORAIMA,"TIPO I",TÉRMICA,Gás,"Jaguatirica II",RRJII,UTE.GN.RR.044619-0.01,5955200000
"2022-09-18 14:00:00",N,NORTE,RR,RORAIMA,"TIPO I",TÉRMICA,Gás,"Jaguatirica II",RRJII,UTE.GN.RR.044619-0.01,6792400000
"2022-09-18 15:00:00",N,NORTE,RR,RORAIMA,"TIPO I",TÉRMICA,Gás,"Jaguatirica II",RRJII,UTE.GN.RR.044619-0.01,6827500000
"2022-09-18 16:00:00",N,NORTE,RR,RORAIMA,"TIPO I",TÉRMICA,Gás,"Jaguatirica II",RRJII,UTE.GN.RR.044619-0.01,6818800000
"2022-09-18 17:00:00",N,NORTE,RR,RORAIMA,"TIPO I",TÉRMICA,Gás,"Jaguatirica II",RRJII,UTE.GN.RR.044619-0.01,6822400000
"2022-09-18 18:00:00",N,NORTE,RR,RORAIMA,"TIPO I",TÉRMICA,Gás,"Jaguatirica II",RRJII,UTE.GN.RR.044619-0.01,6857100000
"2022-09-18 19:00:00",N,NORTE,RR,RORAIMA,"TIPO I",TÉRMICA,Gás,"Jaguatirica II",RRJII,UTE.GN.RR.044619-0.01,6875600000
"2022-09-18 20:00:00",N,NORTE,RR,RORAIMA,"TIPO I",TÉRMICA,Gás,"Jaguatirica II",RRJII,UTE.GN.RR.044619-0.01,6906000000
"2022-09-18 21:00:00",N,NORTE,RR,RORAIMA,"TIPO I",TÉRMICA,Gás,"Jaguatirica II",RRJII,UTE.GN.RR.044619-0.01,6915200000
"2022-09-18 22:00:00",N,NORTE,RR,RORAIMA,"TIPO I",TÉRMICA,Gás,"Jaguatirica II",RRJII,UTE.GN.RR.044619-0.01,6910200000
"2022-09-18 23:00:00",N,NORTE,RR,RORAIMA,"TIPO I",TÉRMICA,Gás,"Jaguatirica II",RRJII,UTE.GN.RR.044619-0.01,6912200000
"2022-09-19 00:00:00",N,NORTE,RR,RORAIMA,"TIPO I",TÉRMICA,Gás,"Jaguatirica II",RRJII,UTE.GN.RR.044619-0.01,6910300000
"2022-09-19 01:00:00",N,NORTE,RR,RORAIMA,"TIPO I",TÉRMICA,Gás,"Jaguatirica II",RRJII,UTE.GN.RR.044619-0.01,6912900000
"2022-09-19 02:00:00",N,NORTE,RR,RORAIMA,"TIPO I",TÉRMICA,Gás,"Jaguatirica II",RRJII,UTE.GN.RR.044619-0.01,6910700000
"2022-09-19 03:00:00",N,NORTE,RR,RORAIMA,"TIPO I",TÉRMICA,Gás,"Jaguatirica II",RRJII,UTE.GN.RR.044619-0.01,6908000000
"2022-09-19 04:00:00",N,NORTE,RR,RORAIMA,"TIPO I",TÉRMICA,Gás,"Jaguatirica II",RRJII,UTE.GN.RR.044619-0.01,6905800000
"2022-09-19 05:00:00",N,NORTE,RR,RORAIMA,"TIPO I",TÉRMICA,Gás,"Jaguatirica II",RRJII,UTE.GN.RR.044619-0.01,6920600000
"2022-09-19 06:00:00",N,NORTE,RR,RORAIMA,"TIPO I",TÉRMICA,Gás,"Jaguatirica II",RRJII,UTE.GN.RR.044619-0.01,6909400000
"2022-09-19 07:00:00",N,NORTE,RR,RORAIMA,"TIPO I",TÉRMICA,Gás,"Jaguatirica II",RRJII,UTE.GN.RR.044619-0.01,5993600000
"2022-09-19 08:00:00",N,NORTE,RR,RORAIMA,"TIPO I",TÉRMICA,Gás,"Jaguatirica II",RRJII,UTE.GN.RR.044619-0.01,4938200000
"2022-09-19 09:00:00",N,NORTE,RR,RORAIMA,"TIPO I",TÉRMICA,Gás,"Jaguatirica II",RRJII,UTE.GN.RR.044619-0.01,6577700000
"2022-09-19 10:00:00",N,NORTE,RR,RORAIMA,"TIPO I",TÉRMICA,Gás,"Jaguatirica II",RRJII,UTE.GN.RR.044619-0.01,6910600000
"2022-09-19 11:00:00",N,NORTE,RR,RORAIMA,"TIPO I",TÉRMICA,Gás,"Jaguatirica II",RRJII,UTE.GN.RR.044619-0.01,6875700000
"2022-09-19 12:00:00",N,NORTE,RR,RORAIMA,"TIPO I",TÉRMICA,Gás,"Jaguatirica II",RRJII,UTE.GN.RR.044619-0.01,6853100000
"2022-09-19 13:00:00",N,NORTE,RR,RORAIMA,"TIPO I",TÉRMICA,Gás,"Jaguatirica II",RRJII,UTE.GN.RR.044619-0.01,6856300000
"2022-09-19 14:00:00",N,NORTE,RR,RORAIMA,"TIPO I",TÉRMICA,Gás,"Jaguatirica II",RRJII,UTE.GN.RR.044619-0.01,6841000000
"2022-09-19 15:00:00",N,NORTE,RR,RORAIMA,"TIPO I",TÉRMICA,Gás,"Jaguatirica II",RRJII,UTE.GN.RR.044619-0.01,6804300000
"2022-09-19 16:00:00",N,NORTE,RR,RORAIMA,"TIPO I",TÉRMICA,Gás,"Jaguatirica II",RRJII,UTE.GN.RR.044619-0.01,6780700000
"2022-09-19 17:00:00",N,NORTE,RR,RORAIMA,"TIPO I",TÉRMICA,Gás,"Jaguatirica II",RRJII,UTE.GN.RR.044619-0.01,6787100000
"2022-09-19 18:00:00",N,NORTE,RR,RORAIMA,"TIPO I",TÉRMICA,Gás,"Jaguatirica II",RRJII,UTE.GN.RR.044619-0.01,6818100000
"2022-09-19 19:00:00",N,NORTE,RR,RORAIMA,"TIPO I",TÉRMICA,Gás,"Jaguatirica II",RRJII,UTE.GN.RR.044619-0.01,6852800000
"2022-09-19 20:00:00",N,NORTE,RR,RORAIMA,"TIPO I",TÉRMICA,Gás,"Jaguatirica II",RRJII,UTE.GN.RR.044619-0.01,6851400000
"2022-09-19 21:00:00",N,NORTE,RR,RORAIMA,"TIPO I",TÉRMICA,Gás,"Jaguatirica II",RRJII,UTE.GN.RR.044619-0.01,6849000000
"2022-09-19 22:00:00",N,NORTE,RR,RORAIMA,"TIPO I",TÉRMICA,Gás,"Jaguatirica II",RRJII,UTE.GN.RR.044619-0.01,6847300000
"2022-09-19 23:00:00",N,NORTE,RR,RORAIMA,"TIPO I",TÉRMICA,Gás,"Jaguatirica II",RRJII,UTE.GN.RR.044619-0.01,6874200000
"2022-09-20 00:00:00",N,NORTE,RR,RORAIMA,"TIPO I",TÉRMICA,Gás,"Jaguatirica II",RRJII,UTE.GN.RR.044619-0.01,6907500000
"2022-09-20 01:00:00",N,NORTE,RR,RORAIMA,"TIPO I",TÉRMICA,Gás,"Jaguatirica II",RRJII,UTE.GN.RR.044619-0.01,6904800000
"2022-09-20 02:00:00",N,NORTE,RR,RORAIMA,"TIPO I",TÉRMICA,Gás,"Jaguatirica II",RRJII,UTE.GN.RR.044619-0.01,6903200000
"2022-09-20 03:00:00",N,NORTE,RR,RORAIMA,"TIPO I",TÉRMICA,Gás,"Jaguatirica II",RRJII,UTE.GN.RR.044619-0.01,6903600000
"2022-09-20 04:00:00",N,NORTE,RR,RORAIMA,"TIPO I",TÉRMICA,Gás,"Jaguatirica II",RRJII,UTE.GN.RR.044619-0.01,6899900000
"2022-09-20 05:00:00",N,NORTE,RR,RORAIMA,"TIPO I",TÉRMICA,Gás,"Jaguatirica II",RRJII,UTE.GN.RR.044619-0.01,6899900000
"2022-09-20 06:00:00",N,NORTE,RR,RORAIMA,"TIPO I",TÉRMICA,Gás,"Jaguatirica II",RRJII,UTE.GN.RR.044619-0.01,6904500000
"2022-09-20 07:00:00",N,NORTE,RR,RORAIMA,"TIPO I",TÉRMICA,Gás,"Jaguatirica II",RRJII,UTE.GN.RR.044619-0.01,6903700000
"2022-09-20 08:00:00",N,NORTE,RR,RORAIMA,"TIPO I",TÉRMICA,Gás,"Jaguatirica II",RRJII,UTE.GN.RR.044619-0.01,6904600000
"2022-09-20 09:00:00",N,NORTE,RR,RORAIMA,"TIPO I",TÉRMICA,Gás,"Jaguatirica II",RRJII,UTE.GN.RR.044619-0.01,6893300000
"2022-09-20 10:00:00",N,NORTE,RR,RORAIMA,"TIPO I",TÉRMICA,Gás,"Jaguatirica II",RRJII,UTE.GN.RR.044619-0.01,6890400000
"2022-09-20 11:00:00",N,NORTE,RR,RORAIMA,"TIPO I",TÉRMICA,Gás,"Jaguatirica II",RRJII,UTE.GN.RR.044619-0.01,6895500000
"2022-09-20 12:00:00",N,NORTE,RR,RORAIMA,"TIPO I",TÉRMICA,Gás,"Jaguatirica II",RRJII,UTE.GN.RR.044619-0.01,6876200000
"2022-09-20 13:00:00",N,NORTE,RR,RORAIMA,"TIPO I",TÉRMICA,Gás,"Jaguatirica II",RRJII,UTE.GN.RR.044619-0.01,6853600000
"2022-09-20 14:00:00",N,NORTE,RR,RORAIMA,"TIPO I",TÉRMICA,Gás,"Jaguatirica II",RRJII,UTE.GN.RR.044619-0.01,6876900000
"2022-09-20 15:00:00",N,NORTE,RR,RORAIMA,"TIPO I",TÉRMICA,Gás,"Jaguatirica II",RRJII,UTE.GN.RR.044619-0.01,6888500000
"2022-09-20 16:00:00",N,NORTE,RR,RORAIMA,"TIPO I",TÉRMICA,Gás,"Jaguatirica II",RRJII,UTE.GN.RR.044619-0.01,6903000000
"2022-09-20 17:00:00",N,NORTE,RR,RORAIMA,"TIPO I",TÉRMICA,Gás,"Jaguatirica II",RRJII,UTE.GN.RR.044619-0.01,6885400000
"2022-09-20 18:00:00",N,NORTE,RR,RORAIMA,"TIPO I",TÉRMICA,Gás,"Jaguatirica II",RRJII,UTE.GN.RR.044619-0.01,6893200000
"2022-09-20 19:00:00",N,NORTE,RR,RORAIMA,"TIPO I",TÉRMICA,Gás,"Jaguatirica II",RRJII,UTE.GN.RR.044619-0.01,6874700000
"2022-09-20 20:00:00",N,NORTE,RR,RORAIMA,"TIPO I",TÉRMICA,Gás,"Jaguatirica II",RRJII,UTE.GN.RR.044619-0.01,6857500000
"2022-09-20 21:00:00",N,NORTE,RR,RORAIMA,"TIPO I",TÉRMICA,Gás,"Jaguatirica II",RRJII,UTE.GN.RR.044619-0.01,6882400000
"2022-09-20 22:00:00",N,NORTE,RR,RORAIMA,"TIPO I",TÉRMICA,Gás,"Jaguatirica II",RRJII,UTE.GN.RR.044619-0.01,6877600000
"2022-09-20 23:00:00",N,NORTE,RR,RORAIMA,"TIPO I",TÉRMICA,Gás,"Jaguatirica II",RRJII,UTE.GN.RR.044619-0.01,6885700000
"2022-09-21 00:00:00",N,NORTE,RR,RORAIMA,"TIPO I",TÉRMICA,Gás,"Jaguatirica II",RRJII,UTE.GN.RR.044619-0.01,6876100000
"2022-09-21 01:00:00",N,NORTE,RR,RORAIMA,"TIPO I",TÉRMICA,Gás,"Jaguatirica II",RRJII,UTE.GN.RR.044619-0.01,6880500000
"2022-09-21 02:00:00",N,NORTE,RR,RORAIMA,"TIPO I",TÉRMICA,Gás,"Jaguatirica II",RRJII,UTE.GN.RR.044619-0.01,6882100000
"2022-09-21 03:00:00",N,NORTE,RR,RORAIMA,"TIPO I",TÉRMICA,Gás,"Jaguatirica II",RRJII,UTE.GN.RR.044619-0.01,6883100000
"2022-09-21 04:00:00",N,NORTE,RR,RORAIMA,"TIPO I",TÉRMICA,Gás,"Jaguatirica II",RRJII,UTE.GN.RR.044619-0.01,6883300000
"2022-09-21 05:00:00",N,NORTE,RR,RORAIMA,"TIPO I",TÉRMICA,Gás,"Jaguatirica II",RRJII,UTE.GN.RR.044619-0.01,6887100000
"2022-09-21 06:00:00",N,NORTE,RR,RORAIMA,"TIPO I",TÉRMICA,Gás,"Jaguatirica II",RRJII,UTE.GN.RR.044619-0.01,6877000000
"2022-09-21 07:00:00",N,NORTE,RR,RORAIMA,"TIPO I",TÉRMICA,Gás,"Jaguatirica II",RRJII,UTE.GN.RR.044619-0.01,6348800000
"2022-09-21 08:00:00",N,NORTE,RR,RORAIMA,"TIPO I",TÉRMICA,Gás,"Jaguatirica II",RRJII,UTE.GN.RR.044619-0.01,6447700000
"2022-09-21 09:00:00",N,NORTE,RR,RORAIMA,"TIPO I",TÉRMICA,Gás,"Jaguatirica II",RRJII,UTE.GN.RR.044619-0.01,6904800000
"2022-09-21 10:00:00",N,NORTE,RR,RORAIMA,"TIPO I",TÉRMICA,Gás,"Jaguatirica II",RRJII,UTE.GN.RR.044619-0.01,6896400000
"2022-09-21 11:00:00",N,NORTE,RR,RORAIMA,"TIPO I",TÉRMICA,Gás,"Jaguatirica II",RRJII,UTE.GN.RR.044619-0.01,6903100000
"2022-09-21 12:00:00",N,NORTE,RR,RORAIMA,"TIPO I",TÉRMICA,Gás,"Jaguatirica II",RRJII,UTE.GN.RR.044619-0.01,6904400000
"2022-09-21 13:00:00",N,NORTE,RR,RORAIMA,"TIPO I",TÉRMICA,Gás,"Jaguatirica II",RRJII,UTE.GN.RR.044619-0.01,6910100000
"2022-09-21 14:00:00",N,NORTE,RR,RORAIMA,"TIPO I",TÉRMICA,Gás,"Jaguatirica II",RRJII,UTE.GN.RR.044619-0.01,6908300000
"2022-09-21 15:00:00",N,NORTE,RR,RORAIMA,"TIPO I",TÉRMICA,Gás,"Jaguatirica II",RRJII,UTE.GN.RR.044619-0.01,6880500000
"2022-09-21 16:00:00",N,NORTE,RR,RORAIMA,"TIPO I",TÉRMICA,Gás,"Jaguatirica II",RRJII,UTE.GN.RR.044619-0.01,6869100000
"2022-09-21 17:00:00",N,NORTE,RR,RORAIMA,"TIPO I",TÉRMICA,Gás,"Jaguatirica II",RRJII,UTE.GN.RR.044619-0.01,6900900000
"2022-09-21 18:00:00",N,NORTE,RR,RORAIMA,"TIPO I",TÉRMICA,Gás,"Jaguatirica II",RRJII,UTE.GN.RR.044619-0.01,6913300000
"2022-09-21 19:00:00",N,NORTE,RR,RORAIMA,"TIPO I",TÉRMICA,Gás,"Jaguatirica II",RRJII,UTE.GN.RR.044619-0.01,6912300000
"2022-09-21 20:00:00",N,NORTE,RR,RORAIMA,"TIPO I",TÉRMICA,Gás,"Jaguatirica II",RRJII,UTE.GN.RR.044619-0.01,6910900000
"2022-09-21 21:00:00",N,NORTE,RR,RORAIMA,"TIPO I",TÉRMICA,Gás,"Jaguatirica II",RRJII,UTE.GN.RR.044619-0.01,6911900000
"2022-09-21 22:00:00",N,NORTE,RR,RORAIMA,"TIPO I",TÉRMICA,Gás,"Jaguatirica II",RRJII,UTE.GN.RR.044619-0.01,6914500000
"2022-09-21 23:00:00",N,NORTE,RR,RORAIMA,"TIPO I",TÉRMICA,Gás,"Jaguatirica II",RRJII,UTE.GN.RR.044619-0.01,6907100000
"2022-09-22 00:00:00",N,NORTE,RR,RORAIMA,"TIPO I",TÉRMICA,Gás,"Jaguatirica II",RRJII,UTE.GN.RR.044619-0.01,6911300000
"2022-09-22 01:00:00",N,NORTE,RR,RORAIMA,"TIPO I",TÉRMICA,Gás,"Jaguatirica II",RRJII,UTE.GN.RR.044619-0.01,6910800000
"2022-09-22 02:00:00",N,NORTE,RR,RORAIMA,"TIPO I",TÉRMICA,Gás,"Jaguatirica II",RRJII,UTE.GN.RR.044619-0.01,6913600000
"2022-09-22 03:00:00",N,NORTE,RR,RORAIMA,"TIPO I",TÉRMICA,Gás,"Jaguatirica II",RRJII,UTE.GN.RR.044619-0.01,6912100000
"2022-09-22 04:00:00",N,NORTE,RR,RORAIMA,"TIPO I",TÉRMICA,Gás,"Jaguatirica II",RRJII,UTE.GN.RR.044619-0.01,6913900000
"2022-09-22 05:00:00",N,NORTE,RR,RORAIMA,"TIPO I",TÉRMICA,Gás,"Jaguatirica II",RRJII,UTE.GN.RR.044619-0.01,6912300000
"2022-09-22 06:00:00",N,NORTE,RR,RORAIMA,"TIPO I",TÉRMICA,Gás,"Jaguatirica II",RRJII,UTE.GN.RR.044619-0.01,6889000000
"2022-09-22 07:00:00",N,NORTE,RR,RORAIMA,"TIPO I",TÉRMICA,Gás,"Jaguatirica II",RRJII,UTE.GN.RR.044619-0.01,6890200000
"2022-09-22 08:00:00",N,NORTE,RR,RORAIMA,"TIPO I",TÉRMICA,Gás,"Jaguatirica II",RRJII,UTE.GN.RR.044619-0.01,6903200000
"2022-09-22 09:00:00",N,NORTE,RR,RORAIMA,"TIPO I",TÉRMICA,Gás,"Jaguatirica II",RRJII,UTE.GN.RR.044619-0.01,6897100000
"2022-09-22 10:00:00",N,NORTE,RR,RORAIMA,"TIPO I",TÉRMICA,Gás,"Jaguatirica II",RRJII,UTE.GN.RR.044619-0.01,6900300000
"2022-09-22 11:00:00",N,NORTE,RR,RORAIMA,"TIPO I",TÉRMICA,Gás,"Jaguatirica II",RRJII,UTE.GN.RR.044619-0.01,6910900000
"2022-09-22 12:00:00",N,NORTE,RR,RORAIMA,"TIPO I",TÉRMICA,Gás,"Jaguatirica II",RRJII,UTE.GN.RR.044619-0.01,6859500000
"2022-09-22 13:00:00",N,NORTE,RR,RORAIMA,"TIPO I",TÉRMICA,Gás,"Jaguatirica II",RRJII,UTE.GN.RR.044619-0.01,6888300000
"2022-09-22 14:00:00",N,NORTE,RR,RORAIMA,"TIPO I",TÉRMICA,Gás,"Jaguatirica II",RRJII,UTE.GN.RR.044619-0.01,6868400000
"2022-09-22 15:00:00",N,NORTE,RR,RORAIMA,"TIPO I",TÉRMICA,Gás,"Jaguatirica II",RRJII,UTE.GN.RR.044619-0.01,6861200000
"2022-09-22 16:00:00",N,NORTE,RR,RORAIMA,"TIPO I",TÉRMICA,Gás,"Jaguatirica II",RRJII,UTE.GN.RR.044619-0.01,6844800000
"2022-09-22 17:00:00",N,NORTE,RR,RORAIMA,"TIPO I",TÉRMICA,Gás,"Jaguatirica II",RRJII,UTE.GN.RR.044619-0.01,6827800000
"2022-09-22 18:00:00",N,NORTE,RR,RORAIMA,"TIPO I",TÉRMICA,Gás,"Jaguatirica II",RRJII,UTE.GN.RR.044619-0.01,6910800000
"2022-09-22 19:00:00",N,NORTE,RR,RORAIMA,"TIPO I",TÉRMICA,Gás,"Jaguatirica II",RRJII,UTE.GN.RR.044619-0.01,6913100000
"2022-09-22 20:00:00",N,NORTE,RR,RORAIMA,"TIPO I",TÉRMICA,Gás,"Jaguatirica II",RRJII,UTE.GN.RR.044619-0.01,6915300000
"2022-09-22 21:00:00",N,NORTE,RR,RORAIMA,"TIPO I",TÉRMICA,Gás,"Jaguatirica II",RRJII,UTE.GN.RR.044619-0.01,6909100000
"2022-09-22 22:00:00",N,NORTE,RR,RORAIMA,"TIPO I",TÉRMICA,Gás,"Jaguatirica II",RRJII,UTE.GN.RR.044619-0.01,6901600000
"2022-09-22 23:00:00",N,NORTE,RR,RORAIMA,"TIPO I",TÉRMICA,Gás,"Jaguatirica II",RRJII,UTE.GN.RR.044619-0.01,6905800000
"2022-09-23 00:00:00",N,NORTE,RR,RORAIMA,"TIPO I",TÉRMICA,Gás,"Jaguatirica II",RRJII,UTE.GN.RR.044619-0.01,6914200000
"2022-09-23 01:00:00",N,NORTE,RR,RORAIMA,"TIPO I",TÉRMICA,Gás,"Jaguatirica II",RRJII,UTE.GN.RR.044619-0.01,6915700000
"2022-09-23 02:00:00",N,NORTE,RR,RORAIMA,"TIPO I",TÉRMICA,Gás,"Jaguatirica II",RRJII,UTE.GN.RR.044619-0.01,6903600000
"2022-09-23 03:00:00",N,NORTE,RR,RORAIMA,"TIPO I",TÉRMICA,Gás,"Jaguatirica II",RRJII,UTE.GN.RR.044619-0.01,6903800000
"2022-09-23 04:00:00",N,NORTE,RR,RORAIMA,"TIPO I",TÉRMICA,Gás,"Jaguatirica II",RRJII,UTE.GN.RR.044619-0.01,6907300000
"2022-09-23 05:00:00",N,NORTE,RR,RORAIMA,"TIPO I",TÉRMICA,Gás,"Jaguatirica II",RRJII,UTE.GN.RR.044619-0.01,6912700000
"2022-09-23 06:00:00",N,NORTE,RR,RORAIMA,"TIPO I",TÉRMICA,Gás,"Jaguatirica II",RRJII,UTE.GN.RR.044619-0.01,6913200000
"2022-09-23 07:00:00",N,NORTE,RR,RORAIMA,"TIPO I",TÉRMICA,Gás,"Jaguatirica II",RRJII,UTE.GN.RR.044619-0.01,6888700000
"2022-09-23 08:00:00",N,NORTE,RR,RORAIMA,"TIPO I",TÉRMICA,Gás,"Jaguatirica II",RRJII,UTE.GN.RR.044619-0.01,6893500000
"2022-09-23 09:00:00",N,NORTE,RR,RORAIMA,"TIPO I",TÉRMICA,Gás,"Jaguatirica II",RRJII,UTE.GN.RR.044619-0.01,6898700000
"2022-09-23 10:00:00",N,NORTE,RR,RORAIMA,"TIPO I",TÉRMICA,Gás,"Jaguatirica II",RRJII,UTE.GN.RR.044619-0.01,6902500000
"2022-09-23 11:00:00",N,NORTE,RR,RORAIMA,"TIPO I",TÉRMICA,Gás,"Jaguatirica II",RRJII,UTE.GN.RR.044619-0.01,6902200000
"2022-09-23 12:00:00",N,NORTE,RR,RORAIMA,"TIPO I",TÉRMICA,Gás,"Jaguatirica II",RRJII,UTE.GN.RR.044619-0.01,6869900000
"2022-09-23 13:00:00",N,NORTE,RR,RORAIMA,"TIPO I",TÉRMICA,Gás,"Jaguatirica II",RRJII,UTE.GN.RR.044619-0.01,6877600000
"2022-09-23 14:00:00",N,NORTE,RR,RORAIMA,"TIPO I",TÉRMICA,Gás,"Jaguatirica II",RRJII,UTE.GN.RR.044619-0.01,6826700000
"2022-09-23 15:00:00",N,NORTE,RR,RORAIMA,"TIPO I",TÉRMICA,Gás,"Jaguatirica II",RRJII,UTE.GN.RR.044619-0.01,6793600000
"2022-09-23 16:00:00",N,NORTE,RR,RORAIMA,"TIPO I",TÉRMICA,Gás,"Jaguatirica II",RRJII,UTE.GN.RR.044619-0.01,6773900000
"2022-09-23 17:00:00",N,NORTE,RR,RORAIMA,"TIPO I",TÉRMICA,Gás,"Jaguatirica II",RRJII,UTE.GN.RR.044619-0.01,6829000000
"2022-09-23 18:00:00",N,NORTE,RR,RORAIMA,"TIPO I",TÉRMICA,Gás,"Jaguatirica II",RRJII,UTE.GN.RR.044619-0.01,6881300000
"2022-09-23 19:00:00",N,NORTE,RR,RORAIMA,"TIPO I",TÉRMICA,Gás,"Jaguatirica II",RRJII,UTE.GN.RR.044619-0.01,6901200000
"2022-09-23 20:00:00",N,NORTE,RR,RORAIMA,"TIPO I",TÉRMICA,Gás,"Jaguatirica II",RRJII,UTE.GN.RR.044619-0.01,6902200000
"2022-09-23 21:00:00",N,NORTE,RR,RORAIMA,"TIPO I",TÉRMICA,Gás,"Jaguatirica II",RRJII,UTE.GN.RR.044619-0.01,6909300000
"2022-09-23 22:00:00",N,NORTE,RR,RORAIMA,"TIPO I",TÉRMICA,Gás,"Jaguatirica II",RRJII,UTE.GN.RR.044619-0.01,6913300000
"2022-09-23 23:00:00",N,NORTE,RR,RORAIMA,"TIPO I",TÉRMICA,Gás,"Jaguatirica II",RRJII,UTE.GN.RR.044619-0.01,6913800000
"2022-09-24 00:00:00",N,NORTE,RR,RORAIMA,"TIPO I",TÉRMICA,Gás,"Jaguatirica II",RRJII,UTE.GN.RR.044619-0.01,6909500000
"2022-09-24 01:00:00",N,NORTE,RR,RORAIMA,"TIPO I",TÉRMICA,Gás,"Jaguatirica II",RRJII,UTE.GN.RR.044619-0.01,6911400000
"2022-09-24 02:00:00",N,NORTE,RR,RORAIMA,"TIPO I",TÉRMICA,Gás,"Jaguatirica II",RRJII,UTE.GN.RR.044619-0.01,6898500000
"2022-09-24 03:00:00",N,NORTE,RR,RORAIMA,"TIPO I",TÉRMICA,Gás,"Jaguatirica II",RRJII,UTE.GN.RR.044619-0.01,5758800000
"2022-09-24 04:00:00",N,NORTE,RR,RORAIMA,"TIPO I",TÉRMICA,Gás,"Jaguatirica II",RRJII,UTE.GN.RR.044619-0.01,313000000
"2022-09-24 05:00:00",N,NORTE,RR,RORAIMA,"TIPO I",TÉRMICA,Gás,"Jaguatirica II",RRJII,UTE.GN.RR.044619-0.01,948200000
"2022-09-24 06:00:00",N,NORTE,RR,RORAIMA,"TIPO I",TÉRMICA,Gás,"Jaguatirica II",RRJII,UTE.GN.RR.044619-0.01,1847500000
"2022-09-24 07:00:00",N,NORTE,RR,RORAIMA,"TIPO I",TÉRMICA,Gás,"Jaguatirica II",RRJII,UTE.GN.RR.044619-0.01,5783600000
"2022-09-24 08:00:00",N,NORTE,RR,RORAIMA,"TIPO I",TÉRMICA,Gás,"Jaguatirica II",RRJII,UTE.GN.RR.044619-0.01,6815200000
"2022-09-24 09:00:00",N,NORTE,RR,RORAIMA,"TIPO I",TÉRMICA,Gás,"Jaguatirica II",RRJII,UTE.GN.RR.044619-0.01,6899400000
"2022-09-24 10:00:00",N,NORTE,RR,RORAIMA,"TIPO I",TÉRMICA,Gás,"Jaguatirica II",RRJII,UTE.GN.RR.044619-0.01,6905700000
"2022-09-24 11:00:00",N,NORTE,RR,RORAIMA,"TIPO I",TÉRMICA,Gás,"Jaguatirica II",RRJII,UTE.GN.RR.044619-0.01,6897000000
"2022-09-24 12:00:00",N,NORTE,RR,RORAIMA,"TIPO I",TÉRMICA,Gás,"Jaguatirica II",RRJII,UTE.GN.RR.044619-0.01,6858900000
"2022-09-24 13:00:00",N,NORTE,RR,RORAIMA,"TIPO I",TÉRMICA,Gás,"Jaguatirica II",RRJII,UTE.GN.RR.044619-0.01,6804000000
"2022-09-24 14:00:00",N,NORTE,RR,RORAIMA,"TIPO I",TÉRMICA,Gás,"Jaguatirica II",RRJII,UTE.GN.RR.044619-0.01,6767600000
"2022-09-24 15:00:00",N,NORTE,RR,RORAIMA,"TIPO I",TÉRMICA,Gás,"Jaguatirica II",RRJII,UTE.GN.RR.044619-0.01,6806300000
"2022-09-24 16:00:00",N,NORTE,RR,RORAIMA,"TIPO I",TÉRMICA,Gás,"Jaguatirica II",RRJII,UTE.GN.RR.044619-0.01,6827400000
"2022-09-24 17:00:00",N,NORTE,RR,RORAIMA,"TIPO I",TÉRMICA,Gás,"Jaguatirica II",RRJII,UTE.GN.RR.044619-0.01,6826700000
"2022-09-24 18:00:00",N,NORTE,RR,RORAIMA,"TIPO I",TÉRMICA,Gás,"Jaguatirica II",RRJII,UTE.GN.RR.044619-0.01,6869900000
"2022-09-24 19:00:00",N,NORTE,RR,RORAIMA,"TIPO I",TÉRMICA,Gás,"Jaguatirica II",RRJII,UTE.GN.RR.044619-0.01,6895000000
"2022-09-24 20:00:00",N,NORTE,RR,RORAIMA,"TIPO I",TÉRMICA,Gás,"Jaguatirica II",RRJII,UTE.GN.RR.044619-0.01,6897200000
"2022-09-24 21:00:00",N,NORTE,RR,RORAIMA,"TIPO I",TÉRMICA,Gás,"Jaguatirica II",RRJII,UTE.GN.RR.044619-0.01,6896700000
"2022-09-24 22:00:00",N,NORTE,RR,RORAIMA,"TIPO I",TÉRMICA,Gás,"Jaguatirica II",RRJII,UTE.GN.RR.044619-0.01,6903400000
"2022-09-24 23:00:00",N,NORTE,RR,RORAIMA,"TIPO I",TÉRMICA,Gás,"Jaguatirica II",RRJII,UTE.GN.RR.044619-0.01,6909100000
"2022-09-25 00:00:00",N,NORTE,RR,RORAIMA,"TIPO I",TÉRMICA,Gás,"Jaguatirica II",RRJII,UTE.GN.RR.044619-0.01,6910900000
"2022-09-25 01:00:00",N,NORTE,RR,RORAIMA,"TIPO I",TÉRMICA,Gás,"Jaguatirica II",RRJII,UTE.GN.RR.044619-0.01,6914600000
"2022-09-25 02:00:00",N,NORTE,RR,RORAIMA,"TIPO I",TÉRMICA,Gás,"Jaguatirica II",RRJII,UTE.GN.RR.044619-0.01,6912900000
"2022-09-25 03:00:00",N,NORTE,RR,RORAIMA,"TIPO I",TÉRMICA,Gás,"Jaguatirica II",RRJII,UTE.GN.RR.044619-0.01,6909200000
"2022-09-25 04:00:00",N,NORTE,RR,RORAIMA,"TIPO I",TÉRMICA,Gás,"Jaguatirica II",RRJII,UTE.GN.RR.044619-0.01,6911000000
"2022-09-25 05:00:00",N,NORTE,RR,RORAIMA,"TIPO I",TÉRMICA,Gás,"Jaguatirica II",RRJII,UTE.GN.RR.044619-0.01,6902900000
"2022-09-25 06:00:00",N,NORTE,RR,RORAIMA,"TIPO I",TÉRMICA,Gás,"Jaguatirica II",RRJII,UTE.GN.RR.044619-0.01,6902300000
"2022-09-25 07:00:00",N,NORTE,RR,RORAIMA,"TIPO I",TÉRMICA,Gás,"Jaguatirica II",RRJII,UTE.GN.RR.044619-0.01,6901800000
"2022-09-25 08:00:00",N,NORTE,RR,RORAIMA,"TIPO I",TÉRMICA,Gás,"Jaguatirica II",RRJII,UTE.GN.RR.044619-0.01,6894000000
"2022-09-25 09:00:00",N,NORTE,RR,RORAIMA,"TIPO I",TÉRMICA,Gás,"Jaguatirica II",RRJII,UTE.GN.RR.044619-0.01,6900100000
"2022-09-25 10:00:00",N,NORTE,RR,RORAIMA,"TIPO I",TÉRMICA,Gás,"Jaguatirica II",RRJII,UTE.GN.RR.044619-0.01,6905700000
"2022-09-25 11:00:00",N,NORTE,RR,RORAIMA,"TIPO I",TÉRMICA,Gás,"Jaguatirica II",RRJII,UTE.GN.RR.044619-0.01,6905900000
"2022-09-25 12:00:00",N,NORTE,RR,RORAIMA,"TIPO I",TÉRMICA,Gás,"Jaguatirica II",RRJII,UTE.GN.RR.044619-0.01,6901500000
"2022-09-25 13:00:00",N,NORTE,RR,RORAIMA,"TIPO I",TÉRMICA,Gás,"Jaguatirica II",RRJII,UTE.GN.RR.044619-0.01,6894400000
"2022-09-25 14:00:00",N,NORTE,RR,RORAIMA,"TIPO I",TÉRMICA,Gás,"Jaguatirica II",RRJII,UTE.GN.RR.044619-0.01,6852300000
"2022-09-25 15:00:00",N,NORTE,RR,RORAIMA,"TIPO I",TÉRMICA,Gás,"Jaguatirica II",RRJII,UTE.GN.RR.044619-0.01,6794400000
"2022-09-25 16:00:00",N,NORTE,RR,RORAIMA,"TIPO I",TÉRMICA,Gás,"Jaguatirica II",RRJII,UTE.GN.RR.044619-0.01,6782700000
"2022-09-25 17:00:00",N,NORTE,RR,RORAIMA,"TIPO I",TÉRMICA,Gás,"Jaguatirica II",RRJII,UTE.GN.RR.044619-0.01,6818400000
"2022-09-25 18:00:00",N,NORTE,RR,RORAIMA,"TIPO I",TÉRMICA,Gás,"Jaguatirica II",RRJII,UTE.GN.RR.044619-0.01,6904300000
"2022-09-25 19:00:00",N,NORTE,RR,RORAIMA,"TIPO I",TÉRMICA,Gás,"Jaguatirica II",RRJII,UTE.GN.RR.044619-0.01,6914600000
"2022-09-25 20:00:00",N,NORTE,RR,RORAIMA,"TIPO I",TÉRMICA,Gás,"Jaguatirica II",RRJII,UTE.GN.RR.044619-0.01,6914100000
"2022-09-25 21:00:00",N,NORTE,RR,RORAIMA,"TIPO I",TÉRMICA,Gás,"Jaguatirica II",RRJII,UTE.GN.RR.044619-0.01,6915800000
"2022-09-25 22:00:00",N,NORTE,RR,RORAIMA,"TIPO I",TÉRMICA,Gás,"Jaguatirica II",RRJII,UTE.GN.RR.044619-0.01,6889700000
"2022-09-25 23:00:00",N,NORTE,RR,RORAIMA,"TIPO I",TÉRMICA,Gás,"Jaguatirica II",RRJII,UTE.GN.RR.044619-0.01,6890200000
"2022-09-26 00:00:00",N,NORTE,RR,RORAIMA,"TIPO I",TÉRMICA,Gás,"Jaguatirica II",RRJII,UTE.GN.RR.044619-0.01,6890400000
"2022-09-26 01:00:00",N,NORTE,RR,RORAIMA,"TIPO I",TÉRMICA,Gás,"Jaguatirica II",RRJII,UTE.GN.RR.044619-0.01,6888900000
"2022-09-26 02:00:00",N,NORTE,RR,RORAIMA,"TIPO I",TÉRMICA,Gás,"Jaguatirica II",RRJII,UTE.GN.RR.044619-0.01,6887200000
"2022-09-26 03:00:00",N,NORTE,RR,RORAIMA,"TIPO I",TÉRMICA,Gás,"Jaguatirica II",RRJII,UTE.GN.RR.044619-0.01,6884900000
"2022-09-26 04:00:00",N,NORTE,RR,RORAIMA,"TIPO I",TÉRMICA,Gás,"Jaguatirica II",RRJII,UTE.GN.RR.044619-0.01,6888800000
"2022-09-26 05:00:00",N,NORTE,RR,RORAIMA,"TIPO I",TÉRMICA,Gás,"Jaguatirica II",RRJII,UTE.GN.RR.044619-0.01,6892700000
"2022-09-26 06:00:00",N,NORTE,RR,RORAIMA,"TIPO I",TÉRMICA,Gás,"Jaguatirica II",RRJII,UTE.GN.RR.044619-0.01,6878700000
"2022-09-26 07:00:00",N,NORTE,RR,RORAIMA,"TIPO I",TÉRMICA,Gás,"Jaguatirica II",RRJII,UTE.GN.RR.044619-0.01,6883300000
"2022-09-26 08:00:00",N,NORTE,RR,RORAIMA,"TIPO I",TÉRMICA,Gás,"Jaguatirica II",RRJII,UTE.GN.RR.044619-0.01,6880800000
"2022-09-26 09:00:00",N,NORTE,RR,RORAIMA,"TIPO I",TÉRMICA,Gás,"Jaguatirica II",RRJII,UTE.GN.RR.044619-0.01,6872200000
"2022-09-26 10:00:00",N,NORTE,RR,RORAIMA,"TIPO I",TÉRMICA,Gás,"Jaguatirica II",RRJII,UTE.GN.RR.044619-0.01,6869800000
"2022-09-26 11:00:00",N,NORTE,RR,RORAIMA,"TIPO I",TÉRMICA,Gás,"Jaguatirica II",RRJII,UTE.GN.RR.044619-0.01,6881400000
"2022-09-26 12:00:00",N,NORTE,RR,RORAIMA,"TIPO I",TÉRMICA,Gás,"Jaguatirica II",RRJII,UTE.GN.RR.044619-0.01,6888000000
"2022-09-26 13:00:00",N,NORTE,RR,RORAIMA,"TIPO I",TÉRMICA,Gás,"Jaguatirica II",RRJII,UTE.GN.RR.044619-0.01,6891900000
"2022-09-26 14:00:00",N,NORTE,RR,RORAIMA,"TIPO I",TÉRMICA,Gás,"Jaguatirica II",RRJII,UTE.GN.RR.044619-0.01,6890600000
"2022-09-26 15:00:00",N,NORTE,RR,RORAIMA,"TIPO I",TÉRMICA,Gás,"Jaguatirica II",RRJII,UTE.GN.RR.044619-0.01,6901100000
"2022-09-26 16:00:00",N,NORTE,RR,RORAIMA,"TIPO I",TÉRMICA,Gás,"Jaguatirica II",RRJII,UTE.GN.RR.044619-0.01,6904500000
"2022-09-26 17:00:00",N,NORTE,RR,RORAIMA,"TIPO I",TÉRMICA,Gás,"Jaguatirica II",RRJII,UTE.GN.RR.044619-0.01,6899200000
"2022-09-26 18:00:00",N,NORTE,RR,RORAIMA,"TIPO I",TÉRMICA,Gás,"Jaguatirica II",RRJII,UTE.GN.RR.044619-0.01,6892500000
"2022-09-26 19:00:00",N,NORTE,RR,RORAIMA,"TIPO I",TÉRMICA,Gás,"Jaguatirica II",RRJII,UTE.GN.RR.044619-0.01,6892200000
"2022-09-26 20:00:00",N,NORTE,RR,RORAIMA,"TIPO I",TÉRMICA,Gás,"Jaguatirica II",RRJII,UTE.GN.RR.044619-0.01,6900700000
"2022-09-26 21:00:00",N,NORTE,RR,RORAIMA,"TIPO I",TÉRMICA,Gás,"Jaguatirica II",RRJII,UTE.GN.RR.044619-0.01,6904200000
"2022-09-26 22:00:00",N,NORTE,RR,RORAIMA,"TIPO I",TÉRMICA,Gás,"Jaguatirica II",RRJII,UTE.GN.RR.044619-0.01,6903400000
"2022-09-26 23:00:00",N,NORTE,RR,RORAIMA,"TIPO I",TÉRMICA,Gás,"Jaguatirica II",RRJII,UTE.GN.RR.044619-0.01,6901600000
"2022-09-27 00:00:00",N,NORTE,RR,RORAIMA,"TIPO I",TÉRMICA,Gás,"Jaguatirica II",RRJII,UTE.GN.RR.044619-0.01,6888900000
"2022-09-27 01:00:00",N,NORTE,RR,RORAIMA,"TIPO I",TÉRMICA,Gás,"Jaguatirica II",RRJII,UTE.GN.RR.044619-0.01,6890700000
"2022-09-27 02:00:00",N,NORTE,RR,RORAIMA,"TIPO I",TÉRMICA,Gás,"Jaguatirica II",RRJII,UTE.GN.RR.044619-0.01,6896200000
"2022-09-27 03:00:00",N,NORTE,RR,RORAIMA,"TIPO I",TÉRMICA,Gás,"Jaguatirica II",RRJII,UTE.GN.RR.044619-0.01,6895500000
"2022-09-27 04:00:00",N,NORTE,RR,RORAIMA,"TIPO I",TÉRMICA,Gás,"Jaguatirica II",RRJII,UTE.GN.RR.044619-0.01,6861600000
"2022-09-27 05:00:00",N,NORTE,RR,RORAIMA,"TIPO I",TÉRMICA,Gás,"Jaguatirica II",RRJII,UTE.GN.RR.044619-0.01,6857800000
"2022-09-27 06:00:00",N,NORTE,RR,RORAIMA,"TIPO I",TÉRMICA,Gás,"Jaguatirica II",RRJII,UTE.GN.RR.044619-0.01,6859500000
"2022-09-27 07:00:00",N,NORTE,RR,RORAIMA,"TIPO I",TÉRMICA,Gás,"Jaguatirica II",RRJII,UTE.GN.RR.044619-0.01,6864300000
"2022-09-27 08:00:00",N,NORTE,RR,RORAIMA,"TIPO I",TÉRMICA,Gás,"Jaguatirica II",RRJII,UTE.GN.RR.044619-0.01,6885100000
"2022-09-27 09:00:00",N,NORTE,RR,RORAIMA,"TIPO I",TÉRMICA,Gás,"Jaguatirica II",RRJII,UTE.GN.RR.044619-0.01,6895100000
"2022-09-27 10:00:00",N,NORTE,RR,RORAIMA,"TIPO I",TÉRMICA,Gás,"Jaguatirica II",RRJII,UTE.GN.RR.044619-0.01,6902900000
"2022-09-27 11:00:00",N,NORTE,RR,RORAIMA,"TIPO I",TÉRMICA,Gás,"Jaguatirica II",RRJII,UTE.GN.RR.044619-0.01,6897000000
"2022-09-27 12:00:00",N,NORTE,RR,RORAIMA,"TIPO I",TÉRMICA,Gás,"Jaguatirica II",RRJII,UTE.GN.RR.044619-0.01,6903800000
"2022-09-27 13:00:00",N,NORTE,RR,RORAIMA,"TIPO I",TÉRMICA,Gás,"Jaguatirica II",RRJII,UTE.GN.RR.044619-0.01,6893100000
"2022-09-27 14:00:00",N,NORTE,RR,RORAIMA,"TIPO I",TÉRMICA,Gás,"Jaguatirica II",RRJII,UTE.GN.RR.044619-0.01,6893300000
"2022-09-27 15:00:00",N,NORTE,RR,RORAIMA,"TIPO I",TÉRMICA,Gás,"Jaguatirica II",RRJII,UTE.GN.RR.044619-0.01,6884000000
"2022-09-27 16:00:00",N,NORTE,RR,RORAIMA,"TIPO I",TÉRMICA,Gás,"Jaguatirica II",RRJII,UTE.GN.RR.044619-0.01,6835900000
"2022-09-27 17:00:00",N,NORTE,RR,RORAIMA,"TIPO I",TÉRMICA,Gás,"Jaguatirica II",RRJII,UTE.GN.RR.044619-0.01,6861800000
"2022-09-27 18:00:00",N,NORTE,RR,RORAIMA,"TIPO I",TÉRMICA,Gás,"Jaguatirica II",RRJII,UTE.GN.RR.044619-0.01,6882500000
"2022-09-27 19:00:00",N,NORTE,RR,RORAIMA,"TIPO I",TÉRMICA,Gás,"Jaguatirica II",RRJII,UTE.GN.RR.044619-0.01,6863800000
"2022-09-27 20:00:00",N,NORTE,RR,RORAIMA,"TIPO I",TÉRMICA,Gás,"Jaguatirica II",RRJII,UTE.GN.RR.044619-0.01,6848300000
"2022-09-27 21:00:00",N,NORTE,RR,RORAIMA,"TIPO I",TÉRMICA,Gás,"Jaguatirica II",RRJII,UTE.GN.RR.044619-0.01,6843300000
"2022-09-27 22:00:00",N,NORTE,RR,RORAIMA,"TIPO I",TÉRMICA,Gás,"Jaguatirica II",RRJII,UTE.GN.RR.044619-0.01,6831200000
"2022-09-27 23:00:00",N,NORTE,RR,RORAIMA,"TIPO I",TÉRMICA,Gás,"Jaguatirica II",RRJII,UTE.GN.RR.044619-0.01,6832800000
"2022-09-28 00:00:00",N,NORTE,RR,RORAIMA,"TIPO I",TÉRMICA,Gás,"Jaguatirica II",RRJII,UTE.GN.RR.044619-0.01,6895500000
"2022-09-28 01:00:00",N,NORTE,RR,RORAIMA,"TIPO I",TÉRMICA,Gás,"Jaguatirica II",RRJII,UTE.GN.RR.044619-0.01,6890500000
"2022-09-28 02:00:00",N,NORTE,RR,RORAIMA,"TIPO I",TÉRMICA,Gás,"Jaguatirica II",RRJII,UTE.GN.RR.044619-0.01,6880400000
"2022-09-28 03:00:00",N,NORTE,RR,RORAIMA,"TIPO I",TÉRMICA,Gás,"Jaguatirica II",RRJII,UTE.GN.RR.044619-0.01,6867500000
"2022-09-28 04:00:00",N,NORTE,RR,RORAIMA,"TIPO I",TÉRMICA,Gás,"Jaguatirica II",RRJII,UTE.GN.RR.044619-0.01,6848700000
"2022-09-28 05:00:00",N,NORTE,RR,RORAIMA,"TIPO I",TÉRMICA,Gás,"Jaguatirica II",RRJII,UTE.GN.RR.044619-0.01,6836200000
"2022-09-28 06:00:00",N,NORTE,RR,RORAIMA,"TIPO I",TÉRMICA,Gás,"Jaguatirica II",RRJII,UTE.GN.RR.044619-0.01,6822500000
"2022-09-28 07:00:00",N,NORTE,RR,RORAIMA,"TIPO I",TÉRMICA,Gás,"Jaguatirica II",RRJII,UTE.GN.RR.044619-0.01,6808400000
"2022-09-28 08:00:00",N,NORTE,RR,RORAIMA,"TIPO I",TÉRMICA,Gás,"Jaguatirica II",RRJII,UTE.GN.RR.044619-0.01,6858400000
"2022-09-28 09:00:00",N,NORTE,RR,RORAIMA,"TIPO I",TÉRMICA,Gás,"Jaguatirica II",RRJII,UTE.GN.RR.044619-0.01,6896300000
"2022-09-28 10:00:00",N,NORTE,RR,RORAIMA,"TIPO I",TÉRMICA,Gás,"Jaguatirica II",RRJII,UTE.GN.RR.044619-0.01,6895800000
"2022-09-28 11:00:00",N,NORTE,RR,RORAIMA,"TIPO I",TÉRMICA,Gás,"Jaguatirica II",RRJII,UTE.GN.RR.044619-0.01,6883600000
"2022-09-28 12:00:00",N,NORTE,RR,RORAIMA,"TIPO I",TÉRMICA,Gás,"Jaguatirica II",RRJII,UTE.GN.RR.044619-0.01,6878600000
"2022-09-28 13:00:00",N,NORTE,RR,RORAIMA,"TIPO I",TÉRMICA,Gás,"Jaguatirica II",RRJII,UTE.GN.RR.044619-0.01,6874900000
"2022-09-28 14:00:00",N,NORTE,RR,RORAIMA,"TIPO I",TÉRMICA,Gás,"Jaguatirica II",RRJII,UTE.GN.RR.044619-0.01,6846600000
"2022-09-28 15:00:00",N,NORTE,RR,RORAIMA,"TIPO I",TÉRMICA,Gás,"Jaguatirica II",RRJII,UTE.GN.RR.044619-0.01,6794800000
"2022-09-28 16:00:00",N,NORTE,RR,RORAIMA,"TIPO I",TÉRMICA,Gás,"Jaguatirica II",RRJII,UTE.GN.RR.044619-0.01,6815000000
"2022-09-28 17:00:00",N,NORTE,RR,RORAIMA,"TIPO I",TÉRMICA,Gás,"Jaguatirica II",RRJII,UTE.GN.RR.044619-0.01,6857600000
"2022-09-28 18:00:00",N,NORTE,RR,RORAIMA,"TIPO I",TÉRMICA,Gás,"Jaguatirica II",RRJII,UTE.GN.RR.044619-0.01,5556100000
"2022-09-28 19:00:00",N,NORTE,RR,RORAIMA,"TIPO I",TÉRMICA,Gás,"Jaguatirica II",RRJII,UTE.GN.RR.044619-0.01,5801700000
"2022-09-28 20:00:00",N,NORTE,RR,RORAIMA,"TIPO I",TÉRMICA,Gás,"Jaguatirica II",RRJII,UTE.GN.RR.044619-0.01,6810500000
"2022-09-28 21:00:00",N,NORTE,RR,RORAIMA,"TIPO I",TÉRMICA,Gás,"Jaguatirica II",RRJII,UTE.GN.RR.044619-0.01,6846100000
"2022-09-28 22:00:00",N,NORTE,RR,RORAIMA,"TIPO I",TÉRMICA,Gás,"Jaguatirica II",RRJII,UTE.GN.RR.044619-0.01,6828300000
"2022-09-28 23:00:00",N,NORTE,RR,RORAIMA,"TIPO I",TÉRMICA,Gás,"Jaguatirica II",RRJII,UTE.GN.RR.044619-0.01,6811800000
"2022-09-29 00:00:00",N,NORTE,RR,RORAIMA,"TIPO I",TÉRMICA,Gás,"Jaguatirica II",RRJII,UTE.GN.RR.044619-0.01,6795500000
"2022-09-29 01:00:00",N,NORTE,RR,RORAIMA,"TIPO I",TÉRMICA,Gás,"Jaguatirica II",RRJII,UTE.GN.RR.044619-0.01,6782600000
"2022-09-29 02:00:00",N,NORTE,RR,RORAIMA,"TIPO I",TÉRMICA,Gás,"Jaguatirica II",RRJII,UTE.GN.RR.044619-0.01,6771400000
"2022-09-29 03:00:00",N,NORTE,RR,RORAIMA,"TIPO I",TÉRMICA,Gás,"Jaguatirica II",RRJII,UTE.GN.RR.044619-0.01,6763000000
"2022-09-29 04:00:00",N,NORTE,RR,RORAIMA,"TIPO I",TÉRMICA,Gás,"Jaguatirica II",RRJII,UTE.GN.RR.044619-0.01,6851700000
"2022-09-29 05:00:00",N,NORTE,RR,RORAIMA,"TIPO I",TÉRMICA,Gás,"Jaguatirica II",RRJII,UTE.GN.RR.044619-0.01,6874900000
"2022-09-29 06:00:00",N,NORTE,RR,RORAIMA,"TIPO I",TÉRMICA,Gás,"Jaguatirica II",RRJII,UTE.GN.RR.044619-0.01,6871100000
"2022-09-29 07:00:00",N,NORTE,RR,RORAIMA,"TIPO I",TÉRMICA,Gás,"Jaguatirica II",RRJII,UTE.GN.RR.044619-0.01,6872000000
"2022-09-29 08:00:00",N,NORTE,RR,RORAIMA,"TIPO I",TÉRMICA,Gás,"Jaguatirica II",RRJII,UTE.GN.RR.044619-0.01,6849000000
"2022-09-29 09:00:00",N,NORTE,RR,RORAIMA,"TIPO I",TÉRMICA,Gás,"Jaguatirica II",RRJII,UTE.GN.RR.044619-0.01,6826000000
"2022-09-29 10:00:00",N,NORTE,RR,RORAIMA,"TIPO I",TÉRMICA,Gás,"Jaguatirica II",RRJII,UTE.GN.RR.044619-0.01,6841900000
"2022-09-29 11:00:00",N,NORTE,RR,RORAIMA,"TIPO I",TÉRMICA,Gás,"Jaguatirica II",RRJII,UTE.GN.RR.044619-0.01,6875100000
"2022-09-29 12:00:00",N,NORTE,RR,RORAIMA,"TIPO I",TÉRMICA,Gás,"Jaguatirica II",RRJII,UTE.GN.RR.044619-0.01,6880900000
"2022-09-29 13:00:00",N,NORTE,RR,RORAIMA,"TIPO I",TÉRMICA,Gás,"Jaguatirica II",RRJII,UTE.GN.RR.044619-0.01,6865100000
"2022-09-29 14:00:00",N,NORTE,RR,RORAIMA,"TIPO I",TÉRMICA,Gás,"Jaguatirica II",RRJII,UTE.GN.RR.044619-0.01,6830900000
"2022-09-29 15:00:00",N,NORTE,RR,RORAIMA,"TIPO I",TÉRMICA,Gás,"Jaguatirica II",RRJII,UTE.GN.RR.044619-0.01,6773700000
"2022-09-29 16:00:00",N,NORTE,RR,RORAIMA,"TIPO I",TÉRMICA,Gás,"Jaguatirica II",RRJII,UTE.GN.RR.044619-0.01,6766000000
"2022-09-29 17:00:00",N,NORTE,RR,RORAIMA,"TIPO I",TÉRMICA,Gás,"Jaguatirica II",RRJII,UTE.GN.RR.044619-0.01,6778600000
"2022-09-29 18:00:00",N,NORTE,RR,RORAIMA,"TIPO I",TÉRMICA,Gás,"Jaguatirica II",RRJII,UTE.GN.RR.044619-0.01,6751900000
"2022-09-29 19:00:00",N,NORTE,RR,RORAIMA,"TIPO I",TÉRMICA,Gás,"Jaguatirica II",RRJII,UTE.GN.RR.044619-0.01,6883500000
"2022-09-29 20:00:00",N,NORTE,RR,RORAIMA,"TIPO I",TÉRMICA,Gás,"Jaguatirica II",RRJII,UTE.GN.RR.044619-0.01,6897400000
"2022-09-29 21:00:00",N,NORTE,RR,RORAIMA,"TIPO I",TÉRMICA,Gás,"Jaguatirica II",RRJII,UTE.GN.RR.044619-0.01,6893400000
"2022-09-29 22:00:00",N,NORTE,RR,RORAIMA,"TIPO I",TÉRMICA,Gás,"Jaguatirica II",RRJII,UTE.GN.RR.044619-0.01,6885500000
"2022-09-29 23:00:00",N,NORTE,RR,RORAIMA,"TIPO I",TÉRMICA,Gás,"Jaguatirica II",RRJII,UTE.GN.RR.044619-0.01,6874600000
"2022-09-30 00:00:00",N,NORTE,RR,RORAIMA,"TIPO I",TÉRMICA,Gás,"Jaguatirica II",RRJII,UTE.GN.RR.044619-0.01,6866700000
"2022-09-30 01:00:00",N,NORTE,RR,RORAIMA,"TIPO I",TÉRMICA,Gás,"Jaguatirica II",RRJII,UTE.GN.RR.044619-0.01,6853100000
"2022-09-30 02:00:00",N,NORTE,RR,RORAIMA,"TIPO I",TÉRMICA,Gás,"Jaguatirica II",RRJII,UTE.GN.RR.044619-0.01,6839200000
"2022-09-30 03:00:00",N,NORTE,RR,RORAIMA,"TIPO I",TÉRMICA,Gás,"Jaguatirica II",RRJII,UTE.GN.RR.044619-0.01,6821400000
"2022-09-30 04:00:00",N,NORTE,RR,RORAIMA,"TIPO I",TÉRMICA,Gás,"Jaguatirica II",RRJII,UTE.GN.RR.044619-0.01,6804400000
"2022-09-30 05:00:00",N,NORTE,RR,RORAIMA,"TIPO I",TÉRMICA,Gás,"Jaguatirica II",RRJII,UTE.GN.RR.044619-0.01,6808000000
"2022-09-30 06:00:00",N,NORTE,RR,RORAIMA,"TIPO I",TÉRMICA,Gás,"Jaguatirica II",RRJII,UTE.GN.RR.044619-0.01,6892500000
"2022-09-30 07:00:00",N,NORTE,RR,RORAIMA,"TIPO I",TÉRMICA,Gás,"Jaguatirica II",RRJII,UTE.GN.RR.044619-0.01,6901900000
"2022-09-30 08:00:00",N,NORTE,RR,RORAIMA,"TIPO I",TÉRMICA,Gás,"Jaguatirica II",RRJII,UTE.GN.RR.044619-0.01,6130800000
"2022-09-30 09:00:00",N,NORTE,RR,RORAIMA,"TIPO I",TÉRMICA,Gás,"Jaguatirica II",RRJII,UTE.GN.RR.044619-0.01,0
"2022-09-30 10:00:00",N,NORTE,RR,RORAIMA,"TIPO I",TÉRMICA,Gás,"Jaguatirica II",RRJII,UTE.GN.RR.044619-0.01,0
"2022-09-30 11:00:00",N,NORTE,RR,RORAIMA,"TIPO I",TÉRMICA,Gás,"Jaguatirica II",RRJII,UTE.GN.RR.044619-0.01,0
"2022-09-30 12:00:00",N,NORTE,RR,RORAIMA,"TIPO I",TÉRMICA,Gás,"Jaguatirica II",RRJII,UTE.GN.RR.044619-0.01,413200000
"2022-09-30 13:00:00",N,NORTE,RR,RORAIMA,"TIPO I",TÉRMICA,Gás,"Jaguatirica II",RRJII,UTE.GN.RR.044619-0.01,3835700000
"2022-09-30 14:00:00",N,NORTE,RR,RORAIMA,"TIPO I",TÉRMICA,Gás,"Jaguatirica II",RRJII,UTE.GN.RR.044619-0.01,4494300000
"2022-09-30 15:00:00",N,NORTE,RR,RORAIMA,"TIPO I",TÉRMICA,Gás,"Jaguatirica II",RRJII,UTE.GN.RR.044619-0.01,4745100000
"2022-09-30 16:00:00",N,NORTE,RR,RORAIMA,"TIPO I",TÉRMICA,Gás,"Jaguatirica II",RRJII,UTE.GN.RR.044619-0.01,4820800000
"2022-09-30 17:00:00",N,NORTE,RR,RORAIMA,"TIPO I",TÉRMICA,Gás,"Jaguatirica II",RRJII,UTE.GN.RR.044619-0.01,4856300000
"2022-09-30 18:00:00",N,NORTE,RR,RORAIMA,"TIPO I",TÉRMICA,Gás,"Jaguatirica II",RRJII,UTE.GN.RR.044619-0.01,4878000000
"2022-09-30 19:00:00",N,NORTE,RR,RORAIMA,"TIPO I",TÉRMICA,Gás,"Jaguatirica II",RRJII,UTE.GN.RR.044619-0.01,4878800000
"2022-09-30 20:00:00",N,NORTE,RR,RORAIMA,"TIPO I",TÉRMICA,Gás,"Jaguatirica II",RRJII,UTE.GN.RR.044619-0.01,4876400000
"2022-09-30 21:00:00",N,NORTE,RR,RORAIMA,"TIPO I",TÉRMICA,Gás,"Jaguatirica II",RRJII,UTE.GN.RR.044619-0.01,4877000000
"2022-09-30 22:00:00",N,NORTE,RR,RORAIMA,"TIPO I",TÉRMICA,Gás,"Jaguatirica II",RRJII,UTE.GN.RR.044619-0.01,4872500000
"2022-09-30 23:00:00",N,NORTE,RR,RORAIMA,"TIPO I",TÉRMICA,Gás,"Jaguatirica II",RRJII,UTE.GN.RR.044619-0.01,4874800000
"2022-10-01 00:00:00",N,NORTE,RR,RORAIMA,"TIPO I",TÉRMICA,Gás,"Jaguatirica II",RRJII,UTE.GN.RR.044619-0.01,4868800000
"2022-10-01 01:00:00",N,NORTE,RR,RORAIMA,"TIPO I",TÉRMICA,Gás,"Jaguatirica II",RRJII,UTE.GN.RR.044619-0.01,4857400000
"2022-10-01 02:00:00",N,NORTE,RR,RORAIMA,"TIPO I",TÉRMICA,Gás,"Jaguatirica II",RRJII,UTE.GN.RR.044619-0.01,4865600000
"2022-10-01 03:00:00",N,NORTE,RR,RORAIMA,"TIPO I",TÉRMICA,Gás,"Jaguatirica II",RRJII,UTE.GN.RR.044619-0.01,4867400000
"2022-10-01 04:00:00",N,NORTE,RR,RORAIMA,"TIPO I",TÉRMICA,Gás,"Jaguatirica II",RRJII,UTE.GN.RR.044619-0.01,4859300000
"2022-10-01 05:00:00",N,NORTE,RR,RORAIMA,"TIPO I",TÉRMICA,Gás,"Jaguatirica II",RRJII,UTE.GN.RR.044619-0.01,4213400000
"2022-10-01 06:00:00",N,NORTE,RR,RORAIMA,"TIPO I",TÉRMICA,Gás,"Jaguatirica II",RRJII,UTE.GN.RR.044619-0.01,2366000000
"2022-10-01 07:00:00",N,NORTE,RR,RORAIMA,"TIPO I",TÉRMICA,Gás,"Jaguatirica II",RRJII,UTE.GN.RR.044619-0.01,1263300000
"2022-10-01 08:00:00",N,NORTE,RR,RORAIMA,"TIPO I",TÉRMICA,Gás,"Jaguatirica II",RRJII,UTE.GN.RR.044619-0.01,2030500000
"2022-10-01 09:00:00",N,NORTE,RR,RORAIMA,"TIPO I",TÉRMICA,Gás,"Jaguatirica II",RRJII,UTE.GN.RR.044619-0.01,2000900000
"2022-10-01 10:00:00",N,NORTE,RR,RORAIMA,"TIPO I",TÉRMICA,Gás,"Jaguatirica II",RRJII,UTE.GN.RR.044619-0.01,4549800000
"2022-10-01 11:00:00",N,NORTE,RR,RORAIMA,"TIPO I",TÉRMICA,Gás,"Jaguatirica II",RRJII,UTE.GN.RR.044619-0.01,6906800000
"2022-10-01 12:00:00",N,NORTE,RR,RORAIMA,"TIPO I",TÉRMICA,Gás,"Jaguatirica II",RRJII,UTE.GN.RR.044619-0.01,6888100000
"2022-10-01 13:00:00",N,NORTE,RR,RORAIMA,"TIPO I",TÉRMICA,Gás,"Jaguatirica II",RRJII,UTE.GN.RR.044619-0.01,2513200000
"2022-10-01 14:00:00",N,NORTE,RR,RORAIMA,"TIPO I",TÉRMICA,Gás,"Jaguatirica II",RRJII,UTE.GN.RR.044619-0.01,281400000
"2022-10-01 15:00:00",N,NORTE,RR,RORAIMA,"TIPO I",TÉRMICA,Gás,"Jaguatirica II",RRJII,UTE.GN.RR.044619-0.01,2388300000
"2022-10-01 16:00:00",N,NORTE,RR,RORAIMA,"TIPO I",TÉRMICA,Gás,"Jaguatirica II",RRJII,UTE.GN.RR.044619-0.01,5557000000
"2022-10-01 17:00:00",N,NORTE,RR,RORAIMA,"TIPO I",TÉRMICA,Gás,"Jaguatirica II",RRJII,UTE.GN.RR.044619-0.01,6702500000
"2022-10-01 18:00:00",N,NORTE,RR,RORAIMA,"TIPO I",TÉRMICA,Gás,"Jaguatirica II",RRJII,UTE.GN.RR.044619-0.01,6761800000
"2022-10-01 19:00:00",N,NORTE,RR,RORAIMA,"TIPO I",TÉRMICA,Gás,"Jaguatirica II",RRJII,UTE.GN.RR.044619-0.01,6763000000
"2022-10-01 20:00:00",N,NORTE,RR,RORAIMA,"TIPO I",TÉRMICA,Gás,"Jaguatirica II",RRJII,UTE.GN.RR.044619-0.01,6764200000
"2022-10-01 21:00:00",N,NORTE,RR,RORAIMA,"TIPO I",TÉRMICA,Gás,"Jaguatirica II",RRJII,UTE.GN.RR.044619-0.01,6760100000
"2022-10-01 22:00:00",N,NORTE,RR,RORAIMA,"TIPO I",TÉRMICA,Gás,"Jaguatirica II",RRJII,UTE.GN.RR.044619-0.01,6760800000
"2022-10-01 23:00:00",N,NORTE,RR,RORAIMA,"TIPO I",TÉRMICA,Gás,"Jaguatirica II",RRJII,UTE.GN.RR.044619-0.01,6761900000
"2022-10-02 00:00:00",N,NORTE,RR,RORAIMA,"TIPO I",TÉRMICA,Gás,"Jaguatirica II",RRJII,UTE.GN.RR.044619-0.01,6766500000
"2022-10-02 01:00:00",N,NORTE,RR,RORAIMA,"TIPO I",TÉRMICA,Gás,"Jaguatirica II",RRJII,UTE.GN.RR.044619-0.01,6763500000
"2022-10-02 02:00:00",N,NORTE,RR,RORAIMA,"TIPO I",TÉRMICA,Gás,"Jaguatirica II",RRJII,UTE.GN.RR.044619-0.01,6765300000
"2022-10-02 03:00:00",N,NORTE,RR,RORAIMA,"TIPO I",TÉRMICA,Gás,"Jaguatirica II",RRJII,UTE.GN.RR.044619-0.01,6766600000
"2022-10-02 04:00:00",N,NORTE,RR,RORAIMA,"TIPO I",TÉRMICA,Gás,"Jaguatirica II",RRJII,UTE.GN.RR.044619-0.01,6761300000
"2022-10-02 05:00:00",N,NORTE,RR,RORAIMA,"TIPO I",TÉRMICA,Gás,"Jaguatirica II",RRJII,UTE.GN.RR.044619-0.01,6765100000
"2022-10-02 06:00:00",N,NORTE,RR,RORAIMA,"TIPO I",TÉRMICA,Gás,"Jaguatirica II",RRJII,UTE.GN.RR.044619-0.01,6765700000
"2022-10-02 07:00:00",N,NORTE,RR,RORAIMA,"TIPO I",TÉRMICA,Gás,"Jaguatirica II",RRJII,UTE.GN.RR.044619-0.01,6766200000
"2022-10-02 08:00:00",N,NORTE,RR,RORAIMA,"TIPO I",TÉRMICA,Gás,"Jaguatirica II",RRJII,UTE.GN.RR.044619-0.01,6766600000
"2022-10-02 09:00:00",N,NORTE,RR,RORAIMA,"TIPO I",TÉRMICA,Gás,"Jaguatirica II",RRJII,UTE.GN.RR.044619-0.01,6773700000
"2022-10-02 10:00:00",N,NORTE,RR,RORAIMA,"TIPO I",TÉRMICA,Gás,"Jaguatirica II",RRJII,UTE.GN.RR.044619-0.01,6775900000
"2022-10-02 11:00:00",N,NORTE,RR,RORAIMA,"TIPO I",TÉRMICA,Gás,"Jaguatirica II",RRJII,UTE.GN.RR.044619-0.01,6775300000
"2022-10-02 12:00:00",N,NORTE,RR,RORAIMA,"TIPO I",TÉRMICA,Gás,"Jaguatirica II",RRJII,UTE.GN.RR.044619-0.01,6779800000
"2022-10-02 13:00:00",N,NORTE,RR,RORAIMA,"TIPO I",TÉRMICA,Gás,"Jaguatirica II",RRJII,UTE.GN.RR.044619-0.01,6779000000
"2022-10-02 14:00:00",N,NORTE,RR,RORAIMA,"TIPO I",TÉRMICA,Gás,"Jaguatirica II",RRJII,UTE.GN.RR.044619-0.01,6783200000
"2022-10-02 15:00:00",N,NORTE,RR,RORAIMA,"TIPO I",TÉRMICA,Gás,"Jaguatirica II",RRJII,UTE.GN.RR.044619-0.01,6792800000
"2022-10-02 16:00:00",N,NORTE,RR,RORAIMA,"TIPO I",TÉRMICA,Gás,"Jaguatirica II",RRJII,UTE.GN.RR.044619-0.01,6776100000
"2022-10-02 17:00:00",N,NORTE,RR,RORAIMA,"TIPO I",TÉRMICA,Gás,"Jaguatirica II",RRJII,UTE.GN.RR.044619-0.01,6759100000
"2022-10-02 18:00:00",N,NORTE,RR,RORAIMA,"TIPO I",TÉRMICA,Gás,"Jaguatirica II",RRJII,UTE.GN.RR.044619-0.01,6761300000
"2022-10-02 19:00:00",N,NORTE,RR,RORAIMA,"TIPO I",TÉRMICA,Gás,"Jaguatirica II",RRJII,UTE.GN.RR.044619-0.01,6763600000
"2022-10-02 20:00:00",N,NORTE,RR,RORAIMA,"TIPO I",TÉRMICA,Gás,"Jaguatirica II",RRJII,UTE.GN.RR.044619-0.01,6766700000
"2022-10-02 21:00:00",N,NORTE,RR,RORAIMA,"TIPO I",TÉRMICA,Gás,"Jaguatirica II",RRJII,UTE.GN.RR.044619-0.01,6765200000
"2022-10-02 22:00:00",N,NORTE,RR,RORAIMA,"TIPO I",TÉRMICA,Gás,"Jaguatirica II",RRJII,UTE.GN.RR.044619-0.01,6766200000
"2022-10-02 23:00:00",N,NORTE,RR,RORAIMA,"TIPO I",TÉRMICA,Gás,"Jaguatirica II",RRJII,UTE.GN.RR.044619-0.01,6763000000
"2022-10-03 00:00:00",N,NORTE,RR,RORAIMA,"TIPO I",TÉRMICA,Gás,"Jaguatirica II",RRJII,UTE.GN.RR.044619-0.01,6756400000
"2022-10-03 01:00:00",N,NORTE,RR,RORAIMA,"TIPO I",TÉRMICA,Gás,"Jaguatirica II",RRJII,UTE.GN.RR.044619-0.01,6755600000
"2022-10-03 02:00:00",N,NORTE,RR,RORAIMA,"TIPO I",TÉRMICA,Gás,"Jaguatirica II",RRJII,UTE.GN.RR.044619-0.01,6754200000
"2022-10-03 03:00:00",N,NORTE,RR,RORAIMA,"TIPO I",TÉRMICA,Gás,"Jaguatirica II",RRJII,UTE.GN.RR.044619-0.01,6753600000
"2022-10-03 04:00:00",N,NORTE,RR,RORAIMA,"TIPO I",TÉRMICA,Gás,"Jaguatirica II",RRJII,UTE.GN.RR.044619-0.01,6751600000
"2022-10-03 05:00:00",N,NORTE,RR,RORAIMA,"TIPO I",TÉRMICA,Gás,"Jaguatirica II",RRJII,UTE.GN.RR.044619-0.01,6754000000
"2022-10-03 06:00:00",N,NORTE,RR,RORAIMA,"TIPO I",TÉRMICA,Gás,"Jaguatirica II",RRJII,UTE.GN.RR.044619-0.01,6752500000
"2022-10-03 07:00:00",N,NORTE,RR,RORAIMA,"TIPO I",TÉRMICA,Gás,"Jaguatirica II",RRJII,UTE.GN.RR.044619-0.01,6756500000
"2022-10-03 08:00:00",N,NORTE,RR,RORAIMA,"TIPO I",TÉRMICA,Gás,"Jaguatirica II",RRJII,UTE.GN.RR.044619-0.01,6760000000
"2022-10-03 09:00:00",N,NORTE,RR,RORAIMA,"TIPO I",TÉRMICA,Gás,"Jaguatirica II",RRJII,UTE.GN.RR.044619-0.01,6755400000
"2022-10-03 10:00:00",N,NORTE,RR,RORAIMA,"TIPO I",TÉRMICA,Gás,"Jaguatirica II",RRJII,UTE.GN.RR.044619-0.01,6763600000
"2022-10-03 11:00:00",N,NORTE,RR,RORAIMA,"TIPO I",TÉRMICA,Gás,"Jaguatirica II",RRJII,UTE.GN.RR.044619-0.01,6767800000
"2022-10-03 12:00:00",N,NORTE,RR,RORAIMA,"TIPO I",TÉRMICA,Gás,"Jaguatirica II",RRJII,UTE.GN.RR.044619-0.01,6764800000
"2022-10-03 13:00:00",N,NORTE,RR,RORAIMA,"TIPO I",TÉRMICA,Gás,"Jaguatirica II",RRJII,UTE.GN.RR.044619-0.01,6766600000
"2022-10-03 14:00:00",N,NORTE,RR,RORAIMA,"TIPO I",TÉRMICA,Gás,"Jaguatirica II",RRJII,UTE.GN.RR.044619-0.01,6043700000
"2022-10-03 15:00:00",N,NORTE,RR,RORAIMA,"TIPO I",TÉRMICA,Gás,"Jaguatirica II",RRJII,UTE.GN.RR.044619-0.01,6444400000
"2022-10-03 16:00:00",N,NORTE,RR,RORAIMA,"TIPO I",TÉRMICA,Gás,"Jaguatirica II",RRJII,UTE.GN.RR.044619-0.01,6713500000
"2022-10-03 17:00:00",N,NORTE,RR,RORAIMA,"TIPO I",TÉRMICA,Gás,"Jaguatirica II",RRJII,UTE.GN.RR.044619-0.01,6745900000
"2022-10-03 18:00:00",N,NORTE,RR,RORAIMA,"TIPO I",TÉRMICA,Gás,"Jaguatirica II",RRJII,UTE.GN.RR.044619-0.01,6769800000
"2022-10-03 19:00:00",N,NORTE,RR,RORAIMA,"TIPO I",TÉRMICA,Gás,"Jaguatirica II",RRJII,UTE.GN.RR.044619-0.01,6843500000
"2022-10-03 20:00:00",N,NORTE,RR,RORAIMA,"TIPO I",TÉRMICA,Gás,"Jaguatirica II",RRJII,UTE.GN.RR.044619-0.01,6835100000
"2022-10-03 21:00:00",N,NORTE,RR,RORAIMA,"TIPO I",TÉRMICA,Gás,"Jaguatirica II",RRJII,UTE.GN.RR.044619-0.01,6837000000
"2022-10-03 22:00:00",N,NORTE,RR,RORAIMA,"TIPO I",TÉRMICA,Gás,"Jaguatirica II",RRJII,UTE.GN.RR.044619-0.01,6839700000
"2022-10-03 23:00:00",N,NORTE,RR,RORAIMA,"TIPO I",TÉRMICA,Gás,"Jaguatirica II",RRJII,UTE.GN.RR.044619-0.01,6834600000
"2022-10-04 00:00:00",N,NORTE,RR,RORAIMA,"TIPO I",TÉRMICA,Gás,"Jaguatirica II",RRJII,UTE.GN.RR.044619-0.01,6840300000
"2022-10-04 01:00:00",N,NORTE,RR,RORAIMA,"TIPO I",TÉRMICA,Gás,"Jaguatirica II",RRJII,UTE.GN.RR.044619-0.01,6828000000
"2022-10-04 02:00:00",N,NORTE,RR,RORAIMA,"TIPO I",TÉRMICA,Gás,"Jaguatirica II",RRJII,UTE.GN.RR.044619-0.01,6829100000
"2022-10-04 03:00:00",N,NORTE,RR,RORAIMA,"TIPO I",TÉRMICA,Gás,"Jaguatirica II",RRJII,UTE.GN.RR.044619-0.01,6826100000
"2022-10-04 04:00:00",N,NORTE,RR,RORAIMA,"TIPO I",TÉRMICA,Gás,"Jaguatirica II",RRJII,UTE.GN.RR.044619-0.01,6823800000
"2022-10-04 05:00:00",N,NORTE,RR,RORAIMA,"TIPO I",TÉRMICA,Gás,"Jaguatirica II",RRJII,UTE.GN.RR.044619-0.01,6817700000
"2022-10-04 06:00:00",N,NORTE,RR,RORAIMA,"TIPO I",TÉRMICA,Gás,"Jaguatirica II",RRJII,UTE.GN.RR.044619-0.01,6826700000
"2022-10-04 07:00:00",N,NORTE,RR,RORAIMA,"TIPO I",TÉRMICA,Gás,"Jaguatirica II",RRJII,UTE.GN.RR.044619-0.01,6824500000
"2022-10-04 08:00:00",N,NORTE,RR,RORAIMA,"TIPO I",TÉRMICA,Gás,"Jaguatirica II",RRJII,UTE.GN.RR.044619-0.01,6822100000
"2022-10-04 09:00:00",N,NORTE,RR,RORAIMA,"TIPO I",TÉRMICA,Gás,"Jaguatirica II",RRJII,UTE.GN.RR.044619-0.01,6812800000
"2022-10-04 10:00:00",N,NORTE,RR,RORAIMA,"TIPO I",TÉRMICA,Gás,"Jaguatirica II",RRJII,UTE.GN.RR.044619-0.01,6838400000
"2022-10-04 11:00:00",N,NORTE,RR,RORAIMA,"TIPO I",TÉRMICA,Gás,"Jaguatirica II",RRJII,UTE.GN.RR.044619-0.01,6838800000
"2022-10-04 12:00:00",N,NORTE,RR,RORAIMA,"TIPO I",TÉRMICA,Gás,"Jaguatirica II",RRJII,UTE.GN.RR.044619-0.01,6804600000
"2022-10-04 13:00:00",N,NORTE,RR,RORAIMA,"TIPO I",TÉRMICA,Gás,"Jaguatirica II",RRJII,UTE.GN.RR.044619-0.01,6839500000
"2022-10-04 14:00:00",N,NORTE,RR,RORAIMA,"TIPO I",TÉRMICA,Gás,"Jaguatirica II",RRJII,UTE.GN.RR.044619-0.01,6797800000
"2022-10-04 15:00:00",N,NORTE,RR,RORAIMA,"TIPO I",TÉRMICA,Gás,"Jaguatirica II",RRJII,UTE.GN.RR.044619-0.01,6723600000
"2022-10-04 16:00:00",N,NORTE,RR,RORAIMA,"TIPO I",TÉRMICA,Gás,"Jaguatirica II",RRJII,UTE.GN.RR.044619-0.01,6697200000
"2022-10-04 17:00:00",N,NORTE,RR,RORAIMA,"TIPO I",TÉRMICA,Gás,"Jaguatirica II",RRJII,UTE.GN.RR.044619-0.01,6711700000
"2022-10-04 18:00:00",N,NORTE,RR,RORAIMA,"TIPO I",TÉRMICA,Gás,"Jaguatirica II",RRJII,UTE.GN.RR.044619-0.01,6834600000
"2022-10-04 19:00:00",N,NORTE,RR,RORAIMA,"TIPO I",TÉRMICA,Gás,"Jaguatirica II",RRJII,UTE.GN.RR.044619-0.01,6885700000
"2022-10-04 20:00:00",N,NORTE,RR,RORAIMA,"TIPO I",TÉRMICA,Gás,"Jaguatirica II",RRJII,UTE.GN.RR.044619-0.01,6874900000
"2022-10-04 21:00:00",N,NORTE,RR,RORAIMA,"TIPO I",TÉRMICA,Gás,"Jaguatirica II",RRJII,UTE.GN.RR.044619-0.01,6868300000
"2022-10-04 22:00:00",N,NORTE,RR,RORAIMA,"TIPO I",TÉRMICA,Gás,"Jaguatirica II",RRJII,UTE.GN.RR.044619-0.01,6859600000
"2022-10-04 23:00:00",N,NORTE,RR,RORAIMA,"TIPO I",TÉRMICA,Gás,"Jaguatirica II",RRJII,UTE.GN.RR.044619-0.01,6854400000
"2022-10-05 00:00:00",N,NORTE,RR,RORAIMA,"TIPO I",TÉRMICA,Gás,"Jaguatirica II",RRJII,UTE.GN.RR.044619-0.01,6845900000
"2022-10-05 01:00:00",N,NORTE,RR,RORAIMA,"TIPO I",TÉRMICA,Gás,"Jaguatirica II",RRJII,UTE.GN.RR.044619-0.01,6852600000
"2022-10-05 02:00:00",N,NORTE,RR,RORAIMA,"TIPO I",TÉRMICA,Gás,"Jaguatirica II",RRJII,UTE.GN.RR.044619-0.01,6852100000
"2022-10-05 03:00:00",N,NORTE,RR,RORAIMA,"TIPO I",TÉRMICA,Gás,"Jaguatirica II",RRJII,UTE.GN.RR.044619-0.01,6850800000
"2022-10-05 04:00:00",N,NORTE,RR,RORAIMA,"TIPO I",TÉRMICA,Gás,"Jaguatirica II",RRJII,UTE.GN.RR.044619-0.01,6846800000
"2022-10-05 05:00:00",N,NORTE,RR,RORAIMA,"TIPO I",TÉRMICA,Gás,"Jaguatirica II",RRJII,UTE.GN.RR.044619-0.01,6846600000
"2022-10-05 06:00:00",N,NORTE,RR,RORAIMA,"TIPO I",TÉRMICA,Gás,"Jaguatirica II",RRJII,UTE.GN.RR.044619-0.01,6843500000
"2022-10-05 07:00:00",N,NORTE,RR,RORAIMA,"TIPO I",TÉRMICA,Gás,"Jaguatirica II",RRJII,UTE.GN.RR.044619-0.01,6847800000
"2022-10-05 08:00:00",N,NORTE,RR,RORAIMA,"TIPO I",TÉRMICA,Gás,"Jaguatirica II",RRJII,UTE.GN.RR.044619-0.01,6849900000
"2022-10-05 09:00:00",N,NORTE,RR,RORAIMA,"TIPO I",TÉRMICA,Gás,"Jaguatirica II",RRJII,UTE.GN.RR.044619-0.01,6877600000
"2022-10-05 10:00:00",N,NORTE,RR,RORAIMA,"TIPO I",TÉRMICA,Gás,"Jaguatirica II",RRJII,UTE.GN.RR.044619-0.01,6872800000
"2022-10-05 11:00:00",N,NORTE,RR,RORAIMA,"TIPO I",TÉRMICA,Gás,"Jaguatirica II",RRJII,UTE.GN.RR.044619-0.01,6882400000
"2022-10-05 12:00:00",N,NORTE,RR,RORAIMA,"TIPO I",TÉRMICA,Gás,"Jaguatirica II",RRJII,UTE.GN.RR.044619-0.01,6854400000
"2022-10-05 13:00:00",N,NORTE,RR,RORAIMA,"TIPO I",TÉRMICA,Gás,"Jaguatirica II",RRJII,UTE.GN.RR.044619-0.01,6772600000
"2022-10-05 14:00:00",N,NORTE,RR,RORAIMA,"TIPO I",TÉRMICA,Gás,"Jaguatirica II",RRJII,UTE.GN.RR.044619-0.01,6695000000
"2022-10-05 15:00:00",N,NORTE,RR,RORAIMA,"TIPO I",TÉRMICA,Gás,"Jaguatirica II",RRJII,UTE.GN.RR.044619-0.01,6705400000
"2022-10-05 16:00:00",N,NORTE,RR,RORAIMA,"TIPO I",TÉRMICA,Gás,"Jaguatirica II",RRJII,UTE.GN.RR.044619-0.01,6743500000
"2022-10-05 17:00:00",N,NORTE,RR,RORAIMA,"TIPO I",TÉRMICA,Gás,"Jaguatirica II",RRJII,UTE.GN.RR.044619-0.01,6804700000
"2022-10-05 18:00:00",N,NORTE,RR,RORAIMA,"TIPO I",TÉRMICA,Gás,"Jaguatirica II",RRJII,UTE.GN.RR.044619-0.01,6807400000
"2022-10-05 19:00:00",N,NORTE,RR,RORAIMA,"TIPO I",TÉRMICA,Gás,"Jaguatirica II",RRJII,UTE.GN.RR.044619-0.01,6802900000
"2022-10-05 20:00:00",N,NORTE,RR,RORAIMA,"TIPO I",TÉRMICA,Gás,"Jaguatirica II",RRJII,UTE.GN.RR.044619-0.01,6804300000
"2022-10-05 21:00:00",N,NORTE,RR,RORAIMA,"TIPO I",TÉRMICA,Gás,"Jaguatirica II",RRJII,UTE.GN.RR.044619-0.01,6804300000
"2022-10-05 22:00:00",N,NORTE,RR,RORAIMA,"TIPO I",TÉRMICA,Gás,"Jaguatirica II",RRJII,UTE.GN.RR.044619-0.01,6795900000
"2022-10-05 23:00:00",N,NORTE,RR,RORAIMA,"TIPO I",TÉRMICA,Gás,"Jaguatirica II",RRJII,UTE.GN.RR.044619-0.01,6792400000
"2022-10-06 00:00:00",N,NORTE,RR,RORAIMA,"TIPO I",TÉRMICA,Gás,"Jaguatirica II",RRJII,UTE.GN.RR.044619-0.01,6814600000
"2022-10-06 01:00:00",N,NORTE,RR,RORAIMA,"TIPO I",TÉRMICA,Gás,"Jaguatirica II",RRJII,UTE.GN.RR.044619-0.01,6870300000
"2022-10-06 02:00:00",N,NORTE,RR,RORAIMA,"TIPO I",TÉRMICA,Gás,"Jaguatirica II",RRJII,UTE.GN.RR.044619-0.01,6861200000
"2022-10-06 03:00:00",N,NORTE,RR,RORAIMA,"TIPO I",TÉRMICA,Gás,"Jaguatirica II",RRJII,UTE.GN.RR.044619-0.01,6858300000
"2022-10-06 04:00:00",N,NORTE,RR,RORAIMA,"TIPO I",TÉRMICA,Gás,"Jaguatirica II",RRJII,UTE.GN.RR.044619-0.01,6854800000
"2022-10-06 05:00:00",N,NORTE,RR,RORAIMA,"TIPO I",TÉRMICA,Gás,"Jaguatirica II",RRJII,UTE.GN.RR.044619-0.01,6855400000
"2022-10-06 06:00:00",N,NORTE,RR,RORAIMA,"TIPO I",TÉRMICA,Gás,"Jaguatirica II",RRJII,UTE.GN.RR.044619-0.01,6856500000
"2022-10-06 07:00:00",N,NORTE,RR,RORAIMA,"TIPO I",TÉRMICA,Gás,"Jaguatirica II",RRJII,UTE.GN.RR.044619-0.01,6859200000
"2022-10-06 08:00:00",N,NORTE,RR,RORAIMA,"TIPO I",TÉRMICA,Gás,"Jaguatirica II",RRJII,UTE.GN.RR.044619-0.01,6861400000
"2022-10-06 09:00:00",N,NORTE,RR,RORAIMA,"TIPO I",TÉRMICA,Gás,"Jaguatirica II",RRJII,UTE.GN.RR.044619-0.01,6868400000
"2022-10-06 10:00:00",N,NORTE,RR,RORAIMA,"TIPO I",TÉRMICA,Gás,"Jaguatirica II",RRJII,UTE.GN.RR.044619-0.01,6868600000
"2022-10-06 11:00:00",N,NORTE,RR,RORAIMA,"TIPO I",TÉRMICA,Gás,"Jaguatirica II",RRJII,UTE.GN.RR.044619-0.01,6885600000
"2022-10-06 12:00:00",N,NORTE,RR,RORAIMA,"TIPO I",TÉRMICA,Gás,"Jaguatirica II",RRJII,UTE.GN.RR.044619-0.01,6860000000
"2022-10-06 13:00:00",N,NORTE,RR,RORAIMA,"TIPO I",TÉRMICA,Gás,"Jaguatirica II",RRJII,UTE.GN.RR.044619-0.01,6831900000
"2022-10-06 14:00:00",N,NORTE,RR,RORAIMA,"TIPO I",TÉRMICA,Gás,"Jaguatirica II",RRJII,UTE.GN.RR.044619-0.01,6822400000
"2022-10-06 15:00:00",N,NORTE,RR,RORAIMA,"TIPO I",TÉRMICA,Gás,"Jaguatirica II",RRJII,UTE.GN.RR.044619-0.01,6750700000
"2022-10-06 16:00:00",N,NORTE,RR,RORAIMA,"TIPO I",TÉRMICA,Gás,"Jaguatirica II",RRJII,UTE.GN.RR.044619-0.01,6727600000
"2022-10-06 17:00:00",N,NORTE,RR,RORAIMA,"TIPO I",TÉRMICA,Gás,"Jaguatirica II",RRJII,UTE.GN.RR.044619-0.01,6751400000
"2022-10-06 18:00:00",N,NORTE,RR,RORAIMA,"TIPO I",TÉRMICA,Gás,"Jaguatirica II",RRJII,UTE.GN.RR.044619-0.01,6857700000
"2022-10-06 19:00:00",N,NORTE,RR,RORAIMA,"TIPO I",TÉRMICA,Gás,"Jaguatirica II",RRJII,UTE.GN.RR.044619-0.01,6904400000
"2022-10-06 20:00:00",N,NORTE,RR,RORAIMA,"TIPO I",TÉRMICA,Gás,"Jaguatirica II",RRJII,UTE.GN.RR.044619-0.01,6900700000
"2022-10-06 21:00:00",N,NORTE,RR,RORAIMA,"TIPO I",TÉRMICA,Gás,"Jaguatirica II",RRJII,UTE.GN.RR.044619-0.01,6910200000
"2022-10-06 22:00:00",N,NORTE,RR,RORAIMA,"TIPO I",TÉRMICA,Gás,"Jaguatirica II",RRJII,UTE.GN.RR.044619-0.01,6902200000
"2022-10-06 23:00:00",N,NORTE,RR,RORAIMA,"TIPO I",TÉRMICA,Gás,"Jaguatirica II",RRJII,UTE.GN.RR.044619-0.01,6893500000
"2022-10-07 00:00:00",N,NORTE,RR,RORAIMA,"TIPO I",TÉRMICA,Gás,"Jaguatirica II",RRJII,UTE.GN.RR.044619-0.01,6892700000
"2022-10-07 01:00:00",N,NORTE,RR,RORAIMA,"TIPO I",TÉRMICA,Gás,"Jaguatirica II",RRJII,UTE.GN.RR.044619-0.01,6893100000
"2022-10-07 02:00:00",N,NORTE,RR,RORAIMA,"TIPO I",TÉRMICA,Gás,"Jaguatirica II",RRJII,UTE.GN.RR.044619-0.01,6889100000
"2022-10-07 03:00:00",N,NORTE,RR,RORAIMA,"TIPO I",TÉRMICA,Gás,"Jaguatirica II",RRJII,UTE.GN.RR.044619-0.01,6893100000
"2022-10-07 04:00:00",N,NORTE,RR,RORAIMA,"TIPO I",TÉRMICA,Gás,"Jaguatirica II",RRJII,UTE.GN.RR.044619-0.01,6893700000
"2022-10-07 05:00:00",N,NORTE,RR,RORAIMA,"TIPO I",TÉRMICA,Gás,"Jaguatirica II",RRJII,UTE.GN.RR.044619-0.01,6894600000
"2022-10-07 06:00:00",N,NORTE,RR,RORAIMA,"TIPO I",TÉRMICA,Gás,"Jaguatirica II",RRJII,UTE.GN.RR.044619-0.01,6891000000
"2022-10-07 07:00:00",N,NORTE,RR,RORAIMA,"TIPO I",TÉRMICA,Gás,"Jaguatirica II",RRJII,UTE.GN.RR.044619-0.01,6894100000
"2022-10-07 08:00:00",N,NORTE,RR,RORAIMA,"TIPO I",TÉRMICA,Gás,"Jaguatirica II",RRJII,UTE.GN.RR.044619-0.01,6902200000
"2022-10-07 09:00:00",N,NORTE,RR,RORAIMA,"TIPO I",TÉRMICA,Gás,"Jaguatirica II",RRJII,UTE.GN.RR.044619-0.01,6907500000
"2022-10-07 10:00:00",N,NORTE,RR,RORAIMA,"TIPO I",TÉRMICA,Gás,"Jaguatirica II",RRJII,UTE.GN.RR.044619-0.01,6911300000
"2022-10-07 11:00:00",N,NORTE,RR,RORAIMA,"TIPO I",TÉRMICA,Gás,"Jaguatirica II",RRJII,UTE.GN.RR.044619-0.01,6909500000
"2022-10-07 12:00:00",N,NORTE,RR,RORAIMA,"TIPO I",TÉRMICA,Gás,"Jaguatirica II",RRJII,UTE.GN.RR.044619-0.01,6863800000
"2022-10-07 13:00:00",N,NORTE,RR,RORAIMA,"TIPO I",TÉRMICA,Gás,"Jaguatirica II",RRJII,UTE.GN.RR.044619-0.01,6800100000
"2022-10-07 14:00:00",N,NORTE,RR,RORAIMA,"TIPO I",TÉRMICA,Gás,"Jaguatirica II",RRJII,UTE.GN.RR.044619-0.01,6747900000
"2022-10-07 15:00:00",N,NORTE,RR,RORAIMA,"TIPO I",TÉRMICA,Gás,"Jaguatirica II",RRJII,UTE.GN.RR.044619-0.01,6777300000
"2022-10-07 16:00:00",N,NORTE,RR,RORAIMA,"TIPO I",TÉRMICA,Gás,"Jaguatirica II",RRJII,UTE.GN.RR.044619-0.01,6879000000
"2022-10-07 17:00:00",N,NORTE,RR,RORAIMA,"TIPO I",TÉRMICA,Gás,"Jaguatirica II",RRJII,UTE.GN.RR.044619-0.01,6879700000
"2022-10-07 18:00:00",N,NORTE,RR,RORAIMA,"TIPO I",TÉRMICA,Gás,"Jaguatirica II",RRJII,UTE.GN.RR.044619-0.01,6863900000
"2022-10-07 19:00:00",N,NORTE,RR,RORAIMA,"TIPO I",TÉRMICA,Gás,"Jaguatirica II",RRJII,UTE.GN.RR.044619-0.01,6925200000
"2022-10-07 20:00:00",N,NORTE,RR,RORAIMA,"TIPO I",TÉRMICA,Gás,"Jaguatirica II",RRJII,UTE.GN.RR.044619-0.01,6904500000
"2022-10-07 21:00:00",N,NORTE,RR,RORAIMA,"TIPO I",TÉRMICA,Gás,"Jaguatirica II",RRJII,UTE.GN.RR.044619-0.01,6905700000
"2022-10-07 22:00:00",N,NORTE,RR,RORAIMA,"TIPO I",TÉRMICA,Gás,"Jaguatirica II",RRJII,UTE.GN.RR.044619-0.01,6917700000
"2022-10-07 23:00:00",N,NORTE,RR,RORAIMA,"TIPO I",TÉRMICA,Gás,"Jaguatirica II",RRJII,UTE.GN.RR.044619-0.01,6915600000
"2022-10-08 00:00:00",N,NORTE,RR,RORAIMA,"TIPO I",TÉRMICA,Gás,"Jaguatirica II",RRJII,UTE.GN.RR.044619-0.01,6917700000
"2022-10-08 01:00:00",N,NORTE,RR,RORAIMA,"TIPO I",TÉRMICA,Gás,"Jaguatirica II",RRJII,UTE.GN.RR.044619-0.01,6922200000
"2022-10-08 02:00:00",N,NORTE,RR,RORAIMA,"TIPO I",TÉRMICA,Gás,"Jaguatirica II",RRJII,UTE.GN.RR.044619-0.01,6909900000
"2022-10-08 03:00:00",N,NORTE,RR,RORAIMA,"TIPO I",TÉRMICA,Gás,"Jaguatirica II",RRJII,UTE.GN.RR.044619-0.01,6902800000
"2022-10-08 04:00:00",N,NORTE,RR,RORAIMA,"TIPO I",TÉRMICA,Gás,"Jaguatirica II",RRJII,UTE.GN.RR.044619-0.01,6902300000
"2022-10-08 05:00:00",N,NORTE,RR,RORAIMA,"TIPO I",TÉRMICA,Gás,"Jaguatirica II",RRJII,UTE.GN.RR.044619-0.01,6902000000
"2022-10-08 06:00:00",N,NORTE,RR,RORAIMA,"TIPO I",TÉRMICA,Gás,"Jaguatirica II",RRJII,UTE.GN.RR.044619-0.01,6899100000
"2022-10-08 07:00:00",N,NORTE,RR,RORAIMA,"TIPO I",TÉRMICA,Gás,"Jaguatirica II",RRJII,UTE.GN.RR.044619-0.01,6900300000
"2022-10-08 08:00:00",N,NORTE,RR,RORAIMA,"TIPO I",TÉRMICA,Gás,"Jaguatirica II",RRJII,UTE.GN.RR.044619-0.01,6906200000
"2022-10-08 09:00:00",N,NORTE,RR,RORAIMA,"TIPO I",TÉRMICA,Gás,"Jaguatirica II",RRJII,UTE.GN.RR.044619-0.01,6906200000
"2022-10-08 10:00:00",N,NORTE,RR,RORAIMA,"TIPO I",TÉRMICA,Gás,"Jaguatirica II",RRJII,UTE.GN.RR.044619-0.01,6925100000
"2022-10-08 11:00:00",N,NORTE,RR,RORAIMA,"TIPO I",TÉRMICA,Gás,"Jaguatirica II",RRJII,UTE.GN.RR.044619-0.01,6902700000
"2022-10-08 12:00:00",N,NORTE,RR,RORAIMA,"TIPO I",TÉRMICA,Gás,"Jaguatirica II",RRJII,UTE.GN.RR.044619-0.01,6878600000
"2022-10-08 13:00:00",N,NORTE,RR,RORAIMA,"TIPO I",TÉRMICA,Gás,"Jaguatirica II",RRJII,UTE.GN.RR.044619-0.01,6799100000
"2022-10-08 14:00:00",N,NORTE,RR,RORAIMA,"TIPO I",TÉRMICA,Gás,"Jaguatirica II",RRJII,UTE.GN.RR.044619-0.01,6785500000
"2022-10-08 15:00:00",N,NORTE,RR,RORAIMA,"TIPO I",TÉRMICA,Gás,"Jaguatirica II",RRJII,UTE.GN.RR.044619-0.01,6720100000
"2022-10-08 16:00:00",N,NORTE,RR,RORAIMA,"TIPO I",TÉRMICA,Gás,"Jaguatirica II",RRJII,UTE.GN.RR.044619-0.01,6693000000
"2022-10-08 17:00:00",N,NORTE,RR,RORAIMA,"TIPO I",TÉRMICA,Gás,"Jaguatirica II",RRJII,UTE.GN.RR.044619-0.01,6752200000
"2022-10-08 18:00:00",N,NORTE,RR,RORAIMA,"TIPO I",TÉRMICA,Gás,"Jaguatirica II",RRJII,UTE.GN.RR.044619-0.01,6816300000
"2022-10-08 19:00:00",N,NORTE,RR,RORAIMA,"TIPO I",TÉRMICA,Gás,"Jaguatirica II",RRJII,UTE.GN.RR.044619-0.01,6855000000
"2022-10-08 20:00:00",N,NORTE,RR,RORAIMA,"TIPO I",TÉRMICA,Gás,"Jaguatirica II",RRJII,UTE.GN.RR.044619-0.01,6909500000
"2022-10-08 21:00:00",N,NORTE,RR,RORAIMA,"TIPO I",TÉRMICA,Gás,"Jaguatirica II",RRJII,UTE.GN.RR.044619-0.01,6902900000
"2022-10-08 22:00:00",N,NORTE,RR,RORAIMA,"TIPO I",TÉRMICA,Gás,"Jaguatirica II",RRJII,UTE.GN.RR.044619-0.01,6905600000
"2022-10-08 23:00:00",N,NORTE,RR,RORAIMA,"TIPO I",TÉRMICA,Gás,"Jaguatirica II",RRJII,UTE.GN.RR.044619-0.01,6898200000
"2022-10-09 00:00:00",N,NORTE,RR,RORAIMA,"TIPO I",TÉRMICA,Gás,"Jaguatirica II",RRJII,UTE.GN.RR.044619-0.01,6896700000
"2022-10-09 01:00:00",N,NORTE,RR,RORAIMA,"TIPO I",TÉRMICA,Gás,"Jaguatirica II",RRJII,UTE.GN.RR.044619-0.01,6891200000
"2022-10-09 02:00:00",N,NORTE,RR,RORAIMA,"TIPO I",TÉRMICA,Gás,"Jaguatirica II",RRJII,UTE.GN.RR.044619-0.01,6890500000
"2022-10-09 03:00:00",N,NORTE,RR,RORAIMA,"TIPO I",TÉRMICA,Gás,"Jaguatirica II",RRJII,UTE.GN.RR.044619-0.01,6888400000
"2022-10-09 04:00:00",N,NORTE,RR,RORAIMA,"TIPO I",TÉRMICA,Gás,"Jaguatirica II",RRJII,UTE.GN.RR.044619-0.01,6889800000
"2022-10-09 05:00:00",N,NORTE,RR,RORAIMA,"TIPO I",TÉRMICA,Gás,"Jaguatirica II",RRJII,UTE.GN.RR.044619-0.01,6888500000
"2022-10-09 06:00:00",N,NORTE,RR,RORAIMA,"TIPO I",TÉRMICA,Gás,"Jaguatirica II",RRJII,UTE.GN.RR.044619-0.01,6892100000
"2022-10-09 07:00:00",N,NORTE,RR,RORAIMA,"TIPO I",TÉRMICA,Gás,"Jaguatirica II",RRJII,UTE.GN.RR.044619-0.01,6890300000
"2022-10-09 08:00:00",N,NORTE,RR,RORAIMA,"TIPO I",TÉRMICA,Gás,"Jaguatirica II",RRJII,UTE.GN.RR.044619-0.01,6898200000
"2022-10-09 09:00:00",N,NORTE,RR,RORAIMA,"TIPO I",TÉRMICA,Gás,"Jaguatirica II",RRJII,UTE.GN.RR.044619-0.01,6907200000
"2022-10-09 10:00:00",N,NORTE,RR,RORAIMA,"TIPO I",TÉRMICA,Gás,"Jaguatirica II",RRJII,UTE.GN.RR.044619-0.01,6914000000
"2022-10-09 11:00:00",N,NORTE,RR,RORAIMA,"TIPO I",TÉRMICA,Gás,"Jaguatirica II",RRJII,UTE.GN.RR.044619-0.01,6902400000
"2022-10-09 12:00:00",N,NORTE,RR,RORAIMA,"TIPO I",TÉRMICA,Gás,"Jaguatirica II",RRJII,UTE.GN.RR.044619-0.01,6832300000
"2022-10-09 13:00:00",N,NORTE,RR,RORAIMA,"TIPO I",TÉRMICA,Gás,"Jaguatirica II",RRJII,UTE.GN.RR.044619-0.01,6819600000
"2022-10-09 14:00:00",N,NORTE,RR,RORAIMA,"TIPO I",TÉRMICA,Gás,"Jaguatirica II",RRJII,UTE.GN.RR.044619-0.01,6766600000
"2022-10-09 15:00:00",N,NORTE,RR,RORAIMA,"TIPO I",TÉRMICA,Gás,"Jaguatirica II",RRJII,UTE.GN.RR.044619-0.01,6733600000
"2022-10-09 16:00:00",N,NORTE,RR,RORAIMA,"TIPO I",TÉRMICA,Gás,"Jaguatirica II",RRJII,UTE.GN.RR.044619-0.01,6742000000
"2022-10-09 17:00:00",N,NORTE,RR,RORAIMA,"TIPO I",TÉRMICA,Gás,"Jaguatirica II",RRJII,UTE.GN.RR.044619-0.01,6770600000
"2022-10-09 18:00:00",N,NORTE,RR,RORAIMA,"TIPO I",TÉRMICA,Gás,"Jaguatirica II",RRJII,UTE.GN.RR.044619-0.01,6882000000
"2022-10-09 19:00:00",N,NORTE,RR,RORAIMA,"TIPO I",TÉRMICA,Gás,"Jaguatirica II",RRJII,UTE.GN.RR.044619-0.01,6892800000
"2022-10-09 20:00:00",N,NORTE,RR,RORAIMA,"TIPO I",TÉRMICA,Gás,"Jaguatirica II",RRJII,UTE.GN.RR.044619-0.01,6901300000
"2022-10-09 21:00:00",N,NORTE,RR,RORAIMA,"TIPO I",TÉRMICA,Gás,"Jaguatirica II",RRJII,UTE.GN.RR.044619-0.01,6908600000
"2022-10-09 22:00:00",N,NORTE,RR,RORAIMA,"TIPO I",TÉRMICA,Gás,"Jaguatirica II",RRJII,UTE.GN.RR.044619-0.01,6903800000
"2022-10-09 23:00:00",N,NORTE,RR,RORAIMA,"TIPO I",TÉRMICA,Gás,"Jaguatirica II",RRJII,UTE.GN.RR.044619-0.01,6902700000
"2022-10-10 00:00:00",N,NORTE,RR,RORAIMA,"TIPO I",TÉRMICA,Gás,"Jaguatirica II",RRJII,UTE.GN.RR.044619-0.01,6896600000
"2022-10-10 01:00:00",N,NORTE,RR,RORAIMA,"TIPO I",TÉRMICA,Gás,"Jaguatirica II",RRJII,UTE.GN.RR.044619-0.01,6894200000
"2022-10-10 02:00:00",N,NORTE,RR,RORAIMA,"TIPO I",TÉRMICA,Gás,"Jaguatirica II",RRJII,UTE.GN.RR.044619-0.01,6888500000
"2022-10-10 03:00:00",N,NORTE,RR,RORAIMA,"TIPO I",TÉRMICA,Gás,"Jaguatirica II",RRJII,UTE.GN.RR.044619-0.01,6883800000
"2022-10-10 04:00:00",N,NORTE,RR,RORAIMA,"TIPO I",TÉRMICA,Gás,"Jaguatirica II",RRJII,UTE.GN.RR.044619-0.01,6881300000
"2022-10-10 05:00:00",N,NORTE,RR,RORAIMA,"TIPO I",TÉRMICA,Gás,"Jaguatirica II",RRJII,UTE.GN.RR.044619-0.01,6882000000
"2022-10-10 06:00:00",N,NORTE,RR,RORAIMA,"TIPO I",TÉRMICA,Gás,"Jaguatirica II",RRJII,UTE.GN.RR.044619-0.01,6882200000
"2022-10-10 07:00:00",N,NORTE,RR,RORAIMA,"TIPO I",TÉRMICA,Gás,"Jaguatirica II",RRJII,UTE.GN.RR.044619-0.01,6883100000
"2022-10-10 08:00:00",N,NORTE,RR,RORAIMA,"TIPO I",TÉRMICA,Gás,"Jaguatirica II",RRJII,UTE.GN.RR.044619-0.01,6889900000
"2022-10-10 09:00:00",N,NORTE,RR,RORAIMA,"TIPO I",TÉRMICA,Gás,"Jaguatirica II",RRJII,UTE.GN.RR.044619-0.01,6895100000
"2022-10-10 10:00:00",N,NORTE,RR,RORAIMA,"TIPO I",TÉRMICA,Gás,"Jaguatirica II",RRJII,UTE.GN.RR.044619-0.01,6886500000
"2022-10-10 11:00:00",N,NORTE,RR,RORAIMA,"TIPO I",TÉRMICA,Gás,"Jaguatirica II",RRJII,UTE.GN.RR.044619-0.01,6908400000
"2022-10-10 12:00:00",N,NORTE,RR,RORAIMA,"TIPO I",TÉRMICA,Gás,"Jaguatirica II",RRJII,UTE.GN.RR.044619-0.01,6902900000
"2022-10-10 13:00:00",N,NORTE,RR,RORAIMA,"TIPO I",TÉRMICA,Gás,"Jaguatirica II",RRJII,UTE.GN.RR.044619-0.01,6908000000
"2022-10-10 14:00:00",N,NORTE,RR,RORAIMA,"TIPO I",TÉRMICA,Gás,"Jaguatirica II",RRJII,UTE.GN.RR.044619-0.01,6541700000
"2022-10-10 15:00:00",N,NORTE,RR,RORAIMA,"TIPO I",TÉRMICA,Gás,"Jaguatirica II",RRJII,UTE.GN.RR.044619-0.01,6846300000
"2022-10-10 16:00:00",N,NORTE,RR,RORAIMA,"TIPO I",TÉRMICA,Gás,"Jaguatirica II",RRJII,UTE.GN.RR.044619-0.01,6904200000
"2022-10-10 17:00:00",N,NORTE,RR,RORAIMA,"TIPO I",TÉRMICA,Gás,"Jaguatirica II",RRJII,UTE.GN.RR.044619-0.01,6905600000
"2022-10-10 18:00:00",N,NORTE,RR,RORAIMA,"TIPO I",TÉRMICA,Gás,"Jaguatirica II",RRJII,UTE.GN.RR.044619-0.01,6909900000
"2022-10-10 19:00:00",N,NORTE,RR,RORAIMA,"TIPO I",TÉRMICA,Gás,"Jaguatirica II",RRJII,UTE.GN.RR.044619-0.01,6904000000
"2022-10-10 20:00:00",N,NORTE,RR,RORAIMA,"TIPO I",TÉRMICA,Gás,"Jaguatirica II",RRJII,UTE.GN.RR.044619-0.01,6905900000
"2022-10-10 21:00:00",N,NORTE,RR,RORAIMA,"TIPO I",TÉRMICA,Gás,"Jaguatirica II",RRJII,UTE.GN.RR.044619-0.01,6903400000
"2022-10-10 22:00:00",N,NORTE,RR,RORAIMA,"TIPO I",TÉRMICA,Gás,"Jaguatirica II",RRJII,UTE.GN.RR.044619-0.01,6903500000
"2022-10-10 23:00:00",N,NORTE,RR,RORAIMA,"TIPO I",TÉRMICA,Gás,"Jaguatirica II",RRJII,UTE.GN.RR.044619-0.01,6902900000
"2022-10-11 00:00:00",N,NORTE,RR,RORAIMA,"TIPO I",TÉRMICA,Gás,"Jaguatirica II",RRJII,UTE.GN.RR.044619-0.01,6903400000
"2022-10-11 01:00:00",N,NORTE,RR,RORAIMA,"TIPO I",TÉRMICA,Gás,"Jaguatirica II",RRJII,UTE.GN.RR.044619-0.01,6903500000
"2022-10-11 02:00:00",N,NORTE,RR,RORAIMA,"TIPO I",TÉRMICA,Gás,"Jaguatirica II",RRJII,UTE.GN.RR.044619-0.01,6898200000
"2022-10-11 03:00:00",N,NORTE,RR,RORAIMA,"TIPO I",TÉRMICA,Gás,"Jaguatirica II",RRJII,UTE.GN.RR.044619-0.01,6894100000
"2022-10-11 04:00:00",N,NORTE,RR,RORAIMA,"TIPO I",TÉRMICA,Gás,"Jaguatirica II",RRJII,UTE.GN.RR.044619-0.01,6872700000
"2022-10-11 05:00:00",N,NORTE,RR,RORAIMA,"TIPO I",TÉRMICA,Gás,"Jaguatirica II",RRJII,UTE.GN.RR.044619-0.01,6855700000
"2022-10-11 06:00:00",N,NORTE,RR,RORAIMA,"TIPO I",TÉRMICA,Gás,"Jaguatirica II",RRJII,UTE.GN.RR.044619-0.01,6869800000
"2022-10-11 07:00:00",N,NORTE,RR,RORAIMA,"TIPO I",TÉRMICA,Gás,"Jaguatirica II",RRJII,UTE.GN.RR.044619-0.01,6871600000
"2022-10-11 08:00:00",N,NORTE,RR,RORAIMA,"TIPO I",TÉRMICA,Gás,"Jaguatirica II",RRJII,UTE.GN.RR.044619-0.01,6872400000
"2022-10-11 09:00:00",N,NORTE,RR,RORAIMA,"TIPO I",TÉRMICA,Gás,"Jaguatirica II",RRJII,UTE.GN.RR.044619-0.01,6893300000
"2022-10-11 10:00:00",N,NORTE,RR,RORAIMA,"TIPO I",TÉRMICA,Gás,"Jaguatirica II",RRJII,UTE.GN.RR.044619-0.01,6902700000
"2022-10-11 11:00:00",N,NORTE,RR,RORAIMA,"TIPO I",TÉRMICA,Gás,"Jaguatirica II",RRJII,UTE.GN.RR.044619-0.01,6921100000
"2022-10-11 12:00:00",N,NORTE,RR,RORAIMA,"TIPO I",TÉRMICA,Gás,"Jaguatirica II",RRJII,UTE.GN.RR.044619-0.01,6920700000
"2022-10-11 13:00:00",N,NORTE,RR,RORAIMA,"TIPO I",TÉRMICA,Gás,"Jaguatirica II",RRJII,UTE.GN.RR.044619-0.01,6922100000
"2022-10-11 14:00:00",N,NORTE,RR,RORAIMA,"TIPO I",TÉRMICA,Gás,"Jaguatirica II",RRJII,UTE.GN.RR.044619-0.01,6891100000
"2022-10-11 15:00:00",N,NORTE,RR,RORAIMA,"TIPO I",TÉRMICA,Gás,"Jaguatirica II",RRJII,UTE.GN.RR.044619-0.01,6881200000
"2022-10-11 16:00:00",N,NORTE,RR,RORAIMA,"TIPO I",TÉRMICA,Gás,"Jaguatirica II",RRJII,UTE.GN.RR.044619-0.01,6877700000
"2022-10-11 17:00:00",N,NORTE,RR,RORAIMA,"TIPO I",TÉRMICA,Gás,"Jaguatirica II",RRJII,UTE.GN.RR.044619-0.01,6883700000
"2022-10-11 18:00:00",N,NORTE,RR,RORAIMA,"TIPO I",TÉRMICA,Gás,"Jaguatirica II",RRJII,UTE.GN.RR.044619-0.01,6876700000
"2022-10-11 19:00:00",N,NORTE,RR,RORAIMA,"TIPO I",TÉRMICA,Gás,"Jaguatirica II",RRJII,UTE.GN.RR.044619-0.01,6842200000
"2022-10-11 20:00:00",N,NORTE,RR,RORAIMA,"TIPO I",TÉRMICA,Gás,"Jaguatirica II",RRJII,UTE.GN.RR.044619-0.01,6854200000
"2022-10-11 21:00:00",N,NORTE,RR,RORAIMA,"TIPO I",TÉRMICA,Gás,"Jaguatirica II",RRJII,UTE.GN.RR.044619-0.01,6849600000
"2022-10-11 22:00:00",N,NORTE,RR,RORAIMA,"TIPO I",TÉRMICA,Gás,"Jaguatirica II",RRJII,UTE.GN.RR.044619-0.01,6846200000
"2022-10-11 23:00:00",N,NORTE,RR,RORAIMA,"TIPO I",TÉRMICA,Gás,"Jaguatirica II",RRJII,UTE.GN.RR.044619-0.01,6842000000
"2022-10-12 00:00:00",N,NORTE,RR,RORAIMA,"TIPO I",TÉRMICA,Gás,"Jaguatirica II",RRJII,UTE.GN.RR.044619-0.01,6841300000
"2022-10-12 01:00:00",N,NORTE,RR,RORAIMA,"TIPO I",TÉRMICA,Gás,"Jaguatirica II",RRJII,UTE.GN.RR.044619-0.01,6843000000
"2022-10-12 02:00:00",N,NORTE,RR,RORAIMA,"TIPO I",TÉRMICA,Gás,"Jaguatirica II",RRJII,UTE.GN.RR.044619-0.01,6842000000
"2022-10-12 03:00:00",N,NORTE,RR,RORAIMA,"TIPO I",TÉRMICA,Gás,"Jaguatirica II",RRJII,UTE.GN.RR.044619-0.01,6840100000
"2022-10-12 04:00:00",N,NORTE,RR,RORAIMA,"TIPO I",TÉRMICA,Gás,"Jaguatirica II",RRJII,UTE.GN.RR.044619-0.01,6837600000
"2022-10-12 05:00:00",N,NORTE,RR,RORAIMA,"TIPO I",TÉRMICA,Gás,"Jaguatirica II",RRJII,UTE.GN.RR.044619-0.01,6837200000
"2022-10-12 06:00:00",N,NORTE,RR,RORAIMA,"TIPO I",TÉRMICA,Gás,"Jaguatirica II",RRJII,UTE.GN.RR.044619-0.01,6838800000
"2022-10-12 07:00:00",N,NORTE,RR,RORAIMA,"TIPO I",TÉRMICA,Gás,"Jaguatirica II",RRJII,UTE.GN.RR.044619-0.01,6577600000
"2022-10-12 08:00:00",N,NORTE,RR,RORAIMA,"TIPO I",TÉRMICA,Gás,"Jaguatirica II",RRJII,UTE.GN.RR.044619-0.01,6355400000
"2022-10-12 09:00:00",N,NORTE,RR,RORAIMA,"TIPO I",TÉRMICA,Gás,"Jaguatirica II",RRJII,UTE.GN.RR.044619-0.01,6348200000
"2022-10-12 10:00:00",N,NORTE,RR,RORAIMA,"TIPO I",TÉRMICA,Gás,"Jaguatirica II",RRJII,UTE.GN.RR.044619-0.01,6757500000
"2022-10-12 11:00:00",N,NORTE,RR,RORAIMA,"TIPO I",TÉRMICA,Gás,"Jaguatirica II",RRJII,UTE.GN.RR.044619-0.01,6859900000
"2022-10-12 12:00:00",N,NORTE,RR,RORAIMA,"TIPO I",TÉRMICA,Gás,"Jaguatirica II",RRJII,UTE.GN.RR.044619-0.01,6861000000
"2022-10-12 13:00:00",N,NORTE,RR,RORAIMA,"TIPO I",TÉRMICA,Gás,"Jaguatirica II",RRJII,UTE.GN.RR.044619-0.01,6889300000
"2022-10-12 14:00:00",N,NORTE,RR,RORAIMA,"TIPO I",TÉRMICA,Gás,"Jaguatirica II",RRJII,UTE.GN.RR.044619-0.01,6798800000
"2022-10-12 15:00:00",N,NORTE,RR,RORAIMA,"TIPO I",TÉRMICA,Gás,"Jaguatirica II",RRJII,UTE.GN.RR.044619-0.01,6843100000
"2022-10-12 16:00:00",N,NORTE,RR,RORAIMA,"TIPO I",TÉRMICA,Gás,"Jaguatirica II",RRJII,UTE.GN.RR.044619-0.01,6821600000
"2022-10-12 17:00:00",N,NORTE,RR,RORAIMA,"TIPO I",TÉRMICA,Gás,"Jaguatirica II",RRJII,UTE.GN.RR.044619-0.01,6833000000
"2022-10-12 18:00:00",N,NORTE,RR,RORAIMA,"TIPO I",TÉRMICA,Gás,"Jaguatirica II",RRJII,UTE.GN.RR.044619-0.01,6861700000
"2022-10-12 19:00:00",N,NORTE,RR,RORAIMA,"TIPO I",TÉRMICA,Gás,"Jaguatirica II",RRJII,UTE.GN.RR.044619-0.01,6871200000
"2022-10-12 20:00:00",N,NORTE,RR,RORAIMA,"TIPO I",TÉRMICA,Gás,"Jaguatirica II",RRJII,UTE.GN.RR.044619-0.01,6860200000
"2022-10-12 21:00:00",N,NORTE,RR,RORAIMA,"TIPO I",TÉRMICA,Gás,"Jaguatirica II",RRJII,UTE.GN.RR.044619-0.01,6852200000
"2022-10-12 22:00:00",N,NORTE,RR,RORAIMA,"TIPO I",TÉRMICA,Gás,"Jaguatirica II",RRJII,UTE.GN.RR.044619-0.01,6850200000
"2022-10-12 23:00:00",N,NORTE,RR,RORAIMA,"TIPO I",TÉRMICA,Gás,"Jaguatirica II",RRJII,UTE.GN.RR.044619-0.01,6849200000
"2022-10-13 00:00:00",N,NORTE,RR,RORAIMA,"TIPO I",TÉRMICA,Gás,"Jaguatirica II",RRJII,UTE.GN.RR.044619-0.01,6856800000
"2022-10-13 01:00:00",N,NORTE,RR,RORAIMA,"TIPO I",TÉRMICA,Gás,"Jaguatirica II",RRJII,UTE.GN.RR.044619-0.01,6856800000
"2022-10-13 02:00:00",N,NORTE,RR,RORAIMA,"TIPO I",TÉRMICA,Gás,"Jaguatirica II",RRJII,UTE.GN.RR.044619-0.01,6856300000
"2022-10-13 03:00:00",N,NORTE,RR,RORAIMA,"TIPO I",TÉRMICA,Gás,"Jaguatirica II",RRJII,UTE.GN.RR.044619-0.01,6853800000
"2022-10-13 04:00:00",N,NORTE,RR,RORAIMA,"TIPO I",TÉRMICA,Gás,"Jaguatirica II",RRJII,UTE.GN.RR.044619-0.01,6855100000
"2022-10-13 05:00:00",N,NORTE,RR,RORAIMA,"TIPO I",TÉRMICA,Gás,"Jaguatirica II",RRJII,UTE.GN.RR.044619-0.01,6857100000
"2022-10-13 06:00:00",N,NORTE,RR,RORAIMA,"TIPO I",TÉRMICA,Gás,"Jaguatirica II",RRJII,UTE.GN.RR.044619-0.01,6855900000
"2022-10-13 07:00:00",N,NORTE,RR,RORAIMA,"TIPO I",TÉRMICA,Gás,"Jaguatirica II",RRJII,UTE.GN.RR.044619-0.01,6858500000
"2022-10-13 08:00:00",N,NORTE,RR,RORAIMA,"TIPO I",TÉRMICA,Gás,"Jaguatirica II",RRJII,UTE.GN.RR.044619-0.01,6877500000
"2022-10-13 09:00:00",N,NORTE,RR,RORAIMA,"TIPO I",TÉRMICA,Gás,"Jaguatirica II",RRJII,UTE.GN.RR.044619-0.01,6887600000
"2022-10-13 10:00:00",N,NORTE,RR,RORAIMA,"TIPO I",TÉRMICA,Gás,"Jaguatirica II",RRJII,UTE.GN.RR.044619-0.01,6893800000
"2022-10-13 11:00:00",N,NORTE,RR,RORAIMA,"TIPO I",TÉRMICA,Gás,"Jaguatirica II",RRJII,UTE.GN.RR.044619-0.01,6899800000
"2022-10-13 12:00:00",N,NORTE,RR,RORAIMA,"TIPO I",TÉRMICA,Gás,"Jaguatirica II",RRJII,UTE.GN.RR.044619-0.01,6904200000
"2022-10-13 13:00:00",N,NORTE,RR,RORAIMA,"TIPO I",TÉRMICA,Gás,"Jaguatirica II",RRJII,UTE.GN.RR.044619-0.01,6888200000
"2022-10-13 14:00:00",N,NORTE,RR,RORAIMA,"TIPO I",TÉRMICA,Gás,"Jaguatirica II",RRJII,UTE.GN.RR.044619-0.01,6850400000
"2022-10-13 15:00:00",N,NORTE,RR,RORAIMA,"TIPO I",TÉRMICA,Gás,"Jaguatirica II",RRJII,UTE.GN.RR.044619-0.01,6816000000
"2022-10-13 16:00:00",N,NORTE,RR,RORAIMA,"TIPO I",TÉRMICA,Gás,"Jaguatirica II",RRJII,UTE.GN.RR.044619-0.01,6807300000
"2022-10-13 17:00:00",N,NORTE,RR,RORAIMA,"TIPO I",TÉRMICA,Gás,"Jaguatirica II",RRJII,UTE.GN.RR.044619-0.01,6797500000
"2022-10-13 18:00:00",N,NORTE,RR,RORAIMA,"TIPO I",TÉRMICA,Gás,"Jaguatirica II",RRJII,UTE.GN.RR.044619-0.01,6855300000
"2022-10-13 19:00:00",N,NORTE,RR,RORAIMA,"TIPO I",TÉRMICA,Gás,"Jaguatirica II",RRJII,UTE.GN.RR.044619-0.01,6895200000
"2022-10-13 20:00:00",N,NORTE,RR,RORAIMA,"TIPO I",TÉRMICA,Gás,"Jaguatirica II",RRJII,UTE.GN.RR.044619-0.01,6890000000
"2022-10-13 21:00:00",N,NORTE,RR,RORAIMA,"TIPO I",TÉRMICA,Gás,"Jaguatirica II",RRJII,UTE.GN.RR.044619-0.01,6885700000
"2022-10-13 22:00:00",N,NORTE,RR,RORAIMA,"TIPO I",TÉRMICA,Gás,"Jaguatirica II",RRJII,UTE.GN.RR.044619-0.01,6878400000
"2022-10-13 23:00:00",N,NORTE,RR,RORAIMA,"TIPO I",TÉRMICA,Gás,"Jaguatirica II",RRJII,UTE.GN.RR.044619-0.01,6877700000
"2022-10-14 00:00:00",N,NORTE,RR,RORAIMA,"TIPO I",TÉRMICA,Gás,"Jaguatirica II",RRJII,UTE.GN.RR.044619-0.01,6875500000
"2022-10-14 01:00:00",N,NORTE,RR,RORAIMA,"TIPO I",TÉRMICA,Gás,"Jaguatirica II",RRJII,UTE.GN.RR.044619-0.01,6871900000
"2022-10-14 02:00:00",N,NORTE,RR,RORAIMA,"TIPO I",TÉRMICA,Gás,"Jaguatirica II",RRJII,UTE.GN.RR.044619-0.01,6872400000
"2022-10-14 03:00:00",N,NORTE,RR,RORAIMA,"TIPO I",TÉRMICA,Gás,"Jaguatirica II",RRJII,UTE.GN.RR.044619-0.01,6875100000
"2022-10-14 04:00:00",N,NORTE,RR,RORAIMA,"TIPO I",TÉRMICA,Gás,"Jaguatirica II",RRJII,UTE.GN.RR.044619-0.01,6875700000
"2022-10-14 05:00:00",N,NORTE,RR,RORAIMA,"TIPO I",TÉRMICA,Gás,"Jaguatirica II",RRJII,UTE.GN.RR.044619-0.01,6874700000
"2022-10-14 06:00:00",N,NORTE,RR,RORAIMA,"TIPO I",TÉRMICA,Gás,"Jaguatirica II",RRJII,UTE.GN.RR.044619-0.01,6877600000
"2022-10-14 07:00:00",N,NORTE,RR,RORAIMA,"TIPO I",TÉRMICA,Gás,"Jaguatirica II",RRJII,UTE.GN.RR.044619-0.01,6872900000
"2022-10-14 08:00:00",N,NORTE,RR,RORAIMA,"TIPO I",TÉRMICA,Gás,"Jaguatirica II",RRJII,UTE.GN.RR.044619-0.01,6879100000
"2022-10-14 09:00:00",N,NORTE,RR,RORAIMA,"TIPO I",TÉRMICA,Gás,"Jaguatirica II",RRJII,UTE.GN.RR.044619-0.01,6875300000
"2022-10-14 10:00:00",N,NORTE,RR,RORAIMA,"TIPO I",TÉRMICA,Gás,"Jaguatirica II",RRJII,UTE.GN.RR.044619-0.01,6877900000
"2022-10-14 11:00:00",N,NORTE,RR,RORAIMA,"TIPO I",TÉRMICA,Gás,"Jaguatirica II",RRJII,UTE.GN.RR.044619-0.01,6904400000
"2022-10-14 12:00:00",N,NORTE,RR,RORAIMA,"TIPO I",TÉRMICA,Gás,"Jaguatirica II",RRJII,UTE.GN.RR.044619-0.01,6881500000
"2022-10-14 13:00:00",N,NORTE,RR,RORAIMA,"TIPO I",TÉRMICA,Gás,"Jaguatirica II",RRJII,UTE.GN.RR.044619-0.01,6879700000
"2022-10-14 14:00:00",N,NORTE,RR,RORAIMA,"TIPO I",TÉRMICA,Gás,"Jaguatirica II",RRJII,UTE.GN.RR.044619-0.01,6854800000
"2022-10-14 15:00:00",N,NORTE,RR,RORAIMA,"TIPO I",TÉRMICA,Gás,"Jaguatirica II",RRJII,UTE.GN.RR.044619-0.01,6810500000
"2022-10-14 16:00:00",N,NORTE,RR,RORAIMA,"TIPO I",TÉRMICA,Gás,"Jaguatirica II",RRJII,UTE.GN.RR.044619-0.01,6755200000
"2022-10-14 17:00:00",N,NORTE,RR,RORAIMA,"TIPO I",TÉRMICA,Gás,"Jaguatirica II",RRJII,UTE.GN.RR.044619-0.01,6879500000
"2022-10-14 18:00:00",N,NORTE,RR,RORAIMA,"TIPO I",TÉRMICA,Gás,"Jaguatirica II",RRJII,UTE.GN.RR.044619-0.01,6905700000
"2022-10-14 19:00:00",N,NORTE,RR,RORAIMA,"TIPO I",TÉRMICA,Gás,"Jaguatirica II",RRJII,UTE.GN.RR.044619-0.01,6897500000
"2022-10-14 20:00:00",N,NORTE,RR,RORAIMA,"TIPO I",TÉRMICA,Gás,"Jaguatirica II",RRJII,UTE.GN.RR.044619-0.01,6893700000
"2022-10-14 21:00:00",N,NORTE,RR,RORAIMA,"TIPO I",TÉRMICA,Gás,"Jaguatirica II",RRJII,UTE.GN.RR.044619-0.01,6895000000
"2022-10-14 22:00:00",N,NORTE,RR,RORAIMA,"TIPO I",TÉRMICA,Gás,"Jaguatirica II",RRJII,UTE.GN.RR.044619-0.01,6892100000
"2022-10-14 23:00:00",N,NORTE,RR,RORAIMA,"TIPO I",TÉRMICA,Gás,"Jaguatirica II",RRJII,UTE.GN.RR.044619-0.01,6886500000
"2022-10-15 00:00:00",N,NORTE,RR,RORAIMA,"TIPO I",TÉRMICA,Gás,"Jaguatirica II",RRJII,UTE.GN.RR.044619-0.01,6887300000
"2022-10-15 01:00:00",N,NORTE,RR,RORAIMA,"TIPO I",TÉRMICA,Gás,"Jaguatirica II",RRJII,UTE.GN.RR.044619-0.01,6886900000
"2022-10-15 02:00:00",N,NORTE,RR,RORAIMA,"TIPO I",TÉRMICA,Gás,"Jaguatirica II",RRJII,UTE.GN.RR.044619-0.01,6885100000
"2022-10-15 03:00:00",N,NORTE,RR,RORAIMA,"TIPO I",TÉRMICA,Gás,"Jaguatirica II",RRJII,UTE.GN.RR.044619-0.01,6882200000
"2022-10-15 04:00:00",N,NORTE,RR,RORAIMA,"TIPO I",TÉRMICA,Gás,"Jaguatirica II",RRJII,UTE.GN.RR.044619-0.01,6879400000
"2022-10-15 05:00:00",N,NORTE,RR,RORAIMA,"TIPO I",TÉRMICA,Gás,"Jaguatirica II",RRJII,UTE.GN.RR.044619-0.01,6873100000
"2022-10-15 06:00:00",N,NORTE,RR,RORAIMA,"TIPO I",TÉRMICA,Gás,"Jaguatirica II",RRJII,UTE.GN.RR.044619-0.01,6876200000
"2022-10-15 07:00:00",N,NORTE,RR,RORAIMA,"TIPO I",TÉRMICA,Gás,"Jaguatirica II",RRJII,UTE.GN.RR.044619-0.01,6876800000
"2022-10-15 08:00:00",N,NORTE,RR,RORAIMA,"TIPO I",TÉRMICA,Gás,"Jaguatirica II",RRJII,UTE.GN.RR.044619-0.01,6876600000
"2022-10-15 09:00:00",N,NORTE,RR,RORAIMA,"TIPO I",TÉRMICA,Gás,"Jaguatirica II",RRJII,UTE.GN.RR.044619-0.01,6875800000
"2022-10-15 10:00:00",N,NORTE,RR,RORAIMA,"TIPO I",TÉRMICA,Gás,"Jaguatirica II",RRJII,UTE.GN.RR.044619-0.01,6869100000
"2022-10-15 11:00:00",N,NORTE,RR,RORAIMA,"TIPO I",TÉRMICA,Gás,"Jaguatirica II",RRJII,UTE.GN.RR.044619-0.01,6888200000
"2022-10-15 12:00:00",N,NORTE,RR,RORAIMA,"TIPO I",TÉRMICA,Gás,"Jaguatirica II",RRJII,UTE.GN.RR.044619-0.01,6883800000
"2022-10-15 13:00:00",N,NORTE,RR,RORAIMA,"TIPO I",TÉRMICA,Gás,"Jaguatirica II",RRJII,UTE.GN.RR.044619-0.01,6898700000
"2022-10-15 14:00:00",N,NORTE,RR,RORAIMA,"TIPO I",TÉRMICA,Gás,"Jaguatirica II",RRJII,UTE.GN.RR.044619-0.01,6912400000
"2022-10-15 15:00:00",N,NORTE,RR,RORAIMA,"TIPO I",TÉRMICA,Gás,"Jaguatirica II",RRJII,UTE.GN.RR.044619-0.01,6896500000
"2022-10-15 16:00:00",N,NORTE,RR,RORAIMA,"TIPO I",TÉRMICA,Gás,"Jaguatirica II",RRJII,UTE.GN.RR.044619-0.01,6872900000
"2022-10-15 17:00:00",N,NORTE,RR,RORAIMA,"TIPO I",TÉRMICA,Gás,"Jaguatirica II",RRJII,UTE.GN.RR.044619-0.01,6903800000
"2022-10-15 18:00:00",N,NORTE,RR,RORAIMA,"TIPO I",TÉRMICA,Gás,"Jaguatirica II",RRJII,UTE.GN.RR.044619-0.01,6890900000
"2022-10-15 19:00:00",N,NORTE,RR,RORAIMA,"TIPO I",TÉRMICA,Gás,"Jaguatirica II",RRJII,UTE.GN.RR.044619-0.01,6907300000
"2022-10-15 20:00:00",N,NORTE,RR,RORAIMA,"TIPO I",TÉRMICA,Gás,"Jaguatirica II",RRJII,UTE.GN.RR.044619-0.01,6899600000
"2022-10-15 21:00:00",N,NORTE,RR,RORAIMA,"TIPO I",TÉRMICA,Gás,"Jaguatirica II",RRJII,UTE.GN.RR.044619-0.01,6895800000
"2022-10-15 22:00:00",N,NORTE,RR,RORAIMA,"TIPO I",TÉRMICA,Gás,"Jaguatirica II",RRJII,UTE.GN.RR.044619-0.01,6891900000
"2022-10-15 23:00:00",N,NORTE,RR,RORAIMA,"TIPO I",TÉRMICA,Gás,"Jaguatirica II",RRJII,UTE.GN.RR.044619-0.01,6889300000
"2022-10-16 00:00:00",N,NORTE,RR,RORAIMA,"TIPO I",TÉRMICA,Gás,"Jaguatirica II",RRJII,UTE.GN.RR.044619-0.01,6888400000
"2022-10-16 01:00:00",N,NORTE,RR,RORAIMA,"TIPO I",TÉRMICA,Gás,"Jaguatirica II",RRJII,UTE.GN.RR.044619-0.01,6885200000
"2022-10-16 02:00:00",N,NORTE,RR,RORAIMA,"TIPO I",TÉRMICA,Gás,"Jaguatirica II",RRJII,UTE.GN.RR.044619-0.01,6883800000
"2022-10-16 03:00:00",N,NORTE,RR,RORAIMA,"TIPO I",TÉRMICA,Gás,"Jaguatirica II",RRJII,UTE.GN.RR.044619-0.01,6894000000
"2022-10-16 04:00:00",N,NORTE,RR,RORAIMA,"TIPO I",TÉRMICA,Gás,"Jaguatirica II",RRJII,UTE.GN.RR.044619-0.01,6901300000
"2022-10-16 05:00:00",N,NORTE,RR,RORAIMA,"TIPO I",TÉRMICA,Gás,"Jaguatirica II",RRJII,UTE.GN.RR.044619-0.01,6905600000
"2022-10-16 06:00:00",N,NORTE,RR,RORAIMA,"TIPO I",TÉRMICA,Gás,"Jaguatirica II",RRJII,UTE.GN.RR.044619-0.01,6906500000
"2022-10-16 07:00:00",N,NORTE,RR,RORAIMA,"TIPO I",TÉRMICA,Gás,"Jaguatirica II",RRJII,UTE.GN.RR.044619-0.01,6905600000
"2022-10-16 08:00:00",N,NORTE,RR,RORAIMA,"TIPO I",TÉRMICA,Gás,"Jaguatirica II",RRJII,UTE.GN.RR.044619-0.01,4965000000
"2022-10-16 09:00:00",N,NORTE,RR,RORAIMA,"TIPO I",TÉRMICA,Gás,"Jaguatirica II",RRJII,UTE.GN.RR.044619-0.01,449300000
"2022-10-16 10:00:00",N,NORTE,RR,RORAIMA,"TIPO I",TÉRMICA,Gás,"Jaguatirica II",RRJII,UTE.GN.RR.044619-0.01,1219800000
"2022-10-16 11:00:00",N,NORTE,RR,RORAIMA,"TIPO I",TÉRMICA,Gás,"Jaguatirica II",RRJII,UTE.GN.RR.044619-0.01,4154400000
"2022-10-16 12:00:00",N,NORTE,RR,RORAIMA,"TIPO I",TÉRMICA,Gás,"Jaguatirica II",RRJII,UTE.GN.RR.044619-0.01,6768700000
"2022-10-16 13:00:00",N,NORTE,RR,RORAIMA,"TIPO I",TÉRMICA,Gás,"Jaguatirica II",RRJII,UTE.GN.RR.044619-0.01,6742900000
"2022-10-16 14:00:00",N,NORTE,RR,RORAIMA,"TIPO I",TÉRMICA,Gás,"Jaguatirica II",RRJII,UTE.GN.RR.044619-0.01,5134400000
"2022-10-16 15:00:00",N,NORTE,RR,RORAIMA,"TIPO I",TÉRMICA,Gás,"Jaguatirica II",RRJII,UTE.GN.RR.044619-0.01,6678000000
"2022-10-16 16:00:00",N,NORTE,RR,RORAIMA,"TIPO I",TÉRMICA,Gás,"Jaguatirica II",RRJII,UTE.GN.RR.044619-0.01,6779200000
"2022-10-16 17:00:00",N,NORTE,RR,RORAIMA,"TIPO I",TÉRMICA,Gás,"Jaguatirica II",RRJII,UTE.GN.RR.044619-0.01,6860900000
"2022-10-16 18:00:00",N,NORTE,RR,RORAIMA,"TIPO I",TÉRMICA,Gás,"Jaguatirica II",RRJII,UTE.GN.RR.044619-0.01,6875500000
"2022-10-16 19:00:00",N,NORTE,RR,RORAIMA,"TIPO I",TÉRMICA,Gás,"Jaguatirica II",RRJII,UTE.GN.RR.044619-0.01,6873900000
"2022-10-16 20:00:00",N,NORTE,RR,RORAIMA,"TIPO I",TÉRMICA,Gás,"Jaguatirica II",RRJII,UTE.GN.RR.044619-0.01,6910000000
"2022-10-16 21:00:00",N,NORTE,RR,RORAIMA,"TIPO I",TÉRMICA,Gás,"Jaguatirica II",RRJII,UTE.GN.RR.044619-0.01,6901100000
"2022-10-16 22:00:00",N,NORTE,RR,RORAIMA,"TIPO I",TÉRMICA,Gás,"Jaguatirica II",RRJII,UTE.GN.RR.044619-0.01,6909000000
"2022-10-16 23:00:00",N,NORTE,RR,RORAIMA,"TIPO I",TÉRMICA,Gás,"Jaguatirica II",RRJII,UTE.GN.RR.044619-0.01,6910500000
"2022-10-17 00:00:00",N,NORTE,RR,RORAIMA,"TIPO I",TÉRMICA,Gás,"Jaguatirica II",RRJII,UTE.GN.RR.044619-0.01,6834000000
"2022-10-17 01:00:00",N,NORTE,RR,RORAIMA,"TIPO I",TÉRMICA,Gás,"Jaguatirica II",RRJII,UTE.GN.RR.044619-0.01,6913300000
"2022-10-17 02:00:00",N,NORTE,RR,RORAIMA,"TIPO I",TÉRMICA,Gás,"Jaguatirica II",RRJII,UTE.GN.RR.044619-0.01,6913100000
"2022-10-17 03:00:00",N,NORTE,RR,RORAIMA,"TIPO I",TÉRMICA,Gás,"Jaguatirica II",RRJII,UTE.GN.RR.044619-0.01,6911000000
"2022-10-17 04:00:00",N,NORTE,RR,RORAIMA,"TIPO I",TÉRMICA,Gás,"Jaguatirica II",RRJII,UTE.GN.RR.044619-0.01,6908600000
"2022-10-17 05:00:00",N,NORTE,RR,RORAIMA,"TIPO I",TÉRMICA,Gás,"Jaguatirica II",RRJII,UTE.GN.RR.044619-0.01,6908100000
"2022-10-17 06:00:00",N,NORTE,RR,RORAIMA,"TIPO I",TÉRMICA,Gás,"Jaguatirica II",RRJII,UTE.GN.RR.044619-0.01,6909400000
"2022-10-17 07:00:00",N,NORTE,RR,RORAIMA,"TIPO I",TÉRMICA,Gás,"Jaguatirica II",RRJII,UTE.GN.RR.044619-0.01,6731200000
"2022-10-17 08:00:00",N,NORTE,RR,RORAIMA,"TIPO I",TÉRMICA,Gás,"Jaguatirica II",RRJII,UTE.GN.RR.044619-0.01,6780700000
"2022-10-17 09:00:00",N,NORTE,RR,RORAIMA,"TIPO I",TÉRMICA,Gás,"Jaguatirica II",RRJII,UTE.GN.RR.044619-0.01,6893200000
"2022-10-17 10:00:00",N,NORTE,RR,RORAIMA,"TIPO I",TÉRMICA,Gás,"Jaguatirica II",RRJII,UTE.GN.RR.044619-0.01,6888600000
"2022-10-17 11:00:00",N,NORTE,RR,RORAIMA,"TIPO I",TÉRMICA,Gás,"Jaguatirica II",RRJII,UTE.GN.RR.044619-0.01,6884300000
"2022-10-17 12:00:00",N,NORTE,RR,RORAIMA,"TIPO I",TÉRMICA,Gás,"Jaguatirica II",RRJII,UTE.GN.RR.044619-0.01,6879900000
"2022-10-17 13:00:00",N,NORTE,RR,RORAIMA,"TIPO I",TÉRMICA,Gás,"Jaguatirica II",RRJII,UTE.GN.RR.044619-0.01,6872300000
"2022-10-17 14:00:00",N,NORTE,RR,RORAIMA,"TIPO I",TÉRMICA,Gás,"Jaguatirica II",RRJII,UTE.GN.RR.044619-0.01,6876000000
"2022-10-17 15:00:00",N,NORTE,RR,RORAIMA,"TIPO I",TÉRMICA,Gás,"Jaguatirica II",RRJII,UTE.GN.RR.044619-0.01,6814600000
"2022-10-17 16:00:00",N,NORTE,RR,RORAIMA,"TIPO I",TÉRMICA,Gás,"Jaguatirica II",RRJII,UTE.GN.RR.044619-0.01,6890000000
"2022-10-17 17:00:00",N,NORTE,RR,RORAIMA,"TIPO I",TÉRMICA,Gás,"Jaguatirica II",RRJII,UTE.GN.RR.044619-0.01,6893200000
"2022-10-17 18:00:00",N,NORTE,RR,RORAIMA,"TIPO I",TÉRMICA,Gás,"Jaguatirica II",RRJII,UTE.GN.RR.044619-0.01,6899600000
"2022-10-17 19:00:00",N,NORTE,RR,RORAIMA,"TIPO I",TÉRMICA,Gás,"Jaguatirica II",RRJII,UTE.GN.RR.044619-0.01,6898400000
"2022-10-17 20:00:00",N,NORTE,RR,RORAIMA,"TIPO I",TÉRMICA,Gás,"Jaguatirica II",RRJII,UTE.GN.RR.044619-0.01,6878100000
"2022-10-17 21:00:00",N,NORTE,RR,RORAIMA,"TIPO I",TÉRMICA,Gás,"Jaguatirica II",RRJII,UTE.GN.RR.044619-0.01,6892100000
"2022-10-17 22:00:00",N,NORTE,RR,RORAIMA,"TIPO I",TÉRMICA,Gás,"Jaguatirica II",RRJII,UTE.GN.RR.044619-0.01,6891900000
"2022-10-17 23:00:00",N,NORTE,RR,RORAIMA,"TIPO I",TÉRMICA,Gás,"Jaguatirica II",RRJII,UTE.GN.RR.044619-0.01,6893400000
"2022-10-18 00:00:00",N,NORTE,RR,RORAIMA,"TIPO I",TÉRMICA,Gás,"Jaguatirica II",RRJII,UTE.GN.RR.044619-0.01,6895600000
"2022-10-18 01:00:00",N,NORTE,RR,RORAIMA,"TIPO I",TÉRMICA,Gás,"Jaguatirica II",RRJII,UTE.GN.RR.044619-0.01,6896900000
"2022-10-18 02:00:00",N,NORTE,RR,RORAIMA,"TIPO I",TÉRMICA,Gás,"Jaguatirica II",RRJII,UTE.GN.RR.044619-0.01,6894500000
"2022-10-18 03:00:00",N,NORTE,RR,RORAIMA,"TIPO I",TÉRMICA,Gás,"Jaguatirica II",RRJII,UTE.GN.RR.044619-0.01,6892700000
"2022-10-18 04:00:00",N,NORTE,RR,RORAIMA,"TIPO I",TÉRMICA,Gás,"Jaguatirica II",RRJII,UTE.GN.RR.044619-0.01,6895100000
"2022-10-18 05:00:00",N,NORTE,RR,RORAIMA,"TIPO I",TÉRMICA,Gás,"Jaguatirica II",RRJII,UTE.GN.RR.044619-0.01,6894800000
"2022-10-18 06:00:00",N,NORTE,RR,RORAIMA,"TIPO I",TÉRMICA,Gás,"Jaguatirica II",RRJII,UTE.GN.RR.044619-0.01,6894600000
"2022-10-18 07:00:00",N,NORTE,RR,RORAIMA,"TIPO I",TÉRMICA,Gás,"Jaguatirica II",RRJII,UTE.GN.RR.044619-0.01,6864000000
"2022-10-18 08:00:00",N,NORTE,RR,RORAIMA,"TIPO I",TÉRMICA,Gás,"Jaguatirica II",RRJII,UTE.GN.RR.044619-0.01,6743900000
"2022-10-18 09:00:00",N,NORTE,RR,RORAIMA,"TIPO I",TÉRMICA,Gás,"Jaguatirica II",RRJII,UTE.GN.RR.044619-0.01,6654400000
"2022-10-18 10:00:00",N,NORTE,RR,RORAIMA,"TIPO I",TÉRMICA,Gás,"Jaguatirica II",RRJII,UTE.GN.RR.044619-0.01,6555700000
"2022-10-18 11:00:00",N,NORTE,RR,RORAIMA,"TIPO I",TÉRMICA,Gás,"Jaguatirica II",RRJII,UTE.GN.RR.044619-0.01,6463100000
"2022-10-18 12:00:00",N,NORTE,RR,RORAIMA,"TIPO I",TÉRMICA,Gás,"Jaguatirica II",RRJII,UTE.GN.RR.044619-0.01,6447300000
"2022-10-18 13:00:00",N,NORTE,RR,RORAIMA,"TIPO I",TÉRMICA,Gás,"Jaguatirica II",RRJII,UTE.GN.RR.044619-0.01,6303100000
"2022-10-18 14:00:00",N,NORTE,RR,RORAIMA,"TIPO I",TÉRMICA,Gás,"Jaguatirica II",RRJII,UTE.GN.RR.044619-0.01,6164900000
"2022-10-18 15:00:00",N,NORTE,RR,RORAIMA,"TIPO I",TÉRMICA,Gás,"Jaguatirica II",RRJII,UTE.GN.RR.044619-0.01,5972800000
"2022-10-18 16:00:00",N,NORTE,RR,RORAIMA,"TIPO I",TÉRMICA,Gás,"Jaguatirica II",RRJII,UTE.GN.RR.044619-0.01,5696900000
"2022-10-18 17:00:00",N,NORTE,RR,RORAIMA,"TIPO I",TÉRMICA,Gás,"Jaguatirica II",RRJII,UTE.GN.RR.044619-0.01,4712200000
"2022-10-18 18:00:00",N,NORTE,RR,RORAIMA,"TIPO I",TÉRMICA,Gás,"Jaguatirica II",RRJII,UTE.GN.RR.044619-0.01,3839800000
"2022-10-18 19:00:00",N,NORTE,RR,RORAIMA,"TIPO I",TÉRMICA,Gás,"Jaguatirica II",RRJII,UTE.GN.RR.044619-0.01,3848900000
"2022-10-18 20:00:00",N,NORTE,RR,RORAIMA,"TIPO I",TÉRMICA,Gás,"Jaguatirica II",RRJII,UTE.GN.RR.044619-0.01,3848800000
"2022-10-18 21:00:00",N,NORTE,RR,RORAIMA,"TIPO I",TÉRMICA,Gás,"Jaguatirica II",RRJII,UTE.GN.RR.044619-0.01,3844300000
"2022-10-18 22:00:00",N,NORTE,RR,RORAIMA,"TIPO I",TÉRMICA,Gás,"Jaguatirica II",RRJII,UTE.GN.RR.044619-0.01,3851100000
"2022-10-18 23:00:00",N,NORTE,RR,RORAIMA,"TIPO I",TÉRMICA,Gás,"Jaguatirica II",RRJII,UTE.GN.RR.044619-0.01,3852300000
"2022-10-19 00:00:00",N,NORTE,RR,RORAIMA,"TIPO I",TÉRMICA,Gás,"Jaguatirica II",RRJII,UTE.GN.RR.044619-0.01,3851200000
"2022-10-19 01:00:00",N,NORTE,RR,RORAIMA,"TIPO I",TÉRMICA,Gás,"Jaguatirica II",RRJII,UTE.GN.RR.044619-0.01,3848600000
"2022-10-19 02:00:00",N,NORTE,RR,RORAIMA,"TIPO I",TÉRMICA,Gás,"Jaguatirica II",RRJII,UTE.GN.RR.044619-0.01,3845500000
"2022-10-19 03:00:00",N,NORTE,RR,RORAIMA,"TIPO I",TÉRMICA,Gás,"Jaguatirica II",RRJII,UTE.GN.RR.044619-0.01,3849900000
"2022-10-19 04:00:00",N,NORTE,RR,RORAIMA,"TIPO I",TÉRMICA,Gás,"Jaguatirica II",RRJII,UTE.GN.RR.044619-0.01,3850600000
"2022-10-19 05:00:00",N,NORTE,RR,RORAIMA,"TIPO I",TÉRMICA,Gás,"Jaguatirica II",RRJII,UTE.GN.RR.044619-0.01,3851500000
"2022-10-19 06:00:00",N,NORTE,RR,RORAIMA,"TIPO I",TÉRMICA,Gás,"Jaguatirica II",RRJII,UTE.GN.RR.044619-0.01,3850600000
"2022-10-19 07:00:00",N,NORTE,RR,RORAIMA,"TIPO I",TÉRMICA,Gás,"Jaguatirica II",RRJII,UTE.GN.RR.044619-0.01,3889000000
"2022-10-19 08:00:00",N,NORTE,RR,RORAIMA,"TIPO I",TÉRMICA,Gás,"Jaguatirica II",RRJII,UTE.GN.RR.044619-0.01,3897900000
"2022-10-19 09:00:00",N,NORTE,RR,RORAIMA,"TIPO I",TÉRMICA,Gás,"Jaguatirica II",RRJII,UTE.GN.RR.044619-0.01,3890300000
"2022-10-19 10:00:00",N,NORTE,RR,RORAIMA,"TIPO I",TÉRMICA,Gás,"Jaguatirica II",RRJII,UTE.GN.RR.044619-0.01,3951400000
"2022-10-19 11:00:00",N,NORTE,RR,RORAIMA,"TIPO I",TÉRMICA,Gás,"Jaguatirica II",RRJII,UTE.GN.RR.044619-0.01,3953800000
"2022-10-19 12:00:00",N,NORTE,RR,RORAIMA,"TIPO I",TÉRMICA,Gás,"Jaguatirica II",RRJII,UTE.GN.RR.044619-0.01,3888100000
"2022-10-19 13:00:00",N,NORTE,RR,RORAIMA,"TIPO I",TÉRMICA,Gás,"Jaguatirica II",RRJII,UTE.GN.RR.044619-0.01,3895500000
"2022-10-19 14:00:00",N,NORTE,RR,RORAIMA,"TIPO I",TÉRMICA,Gás,"Jaguatirica II",RRJII,UTE.GN.RR.044619-0.01,3898200000
"2022-10-19 15:00:00",N,NORTE,RR,RORAIMA,"TIPO I",TÉRMICA,Gás,"Jaguatirica II",RRJII,UTE.GN.RR.044619-0.01,3896300000
"2022-10-19 16:00:00",N,NORTE,RR,RORAIMA,"TIPO I",TÉRMICA,Gás,"Jaguatirica II",RRJII,UTE.GN.RR.044619-0.01,3897200000
"2022-10-19 17:00:00",N,NORTE,RR,RORAIMA,"TIPO I",TÉRMICA,Gás,"Jaguatirica II",RRJII,UTE.GN.RR.044619-0.01,3897800000
"2022-10-19 18:00:00",N,NORTE,RR,RORAIMA,"TIPO I",TÉRMICA,Gás,"Jaguatirica II",RRJII,UTE.GN.RR.044619-0.01,4010100000
"2022-10-19 19:00:00",N,NORTE,RR,RORAIMA,"TIPO I",TÉRMICA,Gás,"Jaguatirica II",RRJII,UTE.GN.RR.044619-0.01,4644800000
"2022-10-19 20:00:00",N,NORTE,RR,RORAIMA,"TIPO I",TÉRMICA,Gás,"Jaguatirica II",RRJII,UTE.GN.RR.044619-0.01,5998000000
"2022-10-19 21:00:00",N,NORTE,RR,RORAIMA,"TIPO I",TÉRMICA,Gás,"Jaguatirica II",RRJII,UTE.GN.RR.044619-0.01,6858600000
"2022-10-19 22:00:00",N,NORTE,RR,RORAIMA,"TIPO I",TÉRMICA,Gás,"Jaguatirica II",RRJII,UTE.GN.RR.044619-0.01,6860000000
"2022-10-19 23:00:00",N,NORTE,RR,RORAIMA,"TIPO I",TÉRMICA,Gás,"Jaguatirica II",RRJII,UTE.GN.RR.044619-0.01,6858400000
"2022-10-20 00:00:00",N,NORTE,RR,RORAIMA,"TIPO I",TÉRMICA,Gás,"Jaguatirica II",RRJII,UTE.GN.RR.044619-0.01,6881100000
"2022-10-20 01:00:00",N,NORTE,RR,RORAIMA,"TIPO I",TÉRMICA,Gás,"Jaguatirica II",RRJII,UTE.GN.RR.044619-0.01,6894600000
"2022-10-20 02:00:00",N,NORTE,RR,RORAIMA,"TIPO I",TÉRMICA,Gás,"Jaguatirica II",RRJII,UTE.GN.RR.044619-0.01,6896100000
"2022-10-20 03:00:00",N,NORTE,RR,RORAIMA,"TIPO I",TÉRMICA,Gás,"Jaguatirica II",RRJII,UTE.GN.RR.044619-0.01,6894700000
"2022-10-20 04:00:00",N,NORTE,RR,RORAIMA,"TIPO I",TÉRMICA,Gás,"Jaguatirica II",RRJII,UTE.GN.RR.044619-0.01,6895200000
"2022-10-20 05:00:00",N,NORTE,RR,RORAIMA,"TIPO I",TÉRMICA,Gás,"Jaguatirica II",RRJII,UTE.GN.RR.044619-0.01,6895800000
"2022-10-20 06:00:00",N,NORTE,RR,RORAIMA,"TIPO I",TÉRMICA,Gás,"Jaguatirica II",RRJII,UTE.GN.RR.044619-0.01,6878800000
"2022-10-20 07:00:00",N,NORTE,RR,RORAIMA,"TIPO I",TÉRMICA,Gás,"Jaguatirica II",RRJII,UTE.GN.RR.044619-0.01,6650700000
"2022-10-20 08:00:00",N,NORTE,RR,RORAIMA,"TIPO I",TÉRMICA,Gás,"Jaguatirica II",RRJII,UTE.GN.RR.044619-0.01,6456200000
"2022-10-20 09:00:00",N,NORTE,RR,RORAIMA,"TIPO I",TÉRMICA,Gás,"Jaguatirica II",RRJII,UTE.GN.RR.044619-0.01,6452500000
"2022-10-20 10:00:00",N,NORTE,RR,RORAIMA,"TIPO I",TÉRMICA,Gás,"Jaguatirica II",RRJII,UTE.GN.RR.044619-0.01,6797400000
"2022-10-20 11:00:00",N,NORTE,RR,RORAIMA,"TIPO I",TÉRMICA,Gás,"Jaguatirica II",RRJII,UTE.GN.RR.044619-0.01,6870200000
"2022-10-20 12:00:00",N,NORTE,RR,RORAIMA,"TIPO I",TÉRMICA,Gás,"Jaguatirica II",RRJII,UTE.GN.RR.044619-0.01,6878800000
"2022-10-20 13:00:00",N,NORTE,RR,RORAIMA,"TIPO I",TÉRMICA,Gás,"Jaguatirica II",RRJII,UTE.GN.RR.044619-0.01,6896800000
"2022-10-20 14:00:00",N,NORTE,RR,RORAIMA,"TIPO I",TÉRMICA,Gás,"Jaguatirica II",RRJII,UTE.GN.RR.044619-0.01,6890700000
"2022-10-20 15:00:00",N,NORTE,RR,RORAIMA,"TIPO I",TÉRMICA,Gás,"Jaguatirica II",RRJII,UTE.GN.RR.044619-0.01,6858100000
"2022-10-20 16:00:00",N,NORTE,RR,RORAIMA,"TIPO I",TÉRMICA,Gás,"Jaguatirica II",RRJII,UTE.GN.RR.044619-0.01,6834500000
"2022-10-20 17:00:00",N,NORTE,RR,RORAIMA,"TIPO I",TÉRMICA,Gás,"Jaguatirica II",RRJII,UTE.GN.RR.044619-0.01,6870300000
"2022-10-20 18:00:00",N,NORTE,RR,RORAIMA,"TIPO I",TÉRMICA,Gás,"Jaguatirica II",RRJII,UTE.GN.RR.044619-0.01,6873400000
"2022-10-20 19:00:00",N,NORTE,RR,RORAIMA,"TIPO I",TÉRMICA,Gás,"Jaguatirica II",RRJII,UTE.GN.RR.044619-0.01,6863400000
"2022-10-20 20:00:00",N,NORTE,RR,RORAIMA,"TIPO I",TÉRMICA,Gás,"Jaguatirica II",RRJII,UTE.GN.RR.044619-0.01,6863500000
"2022-10-20 21:00:00",N,NORTE,RR,RORAIMA,"TIPO I",TÉRMICA,Gás,"Jaguatirica II",RRJII,UTE.GN.RR.044619-0.01,6890600000
"2022-10-20 22:00:00",N,NORTE,RR,RORAIMA,"TIPO I",TÉRMICA,Gás,"Jaguatirica II",RRJII,UTE.GN.RR.044619-0.01,6889000000
"2022-10-20 23:00:00",N,NORTE,RR,RORAIMA,"TIPO I",TÉRMICA,Gás,"Jaguatirica II",RRJII,UTE.GN.RR.044619-0.01,6888700000
"2022-10-21 00:00:00",N,NORTE,RR,RORAIMA,"TIPO I",TÉRMICA,Gás,"Jaguatirica II",RRJII,UTE.GN.RR.044619-0.01,6885900000
"2022-10-21 01:00:00",N,NORTE,RR,RORAIMA,"TIPO I",TÉRMICA,Gás,"Jaguatirica II",RRJII,UTE.GN.RR.044619-0.01,6882700000
"2022-10-21 02:00:00",N,NORTE,RR,RORAIMA,"TIPO I",TÉRMICA,Gás,"Jaguatirica II",RRJII,UTE.GN.RR.044619-0.01,6883600000
"2022-10-21 03:00:00",N,NORTE,RR,RORAIMA,"TIPO I",TÉRMICA,Gás,"Jaguatirica II",RRJII,UTE.GN.RR.044619-0.01,6879900000
"2022-10-21 04:00:00",N,NORTE,RR,RORAIMA,"TIPO I",TÉRMICA,Gás,"Jaguatirica II",RRJII,UTE.GN.RR.044619-0.01,6849600000
"2022-10-21 05:00:00",N,NORTE,RR,RORAIMA,"TIPO I",TÉRMICA,Gás,"Jaguatirica II",RRJII,UTE.GN.RR.044619-0.01,6669300000
"2022-10-21 06:00:00",N,NORTE,RR,RORAIMA,"TIPO I",TÉRMICA,Gás,"Jaguatirica II",RRJII,UTE.GN.RR.044619-0.01,5624900000
"2022-10-21 07:00:00",N,NORTE,RR,RORAIMA,"TIPO I",TÉRMICA,Gás,"Jaguatirica II",RRJII,UTE.GN.RR.044619-0.01,3166900000
"2022-10-21 08:00:00",N,NORTE,RR,RORAIMA,"TIPO I",TÉRMICA,Gás,"Jaguatirica II",RRJII,UTE.GN.RR.044619-0.01,3008800000
"2022-10-21 09:00:00",N,NORTE,RR,RORAIMA,"TIPO I",TÉRMICA,Gás,"Jaguatirica II",RRJII,UTE.GN.RR.044619-0.01,3597600000
"2022-10-21 10:00:00",N,NORTE,RR,RORAIMA,"TIPO I",TÉRMICA,Gás,"Jaguatirica II",RRJII,UTE.GN.RR.044619-0.01,3798800000
"2022-10-21 11:00:00",N,NORTE,RR,RORAIMA,"TIPO I",TÉRMICA,Gás,"Jaguatirica II",RRJII,UTE.GN.RR.044619-0.01,3798200000
"2022-10-21 12:00:00",N,NORTE,RR,RORAIMA,"TIPO I",TÉRMICA,Gás,"Jaguatirica II",RRJII,UTE.GN.RR.044619-0.01,3795500000
"2022-10-21 13:00:00",N,NORTE,RR,RORAIMA,"TIPO I",TÉRMICA,Gás,"Jaguatirica II",RRJII,UTE.GN.RR.044619-0.01,3795700000
"2022-10-21 14:00:00",N,NORTE,RR,RORAIMA,"TIPO I",TÉRMICA,Gás,"Jaguatirica II",RRJII,UTE.GN.RR.044619-0.01,3939000000
"2022-10-21 15:00:00",N,NORTE,RR,RORAIMA,"TIPO I",TÉRMICA,Gás,"Jaguatirica II",RRJII,UTE.GN.RR.044619-0.01,3798000000
"2022-10-21 16:00:00",N,NORTE,RR,RORAIMA,"TIPO I",TÉRMICA,Gás,"Jaguatirica II",RRJII,UTE.GN.RR.044619-0.01,3804200000
"2022-10-21 17:00:00",N,NORTE,RR,RORAIMA,"TIPO I",TÉRMICA,Gás,"Jaguatirica II",RRJII,UTE.GN.RR.044619-0.01,3800800000
"2022-10-21 18:00:00",N,NORTE,RR,RORAIMA,"TIPO I",TÉRMICA,Gás,"Jaguatirica II",RRJII,UTE.GN.RR.044619-0.01,5975000000
"2022-10-21 19:00:00",N,NORTE,RR,RORAIMA,"TIPO I",TÉRMICA,Gás,"Jaguatirica II",RRJII,UTE.GN.RR.044619-0.01,6881500000
"2022-10-21 20:00:00",N,NORTE,RR,RORAIMA,"TIPO I",TÉRMICA,Gás,"Jaguatirica II",RRJII,UTE.GN.RR.044619-0.01,6882800000
"2022-10-21 21:00:00",N,NORTE,RR,RORAIMA,"TIPO I",TÉRMICA,Gás,"Jaguatirica II",RRJII,UTE.GN.RR.044619-0.01,6892100000
"2022-10-21 22:00:00",N,NORTE,RR,RORAIMA,"TIPO I",TÉRMICA,Gás,"Jaguatirica II",RRJII,UTE.GN.RR.044619-0.01,6893700000
"2022-10-21 23:00:00",N,NORTE,RR,RORAIMA,"TIPO I",TÉRMICA,Gás,"Jaguatirica II",RRJII,UTE.GN.RR.044619-0.01,6896400000
"2022-10-22 00:00:00",N,NORTE,RR,RORAIMA,"TIPO I",TÉRMICA,Gás,"Jaguatirica II",RRJII,UTE.GN.RR.044619-0.01,6893500000
"2022-10-22 01:00:00",N,NORTE,RR,RORAIMA,"TIPO I",TÉRMICA,Gás,"Jaguatirica II",RRJII,UTE.GN.RR.044619-0.01,6887100000
"2022-10-22 02:00:00",N,NORTE,RR,RORAIMA,"TIPO I",TÉRMICA,Gás,"Jaguatirica II",RRJII,UTE.GN.RR.044619-0.01,6885800000
"2022-10-22 03:00:00",N,NORTE,RR,RORAIMA,"TIPO I",TÉRMICA,Gás,"Jaguatirica II",RRJII,UTE.GN.RR.044619-0.01,6885100000
"2022-10-22 04:00:00",N,NORTE,RR,RORAIMA,"TIPO I",TÉRMICA,Gás,"Jaguatirica II",RRJII,UTE.GN.RR.044619-0.01,6881700000
"2022-10-22 05:00:00",N,NORTE,RR,RORAIMA,"TIPO I",TÉRMICA,Gás,"Jaguatirica II",RRJII,UTE.GN.RR.044619-0.01,6879400000
"2022-10-22 06:00:00",N,NORTE,RR,RORAIMA,"TIPO I",TÉRMICA,Gás,"Jaguatirica II",RRJII,UTE.GN.RR.044619-0.01,6880700000
"2022-10-22 07:00:00",N,NORTE,RR,RORAIMA,"TIPO I",TÉRMICA,Gás,"Jaguatirica II",RRJII,UTE.GN.RR.044619-0.01,6879500000
"2022-10-22 08:00:00",N,NORTE,RR,RORAIMA,"TIPO I",TÉRMICA,Gás,"Jaguatirica II",RRJII,UTE.GN.RR.044619-0.01,6886800000
"2022-10-22 09:00:00",N,NORTE,RR,RORAIMA,"TIPO I",TÉRMICA,Gás,"Jaguatirica II",RRJII,UTE.GN.RR.044619-0.01,6882500000
"2022-10-22 10:00:00",N,NORTE,RR,RORAIMA,"TIPO I",TÉRMICA,Gás,"Jaguatirica II",RRJII,UTE.GN.RR.044619-0.01,6889700000
"2022-10-22 11:00:00",N,NORTE,RR,RORAIMA,"TIPO I",TÉRMICA,Gás,"Jaguatirica II",RRJII,UTE.GN.RR.044619-0.01,6901600000
"2022-10-22 12:00:00",N,NORTE,RR,RORAIMA,"TIPO I",TÉRMICA,Gás,"Jaguatirica II",RRJII,UTE.GN.RR.044619-0.01,6887400000
"2022-10-22 13:00:00",N,NORTE,RR,RORAIMA,"TIPO I",TÉRMICA,Gás,"Jaguatirica II",RRJII,UTE.GN.RR.044619-0.01,6863500000
"2022-10-22 14:00:00",N,NORTE,RR,RORAIMA,"TIPO I",TÉRMICA,Gás,"Jaguatirica II",RRJII,UTE.GN.RR.044619-0.01,6794200000
"2022-10-22 15:00:00",N,NORTE,RR,RORAIMA,"TIPO I",TÉRMICA,Gás,"Jaguatirica II",RRJII,UTE.GN.RR.044619-0.01,6749200000
"2022-10-22 16:00:00",N,NORTE,RR,RORAIMA,"TIPO I",TÉRMICA,Gás,"Jaguatirica II",RRJII,UTE.GN.RR.044619-0.01,6703500000
"2022-10-22 17:00:00",N,NORTE,RR,RORAIMA,"TIPO I",TÉRMICA,Gás,"Jaguatirica II",RRJII,UTE.GN.RR.044619-0.01,6714600000
"2022-10-22 18:00:00",N,NORTE,RR,RORAIMA,"TIPO I",TÉRMICA,Gás,"Jaguatirica II",RRJII,UTE.GN.RR.044619-0.01,6799200000
"2022-10-22 19:00:00",N,NORTE,RR,RORAIMA,"TIPO I",TÉRMICA,Gás,"Jaguatirica II",RRJII,UTE.GN.RR.044619-0.01,6895500000
"2022-10-22 20:00:00",N,NORTE,RR,RORAIMA,"TIPO I",TÉRMICA,Gás,"Jaguatirica II",RRJII,UTE.GN.RR.044619-0.01,6902600000
"2022-10-22 21:00:00",N,NORTE,RR,RORAIMA,"TIPO I",TÉRMICA,Gás,"Jaguatirica II",RRJII,UTE.GN.RR.044619-0.01,6896800000
"2022-10-22 22:00:00",N,NORTE,RR,RORAIMA,"TIPO I",TÉRMICA,Gás,"Jaguatirica II",RRJII,UTE.GN.RR.044619-0.01,6910700000
"2022-10-22 23:00:00",N,NORTE,RR,RORAIMA,"TIPO I",TÉRMICA,Gás,"Jaguatirica II",RRJII,UTE.GN.RR.044619-0.01,6903500000
"2022-10-23 00:00:00",N,NORTE,RR,RORAIMA,"TIPO I",TÉRMICA,Gás,"Jaguatirica II",RRJII,UTE.GN.RR.044619-0.01,6907100000
"2022-10-23 01:00:00",N,NORTE,RR,RORAIMA,"TIPO I",TÉRMICA,Gás,"Jaguatirica II",RRJII,UTE.GN.RR.044619-0.01,6907300000
"2022-10-23 02:00:00",N,NORTE,RR,RORAIMA,"TIPO I",TÉRMICA,Gás,"Jaguatirica II",RRJII,UTE.GN.RR.044619-0.01,6909300000
"2022-10-23 03:00:00",N,NORTE,RR,RORAIMA,"TIPO I",TÉRMICA,Gás,"Jaguatirica II",RRJII,UTE.GN.RR.044619-0.01,6905600000
"2022-10-23 04:00:00",N,NORTE,RR,RORAIMA,"TIPO I",TÉRMICA,Gás,"Jaguatirica II",RRJII,UTE.GN.RR.044619-0.01,6897900000
"2022-10-23 05:00:00",N,NORTE,RR,RORAIMA,"TIPO I",TÉRMICA,Gás,"Jaguatirica II",RRJII,UTE.GN.RR.044619-0.01,6892800000
"2022-10-23 06:00:00",N,NORTE,RR,RORAIMA,"TIPO I",TÉRMICA,Gás,"Jaguatirica II",RRJII,UTE.GN.RR.044619-0.01,6904800000
"2022-10-23 07:00:00",N,NORTE,RR,RORAIMA,"TIPO I",TÉRMICA,Gás,"Jaguatirica II",RRJII,UTE.GN.RR.044619-0.01,6904200000
"2022-10-23 08:00:00",N,NORTE,RR,RORAIMA,"TIPO I",TÉRMICA,Gás,"Jaguatirica II",RRJII,UTE.GN.RR.044619-0.01,6893600000
"2022-10-23 09:00:00",N,NORTE,RR,RORAIMA,"TIPO I",TÉRMICA,Gás,"Jaguatirica II",RRJII,UTE.GN.RR.044619-0.01,6906800000
"2022-10-23 10:00:00",N,NORTE,RR,RORAIMA,"TIPO I",TÉRMICA,Gás,"Jaguatirica II",RRJII,UTE.GN.RR.044619-0.01,6901300000
"2022-10-23 11:00:00",N,NORTE,RR,RORAIMA,"TIPO I",TÉRMICA,Gás,"Jaguatirica II",RRJII,UTE.GN.RR.044619-0.01,6884400000
"2022-10-23 12:00:00",N,NORTE,RR,RORAIMA,"TIPO I",TÉRMICA,Gás,"Jaguatirica II",RRJII,UTE.GN.RR.044619-0.01,6873200000
"2022-10-23 13:00:00",N,NORTE,RR,RORAIMA,"TIPO I",TÉRMICA,Gás,"Jaguatirica II",RRJII,UTE.GN.RR.044619-0.01,6861900000
"2022-10-23 14:00:00",N,NORTE,RR,RORAIMA,"TIPO I",TÉRMICA,Gás,"Jaguatirica II",RRJII,UTE.GN.RR.044619-0.01,6846400000
"2022-10-23 15:00:00",N,NORTE,RR,RORAIMA,"TIPO I",TÉRMICA,Gás,"Jaguatirica II",RRJII,UTE.GN.RR.044619-0.01,6895200000
"2022-10-23 16:00:00",N,NORTE,RR,RORAIMA,"TIPO I",TÉRMICA,Gás,"Jaguatirica II",RRJII,UTE.GN.RR.044619-0.01,6899600000
"2022-10-23 17:00:00",N,NORTE,RR,RORAIMA,"TIPO I",TÉRMICA,Gás,"Jaguatirica II",RRJII,UTE.GN.RR.044619-0.01,6877900000
"2022-10-23 18:00:00",N,NORTE,RR,RORAIMA,"TIPO I",TÉRMICA,Gás,"Jaguatirica II",RRJII,UTE.GN.RR.044619-0.01,6863300000
"2022-10-23 19:00:00",N,NORTE,RR,RORAIMA,"TIPO I",TÉRMICA,Gás,"Jaguatirica II",RRJII,UTE.GN.RR.044619-0.01,6855900000
"2022-10-23 20:00:00",N,NORTE,RR,RORAIMA,"TIPO I",TÉRMICA,Gás,"Jaguatirica II",RRJII,UTE.GN.RR.044619-0.01,6899600000
"2022-10-23 21:00:00",N,NORTE,RR,RORAIMA,"TIPO I",TÉRMICA,Gás,"Jaguatirica II",RRJII,UTE.GN.RR.044619-0.01,6911800000
"2022-10-23 22:00:00",N,NORTE,RR,RORAIMA,"TIPO I",TÉRMICA,Gás,"Jaguatirica II",RRJII,UTE.GN.RR.044619-0.01,6911100000
"2022-10-23 23:00:00",N,NORTE,RR,RORAIMA,"TIPO I",TÉRMICA,Gás,"Jaguatirica II",RRJII,UTE.GN.RR.044619-0.01,6912900000
"2022-10-24 00:00:00",N,NORTE,RR,RORAIMA,"TIPO I",TÉRMICA,Gás,"Jaguatirica II",RRJII,UTE.GN.RR.044619-0.01,6911700000
"2022-10-24 01:00:00",N,NORTE,RR,RORAIMA,"TIPO I",TÉRMICA,Gás,"Jaguatirica II",RRJII,UTE.GN.RR.044619-0.01,6910800000
"2022-10-24 02:00:00",N,NORTE,RR,RORAIMA,"TIPO I",TÉRMICA,Gás,"Jaguatirica II",RRJII,UTE.GN.RR.044619-0.01,6911000000
"2022-10-24 03:00:00",N,NORTE,RR,RORAIMA,"TIPO I",TÉRMICA,Gás,"Jaguatirica II",RRJII,UTE.GN.RR.044619-0.01,6908900000
"2022-10-24 04:00:00",N,NORTE,RR,RORAIMA,"TIPO I",TÉRMICA,Gás,"Jaguatirica II",RRJII,UTE.GN.RR.044619-0.01,6909500000
"2022-10-24 05:00:00",N,NORTE,RR,RORAIMA,"TIPO I",TÉRMICA,Gás,"Jaguatirica II",RRJII,UTE.GN.RR.044619-0.01,6910400000
"2022-10-24 06:00:00",N,NORTE,RR,RORAIMA,"TIPO I",TÉRMICA,Gás,"Jaguatirica II",RRJII,UTE.GN.RR.044619-0.01,6907700000
"2022-10-24 07:00:00",N,NORTE,RR,RORAIMA,"TIPO I",TÉRMICA,Gás,"Jaguatirica II",RRJII,UTE.GN.RR.044619-0.01,6905200000
"2022-10-24 08:00:00",N,NORTE,RR,RORAIMA,"TIPO I",TÉRMICA,Gás,"Jaguatirica II",RRJII,UTE.GN.RR.044619-0.01,6884600000
"2022-10-24 09:00:00",N,NORTE,RR,RORAIMA,"TIPO I",TÉRMICA,Gás,"Jaguatirica II",RRJII,UTE.GN.RR.044619-0.01,6876900000
"2022-10-24 10:00:00",N,NORTE,RR,RORAIMA,"TIPO I",TÉRMICA,Gás,"Jaguatirica II",RRJII,UTE.GN.RR.044619-0.01,6880300000
"2022-10-24 11:00:00",N,NORTE,RR,RORAIMA,"TIPO I",TÉRMICA,Gás,"Jaguatirica II",RRJII,UTE.GN.RR.044619-0.01,6893900000
"2022-10-24 12:00:00",N,NORTE,RR,RORAIMA,"TIPO I",TÉRMICA,Gás,"Jaguatirica II",RRJII,UTE.GN.RR.044619-0.01,6889000000
"2022-10-24 13:00:00",N,NORTE,RR,RORAIMA,"TIPO I",TÉRMICA,Gás,"Jaguatirica II",RRJII,UTE.GN.RR.044619-0.01,6861600000
"2022-10-24 14:00:00",N,NORTE,RR,RORAIMA,"TIPO I",TÉRMICA,Gás,"Jaguatirica II",RRJII,UTE.GN.RR.044619-0.01,6856400000
"2022-10-24 15:00:00",N,NORTE,RR,RORAIMA,"TIPO I",TÉRMICA,Gás,"Jaguatirica II",RRJII,UTE.GN.RR.044619-0.01,6799600000
"2022-10-24 16:00:00",N,NORTE,RR,RORAIMA,"TIPO I",TÉRMICA,Gás,"Jaguatirica II",RRJII,UTE.GN.RR.044619-0.01,6796100000
"2022-10-24 17:00:00",N,NORTE,RR,RORAIMA,"TIPO I",TÉRMICA,Gás,"Jaguatirica II",RRJII,UTE.GN.RR.044619-0.01,6892400000
"2022-10-24 18:00:00",N,NORTE,RR,RORAIMA,"TIPO I",TÉRMICA,Gás,"Jaguatirica II",RRJII,UTE.GN.RR.044619-0.01,6871400000
"2022-10-24 19:00:00",N,NORTE,RR,RORAIMA,"TIPO I",TÉRMICA,Gás,"Jaguatirica II",RRJII,UTE.GN.RR.044619-0.01,6873200000
"2022-10-24 20:00:00",N,NORTE,RR,RORAIMA,"TIPO I",TÉRMICA,Gás,"Jaguatirica II",RRJII,UTE.GN.RR.044619-0.01,6886500000
"2022-10-24 21:00:00",N,NORTE,RR,RORAIMA,"TIPO I",TÉRMICA,Gás,"Jaguatirica II",RRJII,UTE.GN.RR.044619-0.01,6892800000
"2022-10-24 22:00:00",N,NORTE,RR,RORAIMA,"TIPO I",TÉRMICA,Gás,"Jaguatirica II",RRJII,UTE.GN.RR.044619-0.01,6901400000
"2022-10-24 23:00:00",N,NORTE,RR,RORAIMA,"TIPO I",TÉRMICA,Gás,"Jaguatirica II",RRJII,UTE.GN.RR.044619-0.01,6902700000
"2022-10-25 00:00:00",N,NORTE,RR,RORAIMA,"TIPO I",TÉRMICA,Gás,"Jaguatirica II",RRJII,UTE.GN.RR.044619-0.01,6906400000
"2022-10-25 01:00:00",N,NORTE,RR,RORAIMA,"TIPO I",TÉRMICA,Gás,"Jaguatirica II",RRJII,UTE.GN.RR.044619-0.01,6905400000
"2022-10-25 02:00:00",N,NORTE,RR,RORAIMA,"TIPO I",TÉRMICA,Gás,"Jaguatirica II",RRJII,UTE.GN.RR.044619-0.01,6885000000
"2022-10-25 03:00:00",N,NORTE,RR,RORAIMA,"TIPO I",TÉRMICA,Gás,"Jaguatirica II",RRJII,UTE.GN.RR.044619-0.01,6877400000
"2022-10-25 04:00:00",N,NORTE,RR,RORAIMA,"TIPO I",TÉRMICA,Gás,"Jaguatirica II",RRJII,UTE.GN.RR.044619-0.01,6904500000
"2022-10-25 05:00:00",N,NORTE,RR,RORAIMA,"TIPO I",TÉRMICA,Gás,"Jaguatirica II",RRJII,UTE.GN.RR.044619-0.01,6903800000
"2022-10-25 06:00:00",N,NORTE,RR,RORAIMA,"TIPO I",TÉRMICA,Gás,"Jaguatirica II",RRJII,UTE.GN.RR.044619-0.01,6907800000
"2022-10-25 07:00:00",N,NORTE,RR,RORAIMA,"TIPO I",TÉRMICA,Gás,"Jaguatirica II",RRJII,UTE.GN.RR.044619-0.01,6909200000
"2022-10-25 08:00:00",N,NORTE,RR,RORAIMA,"TIPO I",TÉRMICA,Gás,"Jaguatirica II",RRJII,UTE.GN.RR.044619-0.01,6914200000
"2022-10-25 09:00:00",N,NORTE,RR,RORAIMA,"TIPO I",TÉRMICA,Gás,"Jaguatirica II",RRJII,UTE.GN.RR.044619-0.01,6909500000
"2022-10-25 10:00:00",N,NORTE,RR,RORAIMA,"TIPO I",TÉRMICA,Gás,"Jaguatirica II",RRJII,UTE.GN.RR.044619-0.01,6910600000
"2022-10-25 11:00:00",N,NORTE,RR,RORAIMA,"TIPO I",TÉRMICA,Gás,"Jaguatirica II",RRJII,UTE.GN.RR.044619-0.01,6905200000
"2022-10-25 12:00:00",N,NORTE,RR,RORAIMA,"TIPO I",TÉRMICA,Gás,"Jaguatirica II",RRJII,UTE.GN.RR.044619-0.01,6907500000
"2022-10-25 13:00:00",N,NORTE,RR,RORAIMA,"TIPO I",TÉRMICA,Gás,"Jaguatirica II",RRJII,UTE.GN.RR.044619-0.01,6911000000
"2022-10-25 14:00:00",N,NORTE,RR,RORAIMA,"TIPO I",TÉRMICA,Gás,"Jaguatirica II",RRJII,UTE.GN.RR.044619-0.01,6866900000
"2022-10-25 15:00:00",N,NORTE,RR,RORAIMA,"TIPO I",TÉRMICA,Gás,"Jaguatirica II",RRJII,UTE.GN.RR.044619-0.01,6860800000
"2022-10-25 16:00:00",N,NORTE,RR,RORAIMA,"TIPO I",TÉRMICA,Gás,"Jaguatirica II",RRJII,UTE.GN.RR.044619-0.01,6827200000
"2022-10-25 17:00:00",N,NORTE,RR,RORAIMA,"TIPO I",TÉRMICA,Gás,"Jaguatirica II",RRJII,UTE.GN.RR.044619-0.01,6884800000
"2022-10-25 18:00:00",N,NORTE,RR,RORAIMA,"TIPO I",TÉRMICA,Gás,"Jaguatirica II",RRJII,UTE.GN.RR.044619-0.01,6896600000
"2022-10-25 19:00:00",N,NORTE,RR,RORAIMA,"TIPO I",TÉRMICA,Gás,"Jaguatirica II",RRJII,UTE.GN.RR.044619-0.01,6901200000
"2022-10-25 20:00:00",N,NORTE,RR,RORAIMA,"TIPO I",TÉRMICA,Gás,"Jaguatirica II",RRJII,UTE.GN.RR.044619-0.01,6893900000
"2022-10-25 21:00:00",N,NORTE,RR,RORAIMA,"TIPO I",TÉRMICA,Gás,"Jaguatirica II",RRJII,UTE.GN.RR.044619-0.01,6898100000
"2022-10-25 22:00:00",N,NORTE,RR,RORAIMA,"TIPO I",TÉRMICA,Gás,"Jaguatirica II",RRJII,UTE.GN.RR.044619-0.01,6907400000
"2022-10-25 23:00:00",N,NORTE,RR,RORAIMA,"TIPO I",TÉRMICA,Gás,"Jaguatirica II",RRJII,UTE.GN.RR.044619-0.01,6908600000
"2022-10-26 00:00:00",N,NORTE,RR,RORAIMA,"TIPO I",TÉRMICA,Gás,"Jaguatirica II",RRJII,UTE.GN.RR.044619-0.01,6911000000
"2022-10-26 01:00:00",N,NORTE,RR,RORAIMA,"TIPO I",TÉRMICA,Gás,"Jaguatirica II",RRJII,UTE.GN.RR.044619-0.01,6908000000
"2022-10-26 02:00:00",N,NORTE,RR,RORAIMA,"TIPO I",TÉRMICA,Gás,"Jaguatirica II",RRJII,UTE.GN.RR.044619-0.01,6906800000
"2022-10-26 03:00:00",N,NORTE,RR,RORAIMA,"TIPO I",TÉRMICA,Gás,"Jaguatirica II",RRJII,UTE.GN.RR.044619-0.01,6902700000
"2022-10-26 04:00:00",N,NORTE,RR,RORAIMA,"TIPO I",TÉRMICA,Gás,"Jaguatirica II",RRJII,UTE.GN.RR.044619-0.01,6902800000
"2022-10-26 05:00:00",N,NORTE,RR,RORAIMA,"TIPO I",TÉRMICA,Gás,"Jaguatirica II",RRJII,UTE.GN.RR.044619-0.01,6899600000
"2022-10-26 06:00:00",N,NORTE,RR,RORAIMA,"TIPO I",TÉRMICA,Gás,"Jaguatirica II",RRJII,UTE.GN.RR.044619-0.01,6905100000
"2022-10-26 07:00:00",N,NORTE,RR,RORAIMA,"TIPO I",TÉRMICA,Gás,"Jaguatirica II",RRJII,UTE.GN.RR.044619-0.01,6909200000
"2022-10-26 08:00:00",N,NORTE,RR,RORAIMA,"TIPO I",TÉRMICA,Gás,"Jaguatirica II",RRJII,UTE.GN.RR.044619-0.01,6906600000
"2022-10-26 09:00:00",N,NORTE,RR,RORAIMA,"TIPO I",TÉRMICA,Gás,"Jaguatirica II",RRJII,UTE.GN.RR.044619-0.01,6910900000
"2022-10-26 10:00:00",N,NORTE,RR,RORAIMA,"TIPO I",TÉRMICA,Gás,"Jaguatirica II",RRJII,UTE.GN.RR.044619-0.01,6909400000
"2022-10-26 11:00:00",N,NORTE,RR,RORAIMA,"TIPO I",TÉRMICA,Gás,"Jaguatirica II",RRJII,UTE.GN.RR.044619-0.01,6910800000
"2022-10-26 12:00:00",N,NORTE,RR,RORAIMA,"TIPO I",TÉRMICA,Gás,"Jaguatirica II",RRJII,UTE.GN.RR.044619-0.01,6910600000
"2022-10-26 13:00:00",N,NORTE,RR,RORAIMA,"TIPO I",TÉRMICA,Gás,"Jaguatirica II",RRJII,UTE.GN.RR.044619-0.01,6892100000
"2022-10-26 14:00:00",N,NORTE,RR,RORAIMA,"TIPO I",TÉRMICA,Gás,"Jaguatirica II",RRJII,UTE.GN.RR.044619-0.01,6882100000
"2022-10-26 15:00:00",N,NORTE,RR,RORAIMA,"TIPO I",TÉRMICA,Gás,"Jaguatirica II",RRJII,UTE.GN.RR.044619-0.01,6868500000
"2022-10-26 16:00:00",N,NORTE,RR,RORAIMA,"TIPO I",TÉRMICA,Gás,"Jaguatirica II",RRJII,UTE.GN.RR.044619-0.01,6906500000
"2022-10-26 17:00:00",N,NORTE,RR,RORAIMA,"TIPO I",TÉRMICA,Gás,"Jaguatirica II",RRJII,UTE.GN.RR.044619-0.01,6902200000
"2022-10-26 18:00:00",N,NORTE,RR,RORAIMA,"TIPO I",TÉRMICA,Gás,"Jaguatirica II",RRJII,UTE.GN.RR.044619-0.01,6894700000
"2022-10-26 19:00:00",N,NORTE,RR,RORAIMA,"TIPO I",TÉRMICA,Gás,"Jaguatirica II",RRJII,UTE.GN.RR.044619-0.01,6896100000
"2022-10-26 20:00:00",N,NORTE,RR,RORAIMA,"TIPO I",TÉRMICA,Gás,"Jaguatirica II",RRJII,UTE.GN.RR.044619-0.01,6897500000
"2022-10-26 21:00:00",N,NORTE,RR,RORAIMA,"TIPO I",TÉRMICA,Gás,"Jaguatirica II",RRJII,UTE.GN.RR.044619-0.01,6894900000
"2022-10-26 22:00:00",N,NORTE,RR,RORAIMA,"TIPO I",TÉRMICA,Gás,"Jaguatirica II",RRJII,UTE.GN.RR.044619-0.01,6895200000
"2022-10-26 23:00:00",N,NORTE,RR,RORAIMA,"TIPO I",TÉRMICA,Gás,"Jaguatirica II",RRJII,UTE.GN.RR.044619-0.01,6893600000
"2022-10-27 00:00:00",N,NORTE,RR,RORAIMA,"TIPO I",TÉRMICA,Gás,"Jaguatirica II",RRJII,UTE.GN.RR.044619-0.01,6891200000
"2022-10-27 01:00:00",N,NORTE,RR,RORAIMA,"TIPO I",TÉRMICA,Gás,"Jaguatirica II",RRJII,UTE.GN.RR.044619-0.01,6892600000
"2022-10-27 02:00:00",N,NORTE,RR,RORAIMA,"TIPO I",TÉRMICA,Gás,"Jaguatirica II",RRJII,UTE.GN.RR.044619-0.01,6892400000
"2022-10-27 03:00:00",N,NORTE,RR,RORAIMA,"TIPO I",TÉRMICA,Gás,"Jaguatirica II",RRJII,UTE.GN.RR.044619-0.01,6895900000
"2022-10-27 04:00:00",N,NORTE,RR,RORAIMA,"TIPO I",TÉRMICA,Gás,"Jaguatirica II",RRJII,UTE.GN.RR.044619-0.01,6897800000
"2022-10-27 05:00:00",N,NORTE,RR,RORAIMA,"TIPO I",TÉRMICA,Gás,"Jaguatirica II",RRJII,UTE.GN.RR.044619-0.01,6896500000
"2022-10-27 06:00:00",N,NORTE,RR,RORAIMA,"TIPO I",TÉRMICA,Gás,"Jaguatirica II",RRJII,UTE.GN.RR.044619-0.01,6889700000
"2022-10-27 07:00:00",N,NORTE,RR,RORAIMA,"TIPO I",TÉRMICA,Gás,"Jaguatirica II",RRJII,UTE.GN.RR.044619-0.01,6889000000
"2022-10-27 08:00:00",N,NORTE,RR,RORAIMA,"TIPO I",TÉRMICA,Gás,"Jaguatirica II",RRJII,UTE.GN.RR.044619-0.01,6895300000
"2022-10-27 09:00:00",N,NORTE,RR,RORAIMA,"TIPO I",TÉRMICA,Gás,"Jaguatirica II",RRJII,UTE.GN.RR.044619-0.01,6893000000
"2022-10-27 10:00:00",N,NORTE,RR,RORAIMA,"TIPO I",TÉRMICA,Gás,"Jaguatirica II",RRJII,UTE.GN.RR.044619-0.01,6905600000
"2022-10-27 11:00:00",N,NORTE,RR,RORAIMA,"TIPO I",TÉRMICA,Gás,"Jaguatirica II",RRJII,UTE.GN.RR.044619-0.01,6891600000
"2022-10-27 12:00:00",N,NORTE,RR,RORAIMA,"TIPO I",TÉRMICA,Gás,"Jaguatirica II",RRJII,UTE.GN.RR.044619-0.01,6908900000
"2022-10-27 13:00:00",N,NORTE,RR,RORAIMA,"TIPO I",TÉRMICA,Gás,"Jaguatirica II",RRJII,UTE.GN.RR.044619-0.01,6912200000
"2022-10-27 14:00:00",N,NORTE,RR,RORAIMA,"TIPO I",TÉRMICA,Gás,"Jaguatirica II",RRJII,UTE.GN.RR.044619-0.01,6902200000
"2022-10-27 15:00:00",N,NORTE,RR,RORAIMA,"TIPO I",TÉRMICA,Gás,"Jaguatirica II",RRJII,UTE.GN.RR.044619-0.01,6856100000
"2022-10-27 16:00:00",N,NORTE,RR,RORAIMA,"TIPO I",TÉRMICA,Gás,"Jaguatirica II",RRJII,UTE.GN.RR.044619-0.01,6856500000
"2022-10-27 17:00:00",N,NORTE,RR,RORAIMA,"TIPO I",TÉRMICA,Gás,"Jaguatirica II",RRJII,UTE.GN.RR.044619-0.01,6878100000
"2022-10-27 18:00:00",N,NORTE,RR,RORAIMA,"TIPO I",TÉRMICA,Gás,"Jaguatirica II",RRJII,UTE.GN.RR.044619-0.01,6873700000
"2022-10-27 19:00:00",N,NORTE,RR,RORAIMA,"TIPO I",TÉRMICA,Gás,"Jaguatirica II",RRJII,UTE.GN.RR.044619-0.01,6878100000
"2022-10-27 20:00:00",N,NORTE,RR,RORAIMA,"TIPO I",TÉRMICA,Gás,"Jaguatirica II",RRJII,UTE.GN.RR.044619-0.01,6879300000
"2022-10-27 21:00:00",N,NORTE,RR,RORAIMA,"TIPO I",TÉRMICA,Gás,"Jaguatirica II",RRJII,UTE.GN.RR.044619-0.01,6902100000
"2022-10-27 22:00:00",N,NORTE,RR,RORAIMA,"TIPO I",TÉRMICA,Gás,"Jaguatirica II",RRJII,UTE.GN.RR.044619-0.01,6909800000
"2022-10-27 23:00:00",N,NORTE,RR,RORAIMA,"TIPO I",TÉRMICA,Gás,"Jaguatirica II",RRJII,UTE.GN.RR.044619-0.01,6907700000
"2022-10-28 00:00:00",N,NORTE,RR,RORAIMA,"TIPO I",TÉRMICA,Gás,"Jaguatirica II",RRJII,UTE.GN.RR.044619-0.01,6908400000
"2022-10-28 01:00:00",N,NORTE,RR,RORAIMA,"TIPO I",TÉRMICA,Gás,"Jaguatirica II",RRJII,UTE.GN.RR.044619-0.01,6909200000
"2022-10-28 02:00:00",N,NORTE,RR,RORAIMA,"TIPO I",TÉRMICA,Gás,"Jaguatirica II",RRJII,UTE.GN.RR.044619-0.01,6909300000
"2022-10-28 03:00:00",N,NORTE,RR,RORAIMA,"TIPO I",TÉRMICA,Gás,"Jaguatirica II",RRJII,UTE.GN.RR.044619-0.01,6907000000
"2022-10-28 04:00:00",N,NORTE,RR,RORAIMA,"TIPO I",TÉRMICA,Gás,"Jaguatirica II",RRJII,UTE.GN.RR.044619-0.01,6909500000
"2022-10-28 05:00:00",N,NORTE,RR,RORAIMA,"TIPO I",TÉRMICA,Gás,"Jaguatirica II",RRJII,UTE.GN.RR.044619-0.01,6907200000
"2022-10-28 06:00:00",N,NORTE,RR,RORAIMA,"TIPO I",TÉRMICA,Gás,"Jaguatirica II",RRJII,UTE.GN.RR.044619-0.01,6884500000
"2022-10-28 07:00:00",N,NORTE,RR,RORAIMA,"TIPO I",TÉRMICA,Gás,"Jaguatirica II",RRJII,UTE.GN.RR.044619-0.01,6882600000
"2022-10-28 08:00:00",N,NORTE,RR,RORAIMA,"TIPO I",TÉRMICA,Gás,"Jaguatirica II",RRJII,UTE.GN.RR.044619-0.01,6893900000
"2022-10-28 09:00:00",N,NORTE,RR,RORAIMA,"TIPO I",TÉRMICA,Gás,"Jaguatirica II",RRJII,UTE.GN.RR.044619-0.01,6908400000
"2022-10-28 10:00:00",N,NORTE,RR,RORAIMA,"TIPO I",TÉRMICA,Gás,"Jaguatirica II",RRJII,UTE.GN.RR.044619-0.01,6907300000
"2022-10-28 11:00:00",N,NORTE,RR,RORAIMA,"TIPO I",TÉRMICA,Gás,"Jaguatirica II",RRJII,UTE.GN.RR.044619-0.01,6907000000
"2022-10-28 12:00:00",N,NORTE,RR,RORAIMA,"TIPO I",TÉRMICA,Gás,"Jaguatirica II",RRJII,UTE.GN.RR.044619-0.01,6883800000
"2022-10-28 13:00:00",N,NORTE,RR,RORAIMA,"TIPO I",TÉRMICA,Gás,"Jaguatirica II",RRJII,UTE.GN.RR.044619-0.01,6843400000
"2022-10-28 14:00:00",N,NORTE,RR,RORAIMA,"TIPO I",TÉRMICA,Gás,"Jaguatirica II",RRJII,UTE.GN.RR.044619-0.01,6793800000
"2022-10-28 15:00:00",N,NORTE,RR,RORAIMA,"TIPO I",TÉRMICA,Gás,"Jaguatirica II",RRJII,UTE.GN.RR.044619-0.01,6764300000
"2022-10-28 16:00:00",N,NORTE,RR,RORAIMA,"TIPO I",TÉRMICA,Gás,"Jaguatirica II",RRJII,UTE.GN.RR.044619-0.01,6730200000
"2022-10-28 17:00:00",N,NORTE,RR,RORAIMA,"TIPO I",TÉRMICA,Gás,"Jaguatirica II",RRJII,UTE.GN.RR.044619-0.01,6750400000
"2022-10-28 18:00:00",N,NORTE,RR,RORAIMA,"TIPO I",TÉRMICA,Gás,"Jaguatirica II",RRJII,UTE.GN.RR.044619-0.01,6854500000
"2022-10-28 19:00:00",N,NORTE,RR,RORAIMA,"TIPO I",TÉRMICA,Gás,"Jaguatirica II",RRJII,UTE.GN.RR.044619-0.01,6868700000
"2022-10-28 20:00:00",N,NORTE,RR,RORAIMA,"TIPO I",TÉRMICA,Gás,"Jaguatirica II",RRJII,UTE.GN.RR.044619-0.01,6878500000
"2022-10-28 21:00:00",N,NORTE,RR,RORAIMA,"TIPO I",TÉRMICA,Gás,"Jaguatirica II",RRJII,UTE.GN.RR.044619-0.01,6872900000
"2022-10-28 22:00:00",N,NORTE,RR,RORAIMA,"TIPO I",TÉRMICA,Gás,"Jaguatirica II",RRJII,UTE.GN.RR.044619-0.01,6874600000
"2022-10-28 23:00:00",N,NORTE,RR,RORAIMA,"TIPO I",TÉRMICA,Gás,"Jaguatirica II",RRJII,UTE.GN.RR.044619-0.01,6884500000
"2022-10-29 00:00:00",N,NORTE,RR,RORAIMA,"TIPO I",TÉRMICA,Gás,"Jaguatirica II",RRJII,UTE.GN.RR.044619-0.01,6886800000
"2022-10-29 01:00:00",N,NORTE,RR,RORAIMA,"TIPO I",TÉRMICA,Gás,"Jaguatirica II",RRJII,UTE.GN.RR.044619-0.01,6895800000
"2022-10-29 02:00:00",N,NORTE,RR,RORAIMA,"TIPO I",TÉRMICA,Gás,"Jaguatirica II",RRJII,UTE.GN.RR.044619-0.01,6894500000
"2022-10-29 03:00:00",N,NORTE,RR,RORAIMA,"TIPO I",TÉRMICA,Gás,"Jaguatirica II",RRJII,UTE.GN.RR.044619-0.01,6889800000
"2022-10-29 04:00:00",N,NORTE,RR,RORAIMA,"TIPO I",TÉRMICA,Gás,"Jaguatirica II",RRJII,UTE.GN.RR.044619-0.01,6890200000
"2022-10-29 05:00:00",N,NORTE,RR,RORAIMA,"TIPO I",TÉRMICA,Gás,"Jaguatirica II",RRJII,UTE.GN.RR.044619-0.01,6889100000
"2022-10-29 06:00:00",N,NORTE,RR,RORAIMA,"TIPO I",TÉRMICA,Gás,"Jaguatirica II",RRJII,UTE.GN.RR.044619-0.01,6887100000
"2022-10-29 07:00:00",N,NORTE,RR,RORAIMA,"TIPO I",TÉRMICA,Gás,"Jaguatirica II",RRJII,UTE.GN.RR.044619-0.01,6886900000
"2022-10-29 08:00:00",N,NORTE,RR,RORAIMA,"TIPO I",TÉRMICA,Gás,"Jaguatirica II",RRJII,UTE.GN.RR.044619-0.01,6886400000
"2022-10-29 09:00:00",N,NORTE,RR,RORAIMA,"TIPO I",TÉRMICA,Gás,"Jaguatirica II",RRJII,UTE.GN.RR.044619-0.01,6891100000
"2022-10-29 10:00:00",N,NORTE,RR,RORAIMA,"TIPO I",TÉRMICA,Gás,"Jaguatirica II",RRJII,UTE.GN.RR.044619-0.01,6889400000
"2022-10-29 11:00:00",N,NORTE,RR,RORAIMA,"TIPO I",TÉRMICA,Gás,"Jaguatirica II",RRJII,UTE.GN.RR.044619-0.01,6890700000
"2022-10-29 12:00:00",N,NORTE,RR,RORAIMA,"TIPO I",TÉRMICA,Gás,"Jaguatirica II",RRJII,UTE.GN.RR.044619-0.01,6895900000
"2022-10-29 13:00:00",N,NORTE,RR,RORAIMA,"TIPO I",TÉRMICA,Gás,"Jaguatirica II",RRJII,UTE.GN.RR.044619-0.01,6884100000
"2022-10-29 14:00:00",N,NORTE,RR,RORAIMA,"TIPO I",TÉRMICA,Gás,"Jaguatirica II",RRJII,UTE.GN.RR.044619-0.01,6833900000
"2022-10-29 15:00:00",N,NORTE,RR,RORAIMA,"TIPO I",TÉRMICA,Gás,"Jaguatirica II",RRJII,UTE.GN.RR.044619-0.01,6864500000
"2022-10-29 16:00:00",N,NORTE,RR,RORAIMA,"TIPO I",TÉRMICA,Gás,"Jaguatirica II",RRJII,UTE.GN.RR.044619-0.01,6830500000
"2022-10-29 17:00:00",N,NORTE,RR,RORAIMA,"TIPO I",TÉRMICA,Gás,"Jaguatirica II",RRJII,UTE.GN.RR.044619-0.01,6853900000
"2022-10-29 18:00:00",N,NORTE,RR,RORAIMA,"TIPO I",TÉRMICA,Gás,"Jaguatirica II",RRJII,UTE.GN.RR.044619-0.01,6906900000
"2022-10-29 19:00:00",N,NORTE,RR,RORAIMA,"TIPO I",TÉRMICA,Gás,"Jaguatirica II",RRJII,UTE.GN.RR.044619-0.01,6903800000
"2022-10-29 20:00:00",N,NORTE,RR,RORAIMA,"TIPO I",TÉRMICA,Gás,"Jaguatirica II",RRJII,UTE.GN.RR.044619-0.01,6902200000
"2022-10-29 21:00:00",N,NORTE,RR,RORAIMA,"TIPO I",TÉRMICA,Gás,"Jaguatirica II",RRJII,UTE.GN.RR.044619-0.01,6892800000
"2022-10-29 22:00:00",N,NORTE,RR,RORAIMA,"TIPO I",TÉRMICA,Gás,"Jaguatirica II",RRJII,UTE.GN.RR.044619-0.01,6886400000
"2022-10-29 23:00:00",N,NORTE,RR,RORAIMA,"TIPO I",TÉRMICA,Gás,"Jaguatirica II",RRJII,UTE.GN.RR.044619-0.01,6884100000
"2022-10-30 00:00:00",N,NORTE,RR,RORAIMA,"TIPO I",TÉRMICA,Gás,"Jaguatirica II",RRJII,UTE.GN.RR.044619-0.01,6885500000
"2022-10-30 01:00:00",N,NORTE,RR,RORAIMA,"TIPO I",TÉRMICA,Gás,"Jaguatirica II",RRJII,UTE.GN.RR.044619-0.01,6890900000
"2022-10-30 02:00:00",N,NORTE,RR,RORAIMA,"TIPO I",TÉRMICA,Gás,"Jaguatirica II",RRJII,UTE.GN.RR.044619-0.01,6903400000
"2022-10-30 03:00:00",N,NORTE,RR,RORAIMA,"TIPO I",TÉRMICA,Gás,"Jaguatirica II",RRJII,UTE.GN.RR.044619-0.01,6897300000
"2022-10-30 04:00:00",N,NORTE,RR,RORAIMA,"TIPO I",TÉRMICA,Gás,"Jaguatirica II",RRJII,UTE.GN.RR.044619-0.01,6896100000
"2022-10-30 05:00:00",N,NORTE,RR,RORAIMA,"TIPO I",TÉRMICA,Gás,"Jaguatirica II",RRJII,UTE.GN.RR.044619-0.01,6901400000
"2022-10-30 06:00:00",N,NORTE,RR,RORAIMA,"TIPO I",TÉRMICA,Gás,"Jaguatirica II",RRJII,UTE.GN.RR.044619-0.01,6904600000
"2022-10-30 07:00:00",N,NORTE,RR,RORAIMA,"TIPO I",TÉRMICA,Gás,"Jaguatirica II",RRJII,UTE.GN.RR.044619-0.01,6905900000
"2022-10-30 08:00:00",N,NORTE,RR,RORAIMA,"TIPO I",TÉRMICA,Gás,"Jaguatirica II",RRJII,UTE.GN.RR.044619-0.01,6906600000
"2022-10-30 09:00:00",N,NORTE,RR,RORAIMA,"TIPO I",TÉRMICA,Gás,"Jaguatirica II",RRJII,UTE.GN.RR.044619-0.01,6910000000
"2022-10-30 10:00:00",N,NORTE,RR,RORAIMA,"TIPO I",TÉRMICA,Gás,"Jaguatirica II",RRJII,UTE.GN.RR.044619-0.01,6871100000
"2022-10-30 11:00:00",N,NORTE,RR,RORAIMA,"TIPO I",TÉRMICA,Gás,"Jaguatirica II",RRJII,UTE.GN.RR.044619-0.01,6707600000
"2022-10-30 12:00:00",N,NORTE,RR,RORAIMA,"TIPO I",TÉRMICA,Gás,"Jaguatirica II",RRJII,UTE.GN.RR.044619-0.01,6774800000
"2022-10-30 13:00:00",N,NORTE,RR,RORAIMA,"TIPO I",TÉRMICA,Gás,"Jaguatirica II",RRJII,UTE.GN.RR.044619-0.01,6900300000
"2022-10-30 14:00:00",N,NORTE,RR,RORAIMA,"TIPO I",TÉRMICA,Gás,"Jaguatirica II",RRJII,UTE.GN.RR.044619-0.01,6889500000
"2022-10-30 15:00:00",N,NORTE,RR,RORAIMA,"TIPO I",TÉRMICA,Gás,"Jaguatirica II",RRJII,UTE.GN.RR.044619-0.01,6875700000
"2022-10-30 16:00:00",N,NORTE,RR,RORAIMA,"TIPO I",TÉRMICA,Gás,"Jaguatirica II",RRJII,UTE.GN.RR.044619-0.01,6832400000
"2022-10-30 17:00:00",N,NORTE,RR,RORAIMA,"TIPO I",TÉRMICA,Gás,"Jaguatirica II",RRJII,UTE.GN.RR.044619-0.01,6884200000
"2022-10-30 18:00:00",N,NORTE,RR,RORAIMA,"TIPO I",TÉRMICA,Gás,"Jaguatirica II",RRJII,UTE.GN.RR.044619-0.01,6905700000
"2022-10-30 19:00:00",N,NORTE,RR,RORAIMA,"TIPO I",TÉRMICA,Gás,"Jaguatirica II",RRJII,UTE.GN.RR.044619-0.01,6899000000
"2022-10-30 20:00:00",N,NORTE,RR,RORAIMA,"TIPO I",TÉRMICA,Gás,"Jaguatirica II",RRJII,UTE.GN.RR.044619-0.01,6890100000
"2022-10-30 21:00:00",N,NORTE,RR,RORAIMA,"TIPO I",TÉRMICA,Gás,"Jaguatirica II",RRJII,UTE.GN.RR.044619-0.01,6890000000
"2022-10-30 22:00:00",N,NORTE,RR,RORAIMA,"TIPO I",TÉRMICA,Gás,"Jaguatirica II",RRJII,UTE.GN.RR.044619-0.01,6884100000
"2022-10-30 23:00:00",N,NORTE,RR,RORAIMA,"TIPO I",TÉRMICA,Gás,"Jaguatirica II",RRJII,UTE.GN.RR.044619-0.01,6879500000
"2022-10-31 00:00:00",N,NORTE,RR,RORAIMA,"TIPO I",TÉRMICA,Gás,"Jaguatirica II",RRJII,UTE.GN.RR.044619-0.01,6874200000
"2022-10-31 01:00:00",N,NORTE,RR,RORAIMA,"TIPO I",TÉRMICA,Gás,"Jaguatirica II",RRJII,UTE.GN.RR.044619-0.01,6879200000
"2022-10-31 02:00:00",N,NORTE,RR,RORAIMA,"TIPO I",TÉRMICA,Gás,"Jaguatirica II",RRJII,UTE.GN.RR.044619-0.01,6878100000
"2022-10-31 03:00:00",N,NORTE,RR,RORAIMA,"TIPO I",TÉRMICA,Gás,"Jaguatirica II",RRJII,UTE.GN.RR.044619-0.01,6883800000
"2022-10-31 04:00:00",N,NORTE,RR,RORAIMA,"TIPO I",TÉRMICA,Gás,"Jaguatirica II",RRJII,UTE.GN.RR.044619-0.01,6891300000
"2022-10-31 05:00:00",N,NORTE,RR,RORAIMA,"TIPO I",TÉRMICA,Gás,"Jaguatirica II",RRJII,UTE.GN.RR.044619-0.01,6891300000
"2022-10-31 06:00:00",N,NORTE,RR,RORAIMA,"TIPO I",TÉRMICA,Gás,"Jaguatirica II",RRJII,UTE.GN.RR.044619-0.01,6890700000
"2022-10-31 07:00:00",N,NORTE,RR,RORAIMA,"TIPO I",TÉRMICA,Gás,"Jaguatirica II",RRJII,UTE.GN.RR.044619-0.01,6889600000
"2022-10-31 08:00:00",N,NORTE,RR,RORAIMA,"TIPO I",TÉRMICA,Gás,"Jaguatirica II",RRJII,UTE.GN.RR.044619-0.01,6893300000
"2022-10-31 09:00:00",N,NORTE,RR,RORAIMA,"TIPO I",TÉRMICA,Gás,"Jaguatirica II",RRJII,UTE.GN.RR.044619-0.01,6894600000
"2022-10-31 10:00:00",N,NORTE,RR,RORAIMA,"TIPO I",TÉRMICA,Gás,"Jaguatirica II",RRJII,UTE.GN.RR.044619-0.01,6889000000
"2022-10-31 11:00:00",N,NORTE,RR,RORAIMA,"TIPO I",TÉRMICA,Gás,"Jaguatirica II",RRJII,UTE.GN.RR.044619-0.01,6883100000
"2022-10-31 12:00:00",N,NORTE,RR,RORAIMA,"TIPO I",TÉRMICA,Gás,"Jaguatirica II",RRJII,UTE.GN.RR.044619-0.01,6899200000
"2022-10-31 13:00:00",N,NORTE,RR,RORAIMA,"TIPO I",TÉRMICA,Gás,"Jaguatirica II",RRJII,UTE.GN.RR.044619-0.01,6877600000
"2022-10-31 14:00:00",N,NORTE,RR,RORAIMA,"TIPO I",TÉRMICA,Gás,"Jaguatirica II",RRJII,UTE.GN.RR.044619-0.01,6893800000
"2022-10-31 15:00:00",N,NORTE,RR,RORAIMA,"TIPO I",TÉRMICA,Gás,"Jaguatirica II",RRJII,UTE.GN.RR.044619-0.01,6896000000
"2022-10-31 16:00:00",N,NORTE,RR,RORAIMA,"TIPO I",TÉRMICA,Gás,"Jaguatirica II",RRJII,UTE.GN.RR.044619-0.01,6477000000
"2022-10-31 17:00:00",N,NORTE,RR,RORAIMA,"TIPO I",TÉRMICA,Gás,"Jaguatirica II",RRJII,UTE.GN.RR.044619-0.01,6247900000
"2022-10-31 18:00:00",N,NORTE,RR,RORAIMA,"TIPO I",TÉRMICA,Gás,"Jaguatirica II",RRJII,UTE.GN.RR.044619-0.01,6734300000
"2022-10-31 19:00:00",N,NORTE,RR,RORAIMA,"TIPO I",TÉRMICA,Gás,"Jaguatirica II",RRJII,UTE.GN.RR.044619-0.01,6904600000
"2022-10-31 20:00:00",N,NORTE,RR,RORAIMA,"TIPO I",TÉRMICA,Gás,"Jaguatirica II",RRJII,UTE.GN.RR.044619-0.01,6910400000
"2022-10-31 21:00:00",N,NORTE,RR,RORAIMA,"TIPO I",TÉRMICA,Gás,"Jaguatirica II",RRJII,UTE.GN.RR.044619-0.01,6910800000
"2022-10-31 22:00:00",N,NORTE,RR,RORAIMA,"TIPO I",TÉRMICA,Gás,"Jaguatirica II",RRJII,UTE.GN.RR.044619-0.01,6907600000
"2022-10-31 23:00:00",N,NORTE,RR,RORAIMA,"TIPO I",TÉRMICA,Gás,"Jaguatirica II",RRJII,UTE.GN.RR.044619-0.01,6903200000
"2022-11-01 00:00:00",N,NORTE,RR,RORAIMA,"TIPO I",TÉRMICA,Gás,"Jaguatirica II",RRJII,UTE.GN.RR.044619-0.01,6904300000
"2022-11-01 01:00:00",N,NORTE,RR,RORAIMA,"TIPO I",TÉRMICA,Gás,"Jaguatirica II",RRJII,UTE.GN.RR.044619-0.01,6905900000
"2022-11-01 02:00:00",N,NORTE,RR,RORAIMA,"TIPO I",TÉRMICA,Gás,"Jaguatirica II",RRJII,UTE.GN.RR.044619-0.01,6903800000
"2022-11-01 03:00:00",N,NORTE,RR,RORAIMA,"TIPO I",TÉRMICA,Gás,"Jaguatirica II",RRJII,UTE.GN.RR.044619-0.01,6903000000
"2022-11-01 04:00:00",N,NORTE,RR,RORAIMA,"TIPO I",TÉRMICA,Gás,"Jaguatirica II",RRJII,UTE.GN.RR.044619-0.01,6904200000
"2022-11-01 05:00:00",N,NORTE,RR,RORAIMA,"TIPO I",TÉRMICA,Gás,"Jaguatirica II",RRJII,UTE.GN.RR.044619-0.01,6902200000
"2022-11-01 06:00:00",N,NORTE,RR,RORAIMA,"TIPO I",TÉRMICA,Gás,"Jaguatirica II",RRJII,UTE.GN.RR.044619-0.01,6900600000
"2022-11-01 07:00:00",N,NORTE,RR,RORAIMA,"TIPO I",TÉRMICA,Gás,"Jaguatirica II",RRJII,UTE.GN.RR.044619-0.01,6902500000
"2022-11-01 08:00:00",N,NORTE,RR,RORAIMA,"TIPO I",TÉRMICA,Gás,"Jaguatirica II",RRJII,UTE.GN.RR.044619-0.01,6898900000
"2022-11-01 09:00:00",N,NORTE,RR,RORAIMA,"TIPO I",TÉRMICA,Gás,"Jaguatirica II",RRJII,UTE.GN.RR.044619-0.01,6898900000
"2022-11-01 10:00:00",N,NORTE,RR,RORAIMA,"TIPO I",TÉRMICA,Gás,"Jaguatirica II",RRJII,UTE.GN.RR.044619-0.01,6888900000
"2022-11-01 11:00:00",N,NORTE,RR,RORAIMA,"TIPO I",TÉRMICA,Gás,"Jaguatirica II",RRJII,UTE.GN.RR.044619-0.01,6881900000
"2022-11-01 12:00:00",N,NORTE,RR,RORAIMA,"TIPO I",TÉRMICA,Gás,"Jaguatirica II",RRJII,UTE.GN.RR.044619-0.01,6890700000
"2022-11-01 13:00:00",N,NORTE,RR,RORAIMA,"TIPO I",TÉRMICA,Gás,"Jaguatirica II",RRJII,UTE.GN.RR.044619-0.01,6888500000
"2022-11-01 14:00:00",N,NORTE,RR,RORAIMA,"TIPO I",TÉRMICA,Gás,"Jaguatirica II",RRJII,UTE.GN.RR.044619-0.01,6867900000
"2022-11-01 15:00:00",N,NORTE,RR,RORAIMA,"TIPO I",TÉRMICA,Gás,"Jaguatirica II",RRJII,UTE.GN.RR.044619-0.01,6836300000
"2022-11-01 16:00:00",N,NORTE,RR,RORAIMA,"TIPO I",TÉRMICA,Gás,"Jaguatirica II",RRJII,UTE.GN.RR.044619-0.01,6814600000
"2022-11-01 17:00:00",N,NORTE,RR,RORAIMA,"TIPO I",TÉRMICA,Gás,"Jaguatirica II",RRJII,UTE.GN.RR.044619-0.01,6876100000
"2022-11-01 18:00:00",N,NORTE,RR,RORAIMA,"TIPO I",TÉRMICA,Gás,"Jaguatirica II",RRJII,UTE.GN.RR.044619-0.01,6909200000
"2022-11-01 19:00:00",N,NORTE,RR,RORAIMA,"TIPO I",TÉRMICA,Gás,"Jaguatirica II",RRJII,UTE.GN.RR.044619-0.01,6905000000
"2022-11-01 20:00:00",N,NORTE,RR,RORAIMA,"TIPO I",TÉRMICA,Gás,"Jaguatirica II",RRJII,UTE.GN.RR.044619-0.01,6900300000
"2022-11-01 21:00:00",N,NORTE,RR,RORAIMA,"TIPO I",TÉRMICA,Gás,"Jaguatirica II",RRJII,UTE.GN.RR.044619-0.01,6906200000
"2022-11-01 22:00:00",N,NORTE,RR,RORAIMA,"TIPO I",TÉRMICA,Gás,"Jaguatirica II",RRJII,UTE.GN.RR.044619-0.01,6900300000
"2022-11-01 23:00:00",N,NORTE,RR,RORAIMA,"TIPO I",TÉRMICA,Gás,"Jaguatirica II",RRJII,UTE.GN.RR.044619-0.01,6894600000
"2022-11-02 00:00:00",N,NORTE,RR,RORAIMA,"TIPO I",TÉRMICA,Gás,"Jaguatirica II",RRJII,UTE.GN.RR.044619-0.01,6892900000
"2022-11-02 01:00:00",N,NORTE,RR,RORAIMA,"TIPO I",TÉRMICA,Gás,"Jaguatirica II",RRJII,UTE.GN.RR.044619-0.01,6894000000
"2022-11-02 02:00:00",N,NORTE,RR,RORAIMA,"TIPO I",TÉRMICA,Gás,"Jaguatirica II",RRJII,UTE.GN.RR.044619-0.01,6889500000
"2022-11-02 03:00:00",N,NORTE,RR,RORAIMA,"TIPO I",TÉRMICA,Gás,"Jaguatirica II",RRJII,UTE.GN.RR.044619-0.01,6890500000
"2022-11-02 04:00:00",N,NORTE,RR,RORAIMA,"TIPO I",TÉRMICA,Gás,"Jaguatirica II",RRJII,UTE.GN.RR.044619-0.01,6898600000
"2022-11-02 05:00:00",N,NORTE,RR,RORAIMA,"TIPO I",TÉRMICA,Gás,"Jaguatirica II",RRJII,UTE.GN.RR.044619-0.01,6899300000
"2022-11-02 06:00:00",N,NORTE,RR,RORAIMA,"TIPO I",TÉRMICA,Gás,"Jaguatirica II",RRJII,UTE.GN.RR.044619-0.01,6899700000
"2022-11-02 07:00:00",N,NORTE,RR,RORAIMA,"TIPO I",TÉRMICA,Gás,"Jaguatirica II",RRJII,UTE.GN.RR.044619-0.01,6902000000
"2022-11-02 08:00:00",N,NORTE,RR,RORAIMA,"TIPO I",TÉRMICA,Gás,"Jaguatirica II",RRJII,UTE.GN.RR.044619-0.01,6906500000
"2022-11-02 09:00:00",N,NORTE,RR,RORAIMA,"TIPO I",TÉRMICA,Gás,"Jaguatirica II",RRJII,UTE.GN.RR.044619-0.01,6907500000
"2022-11-02 10:00:00",N,NORTE,RR,RORAIMA,"TIPO I",TÉRMICA,Gás,"Jaguatirica II",RRJII,UTE.GN.RR.044619-0.01,6897000000
"2022-11-02 11:00:00",N,NORTE,RR,RORAIMA,"TIPO I",TÉRMICA,Gás,"Jaguatirica II",RRJII,UTE.GN.RR.044619-0.01,6902400000
"2022-11-02 12:00:00",N,NORTE,RR,RORAIMA,"TIPO I",TÉRMICA,Gás,"Jaguatirica II",RRJII,UTE.GN.RR.044619-0.01,6914800000
"2022-11-02 13:00:00",N,NORTE,RR,RORAIMA,"TIPO I",TÉRMICA,Gás,"Jaguatirica II",RRJII,UTE.GN.RR.044619-0.01,6906000000
"2022-11-02 14:00:00",N,NORTE,RR,RORAIMA,"TIPO I",TÉRMICA,Gás,"Jaguatirica II",RRJII,UTE.GN.RR.044619-0.01,6886300000
"2022-11-02 15:00:00",N,NORTE,RR,RORAIMA,"TIPO I",TÉRMICA,Gás,"Jaguatirica II",RRJII,UTE.GN.RR.044619-0.01,6874400000
"2022-11-02 16:00:00",N,NORTE,RR,RORAIMA,"TIPO I",TÉRMICA,Gás,"Jaguatirica II",RRJII,UTE.GN.RR.044619-0.01,6873100000
"2022-11-02 17:00:00",N,NORTE,RR,RORAIMA,"TIPO I",TÉRMICA,Gás,"Jaguatirica II",RRJII,UTE.GN.RR.044619-0.01,6903800000
"2022-11-02 18:00:00",N,NORTE,RR,RORAIMA,"TIPO I",TÉRMICA,Gás,"Jaguatirica II",RRJII,UTE.GN.RR.044619-0.01,6908000000
"2022-11-02 19:00:00",N,NORTE,RR,RORAIMA,"TIPO I",TÉRMICA,Gás,"Jaguatirica II",RRJII,UTE.GN.RR.044619-0.01,6902500000
"2022-11-02 20:00:00",N,NORTE,RR,RORAIMA,"TIPO I",TÉRMICA,Gás,"Jaguatirica II",RRJII,UTE.GN.RR.044619-0.01,6900300000
"2022-11-02 21:00:00",N,NORTE,RR,RORAIMA,"TIPO I",TÉRMICA,Gás,"Jaguatirica II",RRJII,UTE.GN.RR.044619-0.01,6898800000
"2022-11-02 22:00:00",N,NORTE,RR,RORAIMA,"TIPO I",TÉRMICA,Gás,"Jaguatirica II",RRJII,UTE.GN.RR.044619-0.01,6903300000
"2022-11-02 23:00:00",N,NORTE,RR,RORAIMA,"TIPO I",TÉRMICA,Gás,"Jaguatirica II",RRJII,UTE.GN.RR.044619-0.01,6900000000
"2022-11-03 00:00:00",N,NORTE,RR,RORAIMA,"TIPO I",TÉRMICA,Gás,"Jaguatirica II",RRJII,UTE.GN.RR.044619-0.01,6896500000
"2022-11-03 01:00:00",N,NORTE,RR,RORAIMA,"TIPO I",TÉRMICA,Gás,"Jaguatirica II",RRJII,UTE.GN.RR.044619-0.01,6894700000
"2022-11-03 02:00:00",N,NORTE,RR,RORAIMA,"TIPO I",TÉRMICA,Gás,"Jaguatirica II",RRJII,UTE.GN.RR.044619-0.01,6891000000
"2022-11-03 03:00:00",N,NORTE,RR,RORAIMA,"TIPO I",TÉRMICA,Gás,"Jaguatirica II",RRJII,UTE.GN.RR.044619-0.01,6892000000
"2022-11-03 04:00:00",N,NORTE,RR,RORAIMA,"TIPO I",TÉRMICA,Gás,"Jaguatirica II",RRJII,UTE.GN.RR.044619-0.01,6884900000
"2022-11-03 05:00:00",N,NORTE,RR,RORAIMA,"TIPO I",TÉRMICA,Gás,"Jaguatirica II",RRJII,UTE.GN.RR.044619-0.01,6885600000
"2022-11-03 06:00:00",N,NORTE,RR,RORAIMA,"TIPO I",TÉRMICA,Gás,"Jaguatirica II",RRJII,UTE.GN.RR.044619-0.01,6884200000
"2022-11-03 07:00:00",N,NORTE,RR,RORAIMA,"TIPO I",TÉRMICA,Gás,"Jaguatirica II",RRJII,UTE.GN.RR.044619-0.01,6885800000
"2022-11-03 08:00:00",N,NORTE,RR,RORAIMA,"TIPO I",TÉRMICA,Gás,"Jaguatirica II",RRJII,UTE.GN.RR.044619-0.01,6889100000
"2022-11-03 09:00:00",N,NORTE,RR,RORAIMA,"TIPO I",TÉRMICA,Gás,"Jaguatirica II",RRJII,UTE.GN.RR.044619-0.01,6889500000
"2022-11-03 10:00:00",N,NORTE,RR,RORAIMA,"TIPO I",TÉRMICA,Gás,"Jaguatirica II",RRJII,UTE.GN.RR.044619-0.01,6892300000
"2022-11-03 11:00:00",N,NORTE,RR,RORAIMA,"TIPO I",TÉRMICA,Gás,"Jaguatirica II",RRJII,UTE.GN.RR.044619-0.01,6892000000
"2022-11-03 12:00:00",N,NORTE,RR,RORAIMA,"TIPO I",TÉRMICA,Gás,"Jaguatirica II",RRJII,UTE.GN.RR.044619-0.01,6912000000
"2022-11-03 13:00:00",N,NORTE,RR,RORAIMA,"TIPO I",TÉRMICA,Gás,"Jaguatirica II",RRJII,UTE.GN.RR.044619-0.01,6924200000
"2022-11-03 14:00:00",N,NORTE,RR,RORAIMA,"TIPO I",TÉRMICA,Gás,"Jaguatirica II",RRJII,UTE.GN.RR.044619-0.01,6924300000
"2022-11-03 15:00:00",N,NORTE,RR,RORAIMA,"TIPO I",TÉRMICA,Gás,"Jaguatirica II",RRJII,UTE.GN.RR.044619-0.01,6922600000
"2022-11-03 16:00:00",N,NORTE,RR,RORAIMA,"TIPO I",TÉRMICA,Gás,"Jaguatirica II",RRJII,UTE.GN.RR.044619-0.01,6923800000
"2022-11-03 17:00:00",N,NORTE,RR,RORAIMA,"TIPO I",TÉRMICA,Gás,"Jaguatirica II",RRJII,UTE.GN.RR.044619-0.01,6923600000
"2022-11-03 18:00:00",N,NORTE,RR,RORAIMA,"TIPO I",TÉRMICA,Gás,"Jaguatirica II",RRJII,UTE.GN.RR.044619-0.01,6920200000
"2022-11-03 19:00:00",N,NORTE,RR,RORAIMA,"TIPO I",TÉRMICA,Gás,"Jaguatirica II",RRJII,UTE.GN.RR.044619-0.01,6920300000
"2022-11-03 20:00:00",N,NORTE,RR,RORAIMA,"TIPO I",TÉRMICA,Gás,"Jaguatirica II",RRJII,UTE.GN.RR.044619-0.01,6919200000
"2022-11-03 21:00:00",N,NORTE,RR,RORAIMA,"TIPO I",TÉRMICA,Gás,"Jaguatirica II",RRJII,UTE.GN.RR.044619-0.01,6920100000
"2022-11-03 22:00:00",N,NORTE,RR,RORAIMA,"TIPO I",TÉRMICA,Gás,"Jaguatirica II",RRJII,UTE.GN.RR.044619-0.01,6919900000
"2022-11-03 23:00:00",N,NORTE,RR,RORAIMA,"TIPO I",TÉRMICA,Gás,"Jaguatirica II",RRJII,UTE.GN.RR.044619-0.01,6919000000
"2022-11-04 00:00:00",N,NORTE,RR,RORAIMA,"TIPO I",TÉRMICA,Gás,"Jaguatirica II",RRJII,UTE.GN.RR.044619-0.01,6907700000
"2022-11-04 01:00:00",N,NORTE,RR,RORAIMA,"TIPO I",TÉRMICA,Gás,"Jaguatirica II",RRJII,UTE.GN.RR.044619-0.01,6896100000
"2022-11-04 02:00:00",N,NORTE,RR,RORAIMA,"TIPO I",TÉRMICA,Gás,"Jaguatirica II",RRJII,UTE.GN.RR.044619-0.01,6896300000
"2022-11-04 03:00:00",N,NORTE,RR,RORAIMA,"TIPO I",TÉRMICA,Gás,"Jaguatirica II",RRJII,UTE.GN.RR.044619-0.01,6894700000
"2022-11-04 04:00:00",N,NORTE,RR,RORAIMA,"TIPO I",TÉRMICA,Gás,"Jaguatirica II",RRJII,UTE.GN.RR.044619-0.01,6895300000
"2022-11-04 05:00:00",N,NORTE,RR,RORAIMA,"TIPO I",TÉRMICA,Gás,"Jaguatirica II",RRJII,UTE.GN.RR.044619-0.01,6895500000
"2022-11-04 06:00:00",N,NORTE,RR,RORAIMA,"TIPO I",TÉRMICA,Gás,"Jaguatirica II",RRJII,UTE.GN.RR.044619-0.01,6898700000
"2022-11-04 07:00:00",N,NORTE,RR,RORAIMA,"TIPO I",TÉRMICA,Gás,"Jaguatirica II",RRJII,UTE.GN.RR.044619-0.01,6512200000
"2022-11-04 08:00:00",N,NORTE,RR,RORAIMA,"TIPO I",TÉRMICA,Gás,"Jaguatirica II",RRJII,UTE.GN.RR.044619-0.01,6276500000
"2022-11-04 09:00:00",N,NORTE,RR,RORAIMA,"TIPO I",TÉRMICA,Gás,"Jaguatirica II",RRJII,UTE.GN.RR.044619-0.01,6891500000
"2022-11-04 10:00:00",N,NORTE,RR,RORAIMA,"TIPO I",TÉRMICA,Gás,"Jaguatirica II",RRJII,UTE.GN.RR.044619-0.01,6908300000
"2022-11-04 11:00:00",N,NORTE,RR,RORAIMA,"TIPO I",TÉRMICA,Gás,"Jaguatirica II",RRJII,UTE.GN.RR.044619-0.01,6902500000
"2022-11-04 12:00:00",N,NORTE,RR,RORAIMA,"TIPO I",TÉRMICA,Gás,"Jaguatirica II",RRJII,UTE.GN.RR.044619-0.01,6910700000
"2022-11-04 13:00:00",N,NORTE,RR,RORAIMA,"TIPO I",TÉRMICA,Gás,"Jaguatirica II",RRJII,UTE.GN.RR.044619-0.01,6913800000
"2022-11-04 14:00:00",N,NORTE,RR,RORAIMA,"TIPO I",TÉRMICA,Gás,"Jaguatirica II",RRJII,UTE.GN.RR.044619-0.01,6919200000
"2022-11-04 15:00:00",N,NORTE,RR,RORAIMA,"TIPO I",TÉRMICA,Gás,"Jaguatirica II",RRJII,UTE.GN.RR.044619-0.01,6907800000
"2022-11-04 16:00:00",N,NORTE,RR,RORAIMA,"TIPO I",TÉRMICA,Gás,"Jaguatirica II",RRJII,UTE.GN.RR.044619-0.01,6911300000
"2022-11-04 17:00:00",N,NORTE,RR,RORAIMA,"TIPO I",TÉRMICA,Gás,"Jaguatirica II",RRJII,UTE.GN.RR.044619-0.01,6908300000
"2022-11-04 18:00:00",N,NORTE,RR,RORAIMA,"TIPO I",TÉRMICA,Gás,"Jaguatirica II",RRJII,UTE.GN.RR.044619-0.01,6904500000
"2022-11-04 19:00:00",N,NORTE,RR,RORAIMA,"TIPO I",TÉRMICA,Gás,"Jaguatirica II",RRJII,UTE.GN.RR.044619-0.01,6899100000
"2022-11-04 20:00:00",N,NORTE,RR,RORAIMA,"TIPO I",TÉRMICA,Gás,"Jaguatirica II",RRJII,UTE.GN.RR.044619-0.01,6906000000
"2022-11-04 21:00:00",N,NORTE,RR,RORAIMA,"TIPO I",TÉRMICA,Gás,"Jaguatirica II",RRJII,UTE.GN.RR.044619-0.01,6903500000
"2022-11-04 22:00:00",N,NORTE,RR,RORAIMA,"TIPO I",TÉRMICA,Gás,"Jaguatirica II",RRJII,UTE.GN.RR.044619-0.01,6904100000
"2022-11-04 23:00:00",N,NORTE,RR,RORAIMA,"TIPO I",TÉRMICA,Gás,"Jaguatirica II",RRJII,UTE.GN.RR.044619-0.01,6902300000
"2022-11-05 00:00:00",N,NORTE,RR,RORAIMA,"TIPO I",TÉRMICA,Gás,"Jaguatirica II",RRJII,UTE.GN.RR.044619-0.01,6899700000
"2022-11-05 01:00:00",N,NORTE,RR,RORAIMA,"TIPO I",TÉRMICA,Gás,"Jaguatirica II",RRJII,UTE.GN.RR.044619-0.01,6897600000
"2022-11-05 02:00:00",N,NORTE,RR,RORAIMA,"TIPO I",TÉRMICA,Gás,"Jaguatirica II",RRJII,UTE.GN.RR.044619-0.01,6893600000
"2022-11-05 03:00:00",N,NORTE,RR,RORAIMA,"TIPO I",TÉRMICA,Gás,"Jaguatirica II",RRJII,UTE.GN.RR.044619-0.01,6893900000
"2022-11-05 04:00:00",N,NORTE,RR,RORAIMA,"TIPO I",TÉRMICA,Gás,"Jaguatirica II",RRJII,UTE.GN.RR.044619-0.01,6897400000
"2022-11-05 05:00:00",N,NORTE,RR,RORAIMA,"TIPO I",TÉRMICA,Gás,"Jaguatirica II",RRJII,UTE.GN.RR.044619-0.01,6691300000
"2022-11-05 06:00:00",N,NORTE,RR,RORAIMA,"TIPO I",TÉRMICA,Gás,"Jaguatirica II",RRJII,UTE.GN.RR.044619-0.01,6458400000
"2022-11-05 07:00:00",N,NORTE,RR,RORAIMA,"TIPO I",TÉRMICA,Gás,"Jaguatirica II",RRJII,UTE.GN.RR.044619-0.01,6094400000
"2022-11-05 08:00:00",N,NORTE,RR,RORAIMA,"TIPO I",TÉRMICA,Gás,"Jaguatirica II",RRJII,UTE.GN.RR.044619-0.01,5855500000
"2022-11-05 09:00:00",N,NORTE,RR,RORAIMA,"TIPO I",TÉRMICA,Gás,"Jaguatirica II",RRJII,UTE.GN.RR.044619-0.01,6327900000
"2022-11-05 10:00:00",N,NORTE,RR,RORAIMA,"TIPO I",TÉRMICA,Gás,"Jaguatirica II",RRJII,UTE.GN.RR.044619-0.01,6540600000
"2022-11-05 11:00:00",N,NORTE,RR,RORAIMA,"TIPO I",TÉRMICA,Gás,"Jaguatirica II",RRJII,UTE.GN.RR.044619-0.01,6833300000
"2022-11-05 12:00:00",N,NORTE,RR,RORAIMA,"TIPO I",TÉRMICA,Gás,"Jaguatirica II",RRJII,UTE.GN.RR.044619-0.01,6920300000
"2022-11-05 13:00:00",N,NORTE,RR,RORAIMA,"TIPO I",TÉRMICA,Gás,"Jaguatirica II",RRJII,UTE.GN.RR.044619-0.01,6925500000
"2022-11-05 14:00:00",N,NORTE,RR,RORAIMA,"TIPO I",TÉRMICA,Gás,"Jaguatirica II",RRJII,UTE.GN.RR.044619-0.01,6913400000
"2022-11-05 15:00:00",N,NORTE,RR,RORAIMA,"TIPO I",TÉRMICA,Gás,"Jaguatirica II",RRJII,UTE.GN.RR.044619-0.01,6907100000
"2022-11-05 16:00:00",N,NORTE,RR,RORAIMA,"TIPO I",TÉRMICA,Gás,"Jaguatirica II",RRJII,UTE.GN.RR.044619-0.01,6920600000
"2022-11-05 17:00:00",N,NORTE,RR,RORAIMA,"TIPO I",TÉRMICA,Gás,"Jaguatirica II",RRJII,UTE.GN.RR.044619-0.01,6915800000
"2022-11-05 18:00:00",N,NORTE,RR,RORAIMA,"TIPO I",TÉRMICA,Gás,"Jaguatirica II",RRJII,UTE.GN.RR.044619-0.01,6911400000
"2022-11-05 19:00:00",N,NORTE,RR,RORAIMA,"TIPO I",TÉRMICA,Gás,"Jaguatirica II",RRJII,UTE.GN.RR.044619-0.01,6877300000
"2022-11-05 20:00:00",N,NORTE,RR,RORAIMA,"TIPO I",TÉRMICA,Gás,"Jaguatirica II",RRJII,UTE.GN.RR.044619-0.01,6864600000
"2022-11-05 21:00:00",N,NORTE,RR,RORAIMA,"TIPO I",TÉRMICA,Gás,"Jaguatirica II",RRJII,UTE.GN.RR.044619-0.01,6898300000
"2022-11-05 22:00:00",N,NORTE,RR,RORAIMA,"TIPO I",TÉRMICA,Gás,"Jaguatirica II",RRJII,UTE.GN.RR.044619-0.01,6898900000
"2022-11-05 23:00:00",N,NORTE,RR,RORAIMA,"TIPO I",TÉRMICA,Gás,"Jaguatirica II",RRJII,UTE.GN.RR.044619-0.01,6904300000
"2022-11-06 00:00:00",N,NORTE,RR,RORAIMA,"TIPO I",TÉRMICA,Gás,"Jaguatirica II",RRJII,UTE.GN.RR.044619-0.01,6907600000
"2022-11-06 01:00:00",N,NORTE,RR,RORAIMA,"TIPO I",TÉRMICA,Gás,"Jaguatirica II",RRJII,UTE.GN.RR.044619-0.01,6904000000
"2022-11-06 02:00:00",N,NORTE,RR,RORAIMA,"TIPO I",TÉRMICA,Gás,"Jaguatirica II",RRJII,UTE.GN.RR.044619-0.01,6899600000
"2022-11-06 03:00:00",N,NORTE,RR,RORAIMA,"TIPO I",TÉRMICA,Gás,"Jaguatirica II",RRJII,UTE.GN.RR.044619-0.01,6898100000
"2022-11-06 04:00:00",N,NORTE,RR,RORAIMA,"TIPO I",TÉRMICA,Gás,"Jaguatirica II",RRJII,UTE.GN.RR.044619-0.01,6895900000
"2022-11-06 05:00:00",N,NORTE,RR,RORAIMA,"TIPO I",TÉRMICA,Gás,"Jaguatirica II",RRJII,UTE.GN.RR.044619-0.01,6894500000
"2022-11-06 06:00:00",N,NORTE,RR,RORAIMA,"TIPO I",TÉRMICA,Gás,"Jaguatirica II",RRJII,UTE.GN.RR.044619-0.01,6896200000
"2022-11-06 07:00:00",N,NORTE,RR,RORAIMA,"TIPO I",TÉRMICA,Gás,"Jaguatirica II",RRJII,UTE.GN.RR.044619-0.01,6882200000
"2022-11-06 08:00:00",N,NORTE,RR,RORAIMA,"TIPO I",TÉRMICA,Gás,"Jaguatirica II",RRJII,UTE.GN.RR.044619-0.01,5908600000
"2022-11-06 09:00:00",N,NORTE,RR,RORAIMA,"TIPO I",TÉRMICA,Gás,"Jaguatirica II",RRJII,UTE.GN.RR.044619-0.01,5554200000
"2022-11-06 10:00:00",N,NORTE,RR,RORAIMA,"TIPO I",TÉRMICA,Gás,"Jaguatirica II",RRJII,UTE.GN.RR.044619-0.01,5268900000
"2022-11-06 11:00:00",N,NORTE,RR,RORAIMA,"TIPO I",TÉRMICA,Gás,"Jaguatirica II",RRJII,UTE.GN.RR.044619-0.01,5052500000
"2022-11-06 12:00:00",N,NORTE,RR,RORAIMA,"TIPO I",TÉRMICA,Gás,"Jaguatirica II",RRJII,UTE.GN.RR.044619-0.01,4962500000
"2022-11-06 13:00:00",N,NORTE,RR,RORAIMA,"TIPO I",TÉRMICA,Gás,"Jaguatirica II",RRJII,UTE.GN.RR.044619-0.01,4631500000
"2022-11-06 14:00:00",N,NORTE,RR,RORAIMA,"TIPO I",TÉRMICA,Gás,"Jaguatirica II",RRJII,UTE.GN.RR.044619-0.01,4632100000
"2022-11-06 15:00:00",N,NORTE,RR,RORAIMA,"TIPO I",TÉRMICA,Gás,"Jaguatirica II",RRJII,UTE.GN.RR.044619-0.01,4632100000
"2022-11-06 16:00:00",N,NORTE,RR,RORAIMA,"TIPO I",TÉRMICA,Gás,"Jaguatirica II",RRJII,UTE.GN.RR.044619-0.01,4631700000
"2022-11-06 17:00:00",N,NORTE,RR,RORAIMA,"TIPO I",TÉRMICA,Gás,"Jaguatirica II",RRJII,UTE.GN.RR.044619-0.01,4631900000
"2022-11-06 18:00:00",N,NORTE,RR,RORAIMA,"TIPO I",TÉRMICA,Gás,"Jaguatirica II",RRJII,UTE.GN.RR.044619-0.01,4841500000
"2022-11-06 19:00:00",N,NORTE,RR,RORAIMA,"TIPO I",TÉRMICA,Gás,"Jaguatirica II",RRJII,UTE.GN.RR.044619-0.01,6642400000
"2022-11-06 20:00:00",N,NORTE,RR,RORAIMA,"TIPO I",TÉRMICA,Gás,"Jaguatirica II",RRJII,UTE.GN.RR.044619-0.01,6902500000
"2022-11-06 21:00:00",N,NORTE,RR,RORAIMA,"TIPO I",TÉRMICA,Gás,"Jaguatirica II",RRJII,UTE.GN.RR.044619-0.01,6900300000
"2022-11-06 22:00:00",N,NORTE,RR,RORAIMA,"TIPO I",TÉRMICA,Gás,"Jaguatirica II",RRJII,UTE.GN.RR.044619-0.01,6900300000
"2022-11-06 23:00:00",N,NORTE,RR,RORAIMA,"TIPO I",TÉRMICA,Gás,"Jaguatirica II",RRJII,UTE.GN.RR.044619-0.01,6897100000
"2022-11-07 00:00:00",N,NORTE,RR,RORAIMA,"TIPO I",TÉRMICA,Gás,"Jaguatirica II",RRJII,UTE.GN.RR.044619-0.01,6895800000
"2022-11-07 01:00:00",N,NORTE,RR,RORAIMA,"TIPO I",TÉRMICA,Gás,"Jaguatirica II",RRJII,UTE.GN.RR.044619-0.01,6897100000
"2022-11-07 02:00:00",N,NORTE,RR,RORAIMA,"TIPO I",TÉRMICA,Gás,"Jaguatirica II",RRJII,UTE.GN.RR.044619-0.01,6898100000
"2022-11-07 03:00:00",N,NORTE,RR,RORAIMA,"TIPO I",TÉRMICA,Gás,"Jaguatirica II",RRJII,UTE.GN.RR.044619-0.01,6898000000
"2022-11-07 04:00:00",N,NORTE,RR,RORAIMA,"TIPO I",TÉRMICA,Gás,"Jaguatirica II",RRJII,UTE.GN.RR.044619-0.01,6797400000
"2022-11-07 05:00:00",N,NORTE,RR,RORAIMA,"TIPO I",TÉRMICA,Gás,"Jaguatirica II",RRJII,UTE.GN.RR.044619-0.01,6531400000
"2022-11-07 06:00:00",N,NORTE,RR,RORAIMA,"TIPO I",TÉRMICA,Gás,"Jaguatirica II",RRJII,UTE.GN.RR.044619-0.01,6004200000
"2022-11-07 07:00:00",N,NORTE,RR,RORAIMA,"TIPO I",TÉRMICA,Gás,"Jaguatirica II",RRJII,UTE.GN.RR.044619-0.01,4886500000
"2022-11-07 08:00:00",N,NORTE,RR,RORAIMA,"TIPO I",TÉRMICA,Gás,"Jaguatirica II",RRJII,UTE.GN.RR.044619-0.01,5150700000
"2022-11-07 09:00:00",N,NORTE,RR,RORAIMA,"TIPO I",TÉRMICA,Gás,"Jaguatirica II",RRJII,UTE.GN.RR.044619-0.01,6700300000
"2022-11-07 10:00:00",N,NORTE,RR,RORAIMA,"TIPO I",TÉRMICA,Gás,"Jaguatirica II",RRJII,UTE.GN.RR.044619-0.01,6905600000
"2022-11-07 11:00:00",N,NORTE,RR,RORAIMA,"TIPO I",TÉRMICA,Gás,"Jaguatirica II",RRJII,UTE.GN.RR.044619-0.01,6916200000
"2022-11-07 12:00:00",N,NORTE,RR,RORAIMA,"TIPO I",TÉRMICA,Gás,"Jaguatirica II",RRJII,UTE.GN.RR.044619-0.01,6918600000
"2022-11-07 13:00:00",N,NORTE,RR,RORAIMA,"TIPO I",TÉRMICA,Gás,"Jaguatirica II",RRJII,UTE.GN.RR.044619-0.01,6907300000
"2022-11-07 14:00:00",N,NORTE,RR,RORAIMA,"TIPO I",TÉRMICA,Gás,"Jaguatirica II",RRJII,UTE.GN.RR.044619-0.01,6915000000
"2022-11-07 15:00:00",N,NORTE,RR,RORAIMA,"TIPO I",TÉRMICA,Gás,"Jaguatirica II",RRJII,UTE.GN.RR.044619-0.01,6917100000
"2022-11-07 16:00:00",N,NORTE,RR,RORAIMA,"TIPO I",TÉRMICA,Gás,"Jaguatirica II",RRJII,UTE.GN.RR.044619-0.01,6918100000
"2022-11-07 17:00:00",N,NORTE,RR,RORAIMA,"TIPO I",TÉRMICA,Gás,"Jaguatirica II",RRJII,UTE.GN.RR.044619-0.01,6919000000
"2022-11-07 18:00:00",N,NORTE,RR,RORAIMA,"TIPO I",TÉRMICA,Gás,"Jaguatirica II",RRJII,UTE.GN.RR.044619-0.01,6920700000
"2022-11-07 19:00:00",N,NORTE,RR,RORAIMA,"TIPO I",TÉRMICA,Gás,"Jaguatirica II",RRJII,UTE.GN.RR.044619-0.01,6903800000
"2022-11-07 20:00:00",N,NORTE,RR,RORAIMA,"TIPO I",TÉRMICA,Gás,"Jaguatirica II",RRJII,UTE.GN.RR.044619-0.01,6920200000
"2022-11-07 21:00:00",N,NORTE,RR,RORAIMA,"TIPO I",TÉRMICA,Gás,"Jaguatirica II",RRJII,UTE.GN.RR.044619-0.01,6920500000
"2022-11-07 22:00:00",N,NORTE,RR,RORAIMA,"TIPO I",TÉRMICA,Gás,"Jaguatirica II",RRJII,UTE.GN.RR.044619-0.01,6904800000
"2022-11-07 23:00:00",N,NORTE,RR,RORAIMA,"TIPO I",TÉRMICA,Gás,"Jaguatirica II",RRJII,UTE.GN.RR.044619-0.01,6902900000
"2022-11-08 00:00:00",N,NORTE,RR,RORAIMA,"TIPO I",TÉRMICA,Gás,"Jaguatirica II",RRJII,UTE.GN.RR.044619-0.01,6907200000
"2022-11-08 01:00:00",N,NORTE,RR,RORAIMA,"TIPO I",TÉRMICA,Gás,"Jaguatirica II",RRJII,UTE.GN.RR.044619-0.01,6907100000
"2022-11-08 02:00:00",N,NORTE,RR,RORAIMA,"TIPO I",TÉRMICA,Gás,"Jaguatirica II",RRJII,UTE.GN.RR.044619-0.01,6902500000
"2022-11-08 03:00:00",N,NORTE,RR,RORAIMA,"TIPO I",TÉRMICA,Gás,"Jaguatirica II",RRJII,UTE.GN.RR.044619-0.01,6901400000
"2022-11-08 04:00:00",N,NORTE,RR,RORAIMA,"TIPO I",TÉRMICA,Gás,"Jaguatirica II",RRJII,UTE.GN.RR.044619-0.01,6902600000
"2022-11-08 05:00:00",N,NORTE,RR,RORAIMA,"TIPO I",TÉRMICA,Gás,"Jaguatirica II",RRJII,UTE.GN.RR.044619-0.01,6900000000
"2022-11-08 06:00:00",N,NORTE,RR,RORAIMA,"TIPO I",TÉRMICA,Gás,"Jaguatirica II",RRJII,UTE.GN.RR.044619-0.01,6870900000
"2022-11-08 07:00:00",N,NORTE,RR,RORAIMA,"TIPO I",TÉRMICA,Gás,"Jaguatirica II",RRJII,UTE.GN.RR.044619-0.01,5868900000
"2022-11-08 08:00:00",N,NORTE,RR,RORAIMA,"TIPO I",TÉRMICA,Gás,"Jaguatirica II",RRJII,UTE.GN.RR.044619-0.01,5961900000
"2022-11-08 09:00:00",N,NORTE,RR,RORAIMA,"TIPO I",TÉRMICA,Gás,"Jaguatirica II",RRJII,UTE.GN.RR.044619-0.01,6820600000
"2022-11-08 10:00:00",N,NORTE,RR,RORAIMA,"TIPO I",TÉRMICA,Gás,"Jaguatirica II",RRJII,UTE.GN.RR.044619-0.01,6911800000
"2022-11-08 11:00:00",N,NORTE,RR,RORAIMA,"TIPO I",TÉRMICA,Gás,"Jaguatirica II",RRJII,UTE.GN.RR.044619-0.01,6908700000
"2022-11-08 12:00:00",N,NORTE,RR,RORAIMA,"TIPO I",TÉRMICA,Gás,"Jaguatirica II",RRJII,UTE.GN.RR.044619-0.01,6903200000
"2022-11-08 13:00:00",N,NORTE,RR,RORAIMA,"TIPO I",TÉRMICA,Gás,"Jaguatirica II",RRJII,UTE.GN.RR.044619-0.01,6904600000
"2022-11-08 14:00:00",N,NORTE,RR,RORAIMA,"TIPO I",TÉRMICA,Gás,"Jaguatirica II",RRJII,UTE.GN.RR.044619-0.01,6908900000
"2022-11-08 15:00:00",N,NORTE,RR,RORAIMA,"TIPO I",TÉRMICA,Gás,"Jaguatirica II",RRJII,UTE.GN.RR.044619-0.01,6911100000
"2022-11-08 16:00:00",N,NORTE,RR,RORAIMA,"TIPO I",TÉRMICA,Gás,"Jaguatirica II",RRJII,UTE.GN.RR.044619-0.01,6908500000
"2022-11-08 17:00:00",N,NORTE,RR,RORAIMA,"TIPO I",TÉRMICA,Gás,"Jaguatirica II",RRJII,UTE.GN.RR.044619-0.01,6912400000
"2022-11-08 18:00:00",N,NORTE,RR,RORAIMA,"TIPO I",TÉRMICA,Gás,"Jaguatirica II",RRJII,UTE.GN.RR.044619-0.01,6912300000
"2022-11-08 19:00:00",N,NORTE,RR,RORAIMA,"TIPO I",TÉRMICA,Gás,"Jaguatirica II",RRJII,UTE.GN.RR.044619-0.01,6911600000
"2022-11-08 20:00:00",N,NORTE,RR,RORAIMA,"TIPO I",TÉRMICA,Gás,"Jaguatirica II",RRJII,UTE.GN.RR.044619-0.01,6909800000
"2022-11-08 21:00:00",N,NORTE,RR,RORAIMA,"TIPO I",TÉRMICA,Gás,"Jaguatirica II",RRJII,UTE.GN.RR.044619-0.01,5967800000
"2022-11-08 22:00:00",N,NORTE,RR,RORAIMA,"TIPO I",TÉRMICA,Gás,"Jaguatirica II",RRJII,UTE.GN.RR.044619-0.01,5400100000
"2022-11-08 23:00:00",N,NORTE,RR,RORAIMA,"TIPO I",TÉRMICA,Gás,"Jaguatirica II",RRJII,UTE.GN.RR.044619-0.01,6812400000
"2022-11-09 00:00:00",N,NORTE,RR,RORAIMA,"TIPO I",TÉRMICA,Gás,"Jaguatirica II",RRJII,UTE.GN.RR.044619-0.01,6872000000
"2022-11-09 01:00:00",N,NORTE,RR,RORAIMA,"TIPO I",TÉRMICA,Gás,"Jaguatirica II",RRJII,UTE.GN.RR.044619-0.01,6094000000
"2022-11-09 02:00:00",N,NORTE,RR,RORAIMA,"TIPO I",TÉRMICA,Gás,"Jaguatirica II",RRJII,UTE.GN.RR.044619-0.01,5444100000
"2022-11-09 03:00:00",N,NORTE,RR,RORAIMA,"TIPO I",TÉRMICA,Gás,"Jaguatirica II",RRJII,UTE.GN.RR.044619-0.01,4850800000
"2022-11-09 04:00:00",N,NORTE,RR,RORAIMA,"TIPO I",TÉRMICA,Gás,"Jaguatirica II",RRJII,UTE.GN.RR.044619-0.01,4639300000
"2022-11-09 05:00:00",N,NORTE,RR,RORAIMA,"TIPO I",TÉRMICA,Gás,"Jaguatirica II",RRJII,UTE.GN.RR.044619-0.01,4221000000
"2022-11-09 06:00:00",N,NORTE,RR,RORAIMA,"TIPO I",TÉRMICA,Gás,"Jaguatirica II",RRJII,UTE.GN.RR.044619-0.01,3948100000
"2022-11-09 07:00:00",N,NORTE,RR,RORAIMA,"TIPO I",TÉRMICA,Gás,"Jaguatirica II",RRJII,UTE.GN.RR.044619-0.01,3851600000
"2022-11-09 08:00:00",N,NORTE,RR,RORAIMA,"TIPO I",TÉRMICA,Gás,"Jaguatirica II",RRJII,UTE.GN.RR.044619-0.01,3850900000
"2022-11-09 09:00:00",N,NORTE,RR,RORAIMA,"TIPO I",TÉRMICA,Gás,"Jaguatirica II",RRJII,UTE.GN.RR.044619-0.01,4432000000
"2022-11-09 10:00:00",N,NORTE,RR,RORAIMA,"TIPO I",TÉRMICA,Gás,"Jaguatirica II",RRJII,UTE.GN.RR.044619-0.01,4601800000
"2022-11-09 11:00:00",N,NORTE,RR,RORAIMA,"TIPO I",TÉRMICA,Gás,"Jaguatirica II",RRJII,UTE.GN.RR.044619-0.01,5481400000
"2022-11-09 12:00:00",N,NORTE,RR,RORAIMA,"TIPO I",TÉRMICA,Gás,"Jaguatirica II",RRJII,UTE.GN.RR.044619-0.01,6560400000
"2022-11-09 13:00:00",N,NORTE,RR,RORAIMA,"TIPO I",TÉRMICA,Gás,"Jaguatirica II",RRJII,UTE.GN.RR.044619-0.01,5606300000
"2022-11-09 14:00:00",N,NORTE,RR,RORAIMA,"TIPO I",TÉRMICA,Gás,"Jaguatirica II",RRJII,UTE.GN.RR.044619-0.01,5606000000
"2022-11-09 15:00:00",N,NORTE,RR,RORAIMA,"TIPO I",TÉRMICA,Gás,"Jaguatirica II",RRJII,UTE.GN.RR.044619-0.01,5604000000
"2022-11-09 16:00:00",N,NORTE,RR,RORAIMA,"TIPO I",TÉRMICA,Gás,"Jaguatirica II",RRJII,UTE.GN.RR.044619-0.01,5604900000
"2022-11-09 17:00:00",N,NORTE,RR,RORAIMA,"TIPO I",TÉRMICA,Gás,"Jaguatirica II",RRJII,UTE.GN.RR.044619-0.01,5603900000
"2022-11-09 18:00:00",N,NORTE,RR,RORAIMA,"TIPO I",TÉRMICA,Gás,"Jaguatirica II",RRJII,UTE.GN.RR.044619-0.01,5279700000
"2022-11-09 19:00:00",N,NORTE,RR,RORAIMA,"TIPO I",TÉRMICA,Gás,"Jaguatirica II",RRJII,UTE.GN.RR.044619-0.01,5281900000
"2022-11-09 20:00:00",N,NORTE,RR,RORAIMA,"TIPO I",TÉRMICA,Gás,"Jaguatirica II",RRJII,UTE.GN.RR.044619-0.01,6006100000
"2022-11-09 21:00:00",N,NORTE,RR,RORAIMA,"TIPO I",TÉRMICA,Gás,"Jaguatirica II",RRJII,UTE.GN.RR.044619-0.01,6007100000
"2022-11-09 22:00:00",N,NORTE,RR,RORAIMA,"TIPO I",TÉRMICA,Gás,"Jaguatirica II",RRJII,UTE.GN.RR.044619-0.01,6424400000
"2022-11-09 23:00:00",N,NORTE,RR,RORAIMA,"TIPO I",TÉRMICA,Gás,"Jaguatirica II",RRJII,UTE.GN.RR.044619-0.01,6449000000
"2022-11-10 00:00:00",N,NORTE,RR,RORAIMA,"TIPO I",TÉRMICA,Gás,"Jaguatirica II",RRJII,UTE.GN.RR.044619-0.01,6506400000
"2022-11-10 01:00:00",N,NORTE,RR,RORAIMA,"TIPO I",TÉRMICA,Gás,"Jaguatirica II",RRJII,UTE.GN.RR.044619-0.01,6894300000
"2022-11-10 02:00:00",N,NORTE,RR,RORAIMA,"TIPO I",TÉRMICA,Gás,"Jaguatirica II",RRJII,UTE.GN.RR.044619-0.01,6891400000
"2022-11-10 03:00:00",N,NORTE,RR,RORAIMA,"TIPO I",TÉRMICA,Gás,"Jaguatirica II",RRJII,UTE.GN.RR.044619-0.01,6037900000
"2022-11-10 04:00:00",N,NORTE,RR,RORAIMA,"TIPO I",TÉRMICA,Gás,"Jaguatirica II",RRJII,UTE.GN.RR.044619-0.01,5252100000
"2022-11-10 05:00:00",N,NORTE,RR,RORAIMA,"TIPO I",TÉRMICA,Gás,"Jaguatirica II",RRJII,UTE.GN.RR.044619-0.01,4720300000
"2022-11-10 06:00:00",N,NORTE,RR,RORAIMA,"TIPO I",TÉRMICA,Gás,"Jaguatirica II",RRJII,UTE.GN.RR.044619-0.01,4211000000
"2022-11-10 07:00:00",N,NORTE,RR,RORAIMA,"TIPO I",TÉRMICA,Gás,"Jaguatirica II",RRJII,UTE.GN.RR.044619-0.01,3828600000
"2022-11-10 08:00:00",N,NORTE,RR,RORAIMA,"TIPO I",TÉRMICA,Gás,"Jaguatirica II",RRJII,UTE.GN.RR.044619-0.01,3829300000
"2022-11-10 09:00:00",N,NORTE,RR,RORAIMA,"TIPO I",TÉRMICA,Gás,"Jaguatirica II",RRJII,UTE.GN.RR.044619-0.01,4516800000
"2022-11-10 10:00:00",N,NORTE,RR,RORAIMA,"TIPO I",TÉRMICA,Gás,"Jaguatirica II",RRJII,UTE.GN.RR.044619-0.01,5183800000
"2022-11-10 11:00:00",N,NORTE,RR,RORAIMA,"TIPO I",TÉRMICA,Gás,"Jaguatirica II",RRJII,UTE.GN.RR.044619-0.01,5933700000
"2022-11-10 12:00:00",N,NORTE,RR,RORAIMA,"TIPO I",TÉRMICA,Gás,"Jaguatirica II",RRJII,UTE.GN.RR.044619-0.01,6419200000
"2022-11-10 13:00:00",N,NORTE,RR,RORAIMA,"TIPO I",TÉRMICA,Gás,"Jaguatirica II",RRJII,UTE.GN.RR.044619-0.01,6347600000
"2022-11-10 14:00:00",N,NORTE,RR,RORAIMA,"TIPO I",TÉRMICA,Gás,"Jaguatirica II",RRJII,UTE.GN.RR.044619-0.01,6343900000
"2022-11-10 15:00:00",N,NORTE,RR,RORAIMA,"TIPO I",TÉRMICA,Gás,"Jaguatirica II",RRJII,UTE.GN.RR.044619-0.01,6833400000
"2022-11-10 16:00:00",N,NORTE,RR,RORAIMA,"TIPO I",TÉRMICA,Gás,"Jaguatirica II",RRJII,UTE.GN.RR.044619-0.01,6858200000
"2022-11-10 17:00:00",N,NORTE,RR,RORAIMA,"TIPO I",TÉRMICA,Gás,"Jaguatirica II",RRJII,UTE.GN.RR.044619-0.01,6868400000
"2022-11-10 18:00:00",N,NORTE,RR,RORAIMA,"TIPO I",TÉRMICA,Gás,"Jaguatirica II",RRJII,UTE.GN.RR.044619-0.01,6881900000
"2022-11-10 19:00:00",N,NORTE,RR,RORAIMA,"TIPO I",TÉRMICA,Gás,"Jaguatirica II",RRJII,UTE.GN.RR.044619-0.01,6899900000
"2022-11-10 20:00:00",N,NORTE,RR,RORAIMA,"TIPO I",TÉRMICA,Gás,"Jaguatirica II",RRJII,UTE.GN.RR.044619-0.01,6904200000
"2022-11-10 21:00:00",N,NORTE,RR,RORAIMA,"TIPO I",TÉRMICA,Gás,"Jaguatirica II",RRJII,UTE.GN.RR.044619-0.01,6895300000
"2022-11-10 22:00:00",N,NORTE,RR,RORAIMA,"TIPO I",TÉRMICA,Gás,"Jaguatirica II",RRJII,UTE.GN.RR.044619-0.01,6890600000
"2022-11-10 23:00:00",N,NORTE,RR,RORAIMA,"TIPO I",TÉRMICA,Gás,"Jaguatirica II",RRJII,UTE.GN.RR.044619-0.01,6914900000
"2022-11-11 00:00:00",N,NORTE,RR,RORAIMA,"TIPO I",TÉRMICA,Gás,"Jaguatirica II",RRJII,UTE.GN.RR.044619-0.01,6913500000
"2022-11-11 01:00:00",N,NORTE,RR,RORAIMA,"TIPO I",TÉRMICA,Gás,"Jaguatirica II",RRJII,UTE.GN.RR.044619-0.01,6907900000
"2022-11-11 02:00:00",N,NORTE,RR,RORAIMA,"TIPO I",TÉRMICA,Gás,"Jaguatirica II",RRJII,UTE.GN.RR.044619-0.01,6911500000
"2022-11-11 03:00:00",N,NORTE,RR,RORAIMA,"TIPO I",TÉRMICA,Gás,"Jaguatirica II",RRJII,UTE.GN.RR.044619-0.01,6914300000
"2022-11-11 04:00:00",N,NORTE,RR,RORAIMA,"TIPO I",TÉRMICA,Gás,"Jaguatirica II",RRJII,UTE.GN.RR.044619-0.01,6911800000
"2022-11-11 05:00:00",N,NORTE,RR,RORAIMA,"TIPO I",TÉRMICA,Gás,"Jaguatirica II",RRJII,UTE.GN.RR.044619-0.01,6573800000
"2022-11-11 06:00:00",N,NORTE,RR,RORAIMA,"TIPO I",TÉRMICA,Gás,"Jaguatirica II",RRJII,UTE.GN.RR.044619-0.01,5627300000
"2022-11-11 07:00:00",N,NORTE,RR,RORAIMA,"TIPO I",TÉRMICA,Gás,"Jaguatirica II",RRJII,UTE.GN.RR.044619-0.01,4068200000
"2022-11-11 08:00:00",N,NORTE,RR,RORAIMA,"TIPO I",TÉRMICA,Gás,"Jaguatirica II",RRJII,UTE.GN.RR.044619-0.01,4034900000
"2022-11-11 09:00:00",N,NORTE,RR,RORAIMA,"TIPO I",TÉRMICA,Gás,"Jaguatirica II",RRJII,UTE.GN.RR.044619-0.01,5215800000
"2022-11-11 10:00:00",N,NORTE,RR,RORAIMA,"TIPO I",TÉRMICA,Gás,"Jaguatirica II",RRJII,UTE.GN.RR.044619-0.01,5877600000
"2022-11-11 11:00:00",N,NORTE,RR,RORAIMA,"TIPO I",TÉRMICA,Gás,"Jaguatirica II",RRJII,UTE.GN.RR.044619-0.01,6409400000
"2022-11-11 12:00:00",N,NORTE,RR,RORAIMA,"TIPO I",TÉRMICA,Gás,"Jaguatirica II",RRJII,UTE.GN.RR.044619-0.01,6410300000
"2022-11-11 13:00:00",N,NORTE,RR,RORAIMA,"TIPO I",TÉRMICA,Gás,"Jaguatirica II",RRJII,UTE.GN.RR.044619-0.01,6487800000
"2022-11-11 14:00:00",N,NORTE,RR,RORAIMA,"TIPO I",TÉRMICA,Gás,"Jaguatirica II",RRJII,UTE.GN.RR.044619-0.01,6858500000
"2022-11-11 15:00:00",N,NORTE,RR,RORAIMA,"TIPO I",TÉRMICA,Gás,"Jaguatirica II",RRJII,UTE.GN.RR.044619-0.01,6873600000
"2022-11-11 16:00:00",N,NORTE,RR,RORAIMA,"TIPO I",TÉRMICA,Gás,"Jaguatirica II",RRJII,UTE.GN.RR.044619-0.01,6893400000
"2022-11-11 17:00:00",N,NORTE,RR,RORAIMA,"TIPO I",TÉRMICA,Gás,"Jaguatirica II",RRJII,UTE.GN.RR.044619-0.01,6894000000
"2022-11-11 18:00:00",N,NORTE,RR,RORAIMA,"TIPO I",TÉRMICA,Gás,"Jaguatirica II",RRJII,UTE.GN.RR.044619-0.01,6890600000
"2022-11-11 19:00:00",N,NORTE,RR,RORAIMA,"TIPO I",TÉRMICA,Gás,"Jaguatirica II",RRJII,UTE.GN.RR.044619-0.01,6882300000
"2022-11-11 20:00:00",N,NORTE,RR,RORAIMA,"TIPO I",TÉRMICA,Gás,"Jaguatirica II",RRJII,UTE.GN.RR.044619-0.01,6910600000
"2022-11-11 21:00:00",N,NORTE,RR,RORAIMA,"TIPO I",TÉRMICA,Gás,"Jaguatirica II",RRJII,UTE.GN.RR.044619-0.01,6917700000
"2022-11-11 22:00:00",N,NORTE,RR,RORAIMA,"TIPO I",TÉRMICA,Gás,"Jaguatirica II",RRJII,UTE.GN.RR.044619-0.01,6912400000
"2022-11-11 23:00:00",N,NORTE,RR,RORAIMA,"TIPO I",TÉRMICA,Gás,"Jaguatirica II",RRJII,UTE.GN.RR.044619-0.01,6908200000
"2022-11-12 00:00:00",N,NORTE,RR,RORAIMA,"TIPO I",TÉRMICA,Gás,"Jaguatirica II",RRJII,UTE.GN.RR.044619-0.01,6906900000
"2022-11-12 01:00:00",N,NORTE,RR,RORAIMA,"TIPO I",TÉRMICA,Gás,"Jaguatirica II",RRJII,UTE.GN.RR.044619-0.01,6902400000
"2022-11-12 02:00:00",N,NORTE,RR,RORAIMA,"TIPO I",TÉRMICA,Gás,"Jaguatirica II",RRJII,UTE.GN.RR.044619-0.01,6900100000
"2022-11-12 03:00:00",N,NORTE,RR,RORAIMA,"TIPO I",TÉRMICA,Gás,"Jaguatirica II",RRJII,UTE.GN.RR.044619-0.01,6900700000
"2022-11-12 04:00:00",N,NORTE,RR,RORAIMA,"TIPO I",TÉRMICA,Gás,"Jaguatirica II",RRJII,UTE.GN.RR.044619-0.01,6840300000
"2022-11-12 05:00:00",N,NORTE,RR,RORAIMA,"TIPO I",TÉRMICA,Gás,"Jaguatirica II",RRJII,UTE.GN.RR.044619-0.01,6423500000
"2022-11-12 06:00:00",N,NORTE,RR,RORAIMA,"TIPO I",TÉRMICA,Gás,"Jaguatirica II",RRJII,UTE.GN.RR.044619-0.01,5710400000
"2022-11-12 07:00:00",N,NORTE,RR,RORAIMA,"TIPO I",TÉRMICA,Gás,"Jaguatirica II",RRJII,UTE.GN.RR.044619-0.01,4374300000
"2022-11-12 08:00:00",N,NORTE,RR,RORAIMA,"TIPO I",TÉRMICA,Gás,"Jaguatirica II",RRJII,UTE.GN.RR.044619-0.01,3890500000
"2022-11-12 09:00:00",N,NORTE,RR,RORAIMA,"TIPO I",TÉRMICA,Gás,"Jaguatirica II",RRJII,UTE.GN.RR.044619-0.01,4470800000
"2022-11-12 10:00:00",N,NORTE,RR,RORAIMA,"TIPO I",TÉRMICA,Gás,"Jaguatirica II",RRJII,UTE.GN.RR.044619-0.01,4852500000
"2022-11-12 11:00:00",N,NORTE,RR,RORAIMA,"TIPO I",TÉRMICA,Gás,"Jaguatirica II",RRJII,UTE.GN.RR.044619-0.01,5274700000
"2022-11-12 12:00:00",N,NORTE,RR,RORAIMA,"TIPO I",TÉRMICA,Gás,"Jaguatirica II",RRJII,UTE.GN.RR.044619-0.01,5305800000
"2022-11-12 13:00:00",N,NORTE,RR,RORAIMA,"TIPO I",TÉRMICA,Gás,"Jaguatirica II",RRJII,UTE.GN.RR.044619-0.01,5306600000
"2022-11-12 14:00:00",N,NORTE,RR,RORAIMA,"TIPO I",TÉRMICA,Gás,"Jaguatirica II",RRJII,UTE.GN.RR.044619-0.01,6116700000
"2022-11-12 15:00:00",N,NORTE,RR,RORAIMA,"TIPO I",TÉRMICA,Gás,"Jaguatirica II",RRJII,UTE.GN.RR.044619-0.01,6812800000
"2022-11-12 16:00:00",N,NORTE,RR,RORAIMA,"TIPO I",TÉRMICA,Gás,"Jaguatirica II",RRJII,UTE.GN.RR.044619-0.01,6824300000
"2022-11-12 17:00:00",N,NORTE,RR,RORAIMA,"TIPO I",TÉRMICA,Gás,"Jaguatirica II",RRJII,UTE.GN.RR.044619-0.01,6814600000
"2022-11-12 18:00:00",N,NORTE,RR,RORAIMA,"TIPO I",TÉRMICA,Gás,"Jaguatirica II",RRJII,UTE.GN.RR.044619-0.01,6550900000
"2022-11-12 19:00:00",N,NORTE,RR,RORAIMA,"TIPO I",TÉRMICA,Gás,"Jaguatirica II",RRJII,UTE.GN.RR.044619-0.01,6848900000
"2022-11-12 20:00:00",N,NORTE,RR,RORAIMA,"TIPO I",TÉRMICA,Gás,"Jaguatirica II",RRJII,UTE.GN.RR.044619-0.01,6878000000
"2022-11-12 21:00:00",N,NORTE,RR,RORAIMA,"TIPO I",TÉRMICA,Gás,"Jaguatirica II",RRJII,UTE.GN.RR.044619-0.01,6894300000
"2022-11-12 22:00:00",N,NORTE,RR,RORAIMA,"TIPO I",TÉRMICA,Gás,"Jaguatirica II",RRJII,UTE.GN.RR.044619-0.01,6899000000
"2022-11-12 23:00:00",N,NORTE,RR,RORAIMA,"TIPO I",TÉRMICA,Gás,"Jaguatirica II",RRJII,UTE.GN.RR.044619-0.01,6898900000
"2022-11-13 00:00:00",N,NORTE,RR,RORAIMA,"TIPO I",TÉRMICA,Gás,"Jaguatirica II",RRJII,UTE.GN.RR.044619-0.01,6903500000
"2022-11-13 01:00:00",N,NORTE,RR,RORAIMA,"TIPO I",TÉRMICA,Gás,"Jaguatirica II",RRJII,UTE.GN.RR.044619-0.01,6909200000
"2022-11-13 02:00:00",N,NORTE,RR,RORAIMA,"TIPO I",TÉRMICA,Gás,"Jaguatirica II",RRJII,UTE.GN.RR.044619-0.01,6909600000
"2022-11-13 03:00:00",N,NORTE,RR,RORAIMA,"TIPO I",TÉRMICA,Gás,"Jaguatirica II",RRJII,UTE.GN.RR.044619-0.01,6909000000
"2022-11-13 04:00:00",N,NORTE,RR,RORAIMA,"TIPO I",TÉRMICA,Gás,"Jaguatirica II",RRJII,UTE.GN.RR.044619-0.01,6904100000
"2022-11-13 05:00:00",N,NORTE,RR,RORAIMA,"TIPO I",TÉRMICA,Gás,"Jaguatirica II",RRJII,UTE.GN.RR.044619-0.01,6901500000
"2022-11-13 06:00:00",N,NORTE,RR,RORAIMA,"TIPO I",TÉRMICA,Gás,"Jaguatirica II",RRJII,UTE.GN.RR.044619-0.01,6607700000
"2022-11-13 07:00:00",N,NORTE,RR,RORAIMA,"TIPO I",TÉRMICA,Gás,"Jaguatirica II",RRJII,UTE.GN.RR.044619-0.01,5000500000
"2022-11-13 08:00:00",N,NORTE,RR,RORAIMA,"TIPO I",TÉRMICA,Gás,"Jaguatirica II",RRJII,UTE.GN.RR.044619-0.01,4129700000
"2022-11-13 09:00:00",N,NORTE,RR,RORAIMA,"TIPO I",TÉRMICA,Gás,"Jaguatirica II",RRJII,UTE.GN.RR.044619-0.01,3847200000
"2022-11-13 10:00:00",N,NORTE,RR,RORAIMA,"TIPO I",TÉRMICA,Gás,"Jaguatirica II",RRJII,UTE.GN.RR.044619-0.01,3848900000
"2022-11-13 11:00:00",N,NORTE,RR,RORAIMA,"TIPO I",TÉRMICA,Gás,"Jaguatirica II",RRJII,UTE.GN.RR.044619-0.01,3849000000
"2022-11-13 12:00:00",N,NORTE,RR,RORAIMA,"TIPO I",TÉRMICA,Gás,"Jaguatirica II",RRJII,UTE.GN.RR.044619-0.01,4012600000
"2022-11-13 13:00:00",N,NORTE,RR,RORAIMA,"TIPO I",TÉRMICA,Gás,"Jaguatirica II",RRJII,UTE.GN.RR.044619-0.01,5671000000
"2022-11-13 14:00:00",N,NORTE,RR,RORAIMA,"TIPO I",TÉRMICA,Gás,"Jaguatirica II",RRJII,UTE.GN.RR.044619-0.01,6833800000
"2022-11-13 15:00:00",N,NORTE,RR,RORAIMA,"TIPO I",TÉRMICA,Gás,"Jaguatirica II",RRJII,UTE.GN.RR.044619-0.01,6792900000
"2022-11-13 16:00:00",N,NORTE,RR,RORAIMA,"TIPO I",TÉRMICA,Gás,"Jaguatirica II",RRJII,UTE.GN.RR.044619-0.01,6790900000
"2022-11-13 17:00:00",N,NORTE,RR,RORAIMA,"TIPO I",TÉRMICA,Gás,"Jaguatirica II",RRJII,UTE.GN.RR.044619-0.01,6829000000
"2022-11-13 18:00:00",N,NORTE,RR,RORAIMA,"TIPO I",TÉRMICA,Gás,"Jaguatirica II",RRJII,UTE.GN.RR.044619-0.01,6878700000
"2022-11-13 19:00:00",N,NORTE,RR,RORAIMA,"TIPO I",TÉRMICA,Gás,"Jaguatirica II",RRJII,UTE.GN.RR.044619-0.01,6901900000
"2022-11-13 20:00:00",N,NORTE,RR,RORAIMA,"TIPO I",TÉRMICA,Gás,"Jaguatirica II",RRJII,UTE.GN.RR.044619-0.01,6897900000
"2022-11-13 21:00:00",N,NORTE,RR,RORAIMA,"TIPO I",TÉRMICA,Gás,"Jaguatirica II",RRJII,UTE.GN.RR.044619-0.01,6886100000
"2022-11-13 22:00:00",N,NORTE,RR,RORAIMA,"TIPO I",TÉRMICA,Gás,"Jaguatirica II",RRJII,UTE.GN.RR.044619-0.01,6893200000
"2022-11-13 23:00:00",N,NORTE,RR,RORAIMA,"TIPO I",TÉRMICA,Gás,"Jaguatirica II",RRJII,UTE.GN.RR.044619-0.01,6902400000
"2022-11-14 00:00:00",N,NORTE,RR,RORAIMA,"TIPO I",TÉRMICA,Gás,"Jaguatirica II",RRJII,UTE.GN.RR.044619-0.01,6901900000
"2022-11-14 01:00:00",N,NORTE,RR,RORAIMA,"TIPO I",TÉRMICA,Gás,"Jaguatirica II",RRJII,UTE.GN.RR.044619-0.01,6899700000
"2022-11-14 02:00:00",N,NORTE,RR,RORAIMA,"TIPO I",TÉRMICA,Gás,"Jaguatirica II",RRJII,UTE.GN.RR.044619-0.01,6897800000
"2022-11-14 03:00:00",N,NORTE,RR,RORAIMA,"TIPO I",TÉRMICA,Gás,"Jaguatirica II",RRJII,UTE.GN.RR.044619-0.01,6893900000
"2022-11-14 04:00:00",N,NORTE,RR,RORAIMA,"TIPO I",TÉRMICA,Gás,"Jaguatirica II",RRJII,UTE.GN.RR.044619-0.01,6896700000
"2022-11-14 05:00:00",N,NORTE,RR,RORAIMA,"TIPO I",TÉRMICA,Gás,"Jaguatirica II",RRJII,UTE.GN.RR.044619-0.01,6898800000
"2022-11-14 06:00:00",N,NORTE,RR,RORAIMA,"TIPO I",TÉRMICA,Gás,"Jaguatirica II",RRJII,UTE.GN.RR.044619-0.01,6929100000
"2022-11-14 07:00:00",N,NORTE,RR,RORAIMA,"TIPO I",TÉRMICA,Gás,"Jaguatirica II",RRJII,UTE.GN.RR.044619-0.01,6906200000
"2022-11-14 08:00:00",N,NORTE,RR,RORAIMA,"TIPO I",TÉRMICA,Gás,"Jaguatirica II",RRJII,UTE.GN.RR.044619-0.01,6875900000
"2022-11-14 09:00:00",N,NORTE,RR,RORAIMA,"TIPO I",TÉRMICA,Gás,"Jaguatirica II",RRJII,UTE.GN.RR.044619-0.01,6886000000
"2022-11-14 10:00:00",N,NORTE,RR,RORAIMA,"TIPO I",TÉRMICA,Gás,"Jaguatirica II",RRJII,UTE.GN.RR.044619-0.01,6891900000
"2022-11-14 11:00:00",N,NORTE,RR,RORAIMA,"TIPO I",TÉRMICA,Gás,"Jaguatirica II",RRJII,UTE.GN.RR.044619-0.01,6891700000
"2022-11-14 12:00:00",N,NORTE,RR,RORAIMA,"TIPO I",TÉRMICA,Gás,"Jaguatirica II",RRJII,UTE.GN.RR.044619-0.01,6874900000
"2022-11-14 13:00:00",N,NORTE,RR,RORAIMA,"TIPO I",TÉRMICA,Gás,"Jaguatirica II",RRJII,UTE.GN.RR.044619-0.01,6894700000
"2022-11-14 14:00:00",N,NORTE,RR,RORAIMA,"TIPO I",TÉRMICA,Gás,"Jaguatirica II",RRJII,UTE.GN.RR.044619-0.01,6867900000
"2022-11-14 15:00:00",N,NORTE,RR,RORAIMA,"TIPO I",TÉRMICA,Gás,"Jaguatirica II",RRJII,UTE.GN.RR.044619-0.01,6815300000
"2022-11-14 16:00:00",N,NORTE,RR,RORAIMA,"TIPO I",TÉRMICA,Gás,"Jaguatirica II",RRJII,UTE.GN.RR.044619-0.01,6826300000
"2022-11-14 17:00:00",N,NORTE,RR,RORAIMA,"TIPO I",TÉRMICA,Gás,"Jaguatirica II",RRJII,UTE.GN.RR.044619-0.01,6859000000
"2022-11-14 18:00:00",N,NORTE,RR,RORAIMA,"TIPO I",TÉRMICA,Gás,"Jaguatirica II",RRJII,UTE.GN.RR.044619-0.01,6903100000
"2022-11-14 19:00:00",N,NORTE,RR,RORAIMA,"TIPO I",TÉRMICA,Gás,"Jaguatirica II",RRJII,UTE.GN.RR.044619-0.01,6912000000
"2022-11-14 20:00:00",N,NORTE,RR,RORAIMA,"TIPO I",TÉRMICA,Gás,"Jaguatirica II",RRJII,UTE.GN.RR.044619-0.01,6906000000
"2022-11-14 21:00:00",N,NORTE,RR,RORAIMA,"TIPO I",TÉRMICA,Gás,"Jaguatirica II",RRJII,UTE.GN.RR.044619-0.01,6901100000
"2022-11-14 22:00:00",N,NORTE,RR,RORAIMA,"TIPO I",TÉRMICA,Gás,"Jaguatirica II",RRJII,UTE.GN.RR.044619-0.01,6892500000
"2022-11-14 23:00:00",N,NORTE,RR,RORAIMA,"TIPO I",TÉRMICA,Gás,"Jaguatirica II",RRJII,UTE.GN.RR.044619-0.01,6899100000
"2022-11-15 00:00:00",N,NORTE,RR,RORAIMA,"TIPO I",TÉRMICA,Gás,"Jaguatirica II",RRJII,UTE.GN.RR.044619-0.01,6902700000
"2022-11-15 01:00:00",N,NORTE,RR,RORAIMA,"TIPO I",TÉRMICA,Gás,"Jaguatirica II",RRJII,UTE.GN.RR.044619-0.01,6898400000
"2022-11-15 02:00:00",N,NORTE,RR,RORAIMA,"TIPO I",TÉRMICA,Gás,"Jaguatirica II",RRJII,UTE.GN.RR.044619-0.01,6896600000
"2022-11-15 03:00:00",N,NORTE,RR,RORAIMA,"TIPO I",TÉRMICA,Gás,"Jaguatirica II",RRJII,UTE.GN.RR.044619-0.01,6896700000
"2022-11-15 04:00:00",N,NORTE,RR,RORAIMA,"TIPO I",TÉRMICA,Gás,"Jaguatirica II",RRJII,UTE.GN.RR.044619-0.01,6896400000
"2022-11-15 05:00:00",N,NORTE,RR,RORAIMA,"TIPO I",TÉRMICA,Gás,"Jaguatirica II",RRJII,UTE.GN.RR.044619-0.01,6910600000
"2022-11-15 06:00:00",N,NORTE,RR,RORAIMA,"TIPO I",TÉRMICA,Gás,"Jaguatirica II",RRJII,UTE.GN.RR.044619-0.01,6918200000
"2022-11-15 07:00:00",N,NORTE,RR,RORAIMA,"TIPO I",TÉRMICA,Gás,"Jaguatirica II",RRJII,UTE.GN.RR.044619-0.01,6919300000
"2022-11-15 08:00:00",N,NORTE,RR,RORAIMA,"TIPO I",TÉRMICA,Gás,"Jaguatirica II",RRJII,UTE.GN.RR.044619-0.01,6911900000
"2022-11-15 09:00:00",N,NORTE,RR,RORAIMA,"TIPO I",TÉRMICA,Gás,"Jaguatirica II",RRJII,UTE.GN.RR.044619-0.01,6907100000
"2022-11-15 10:00:00",N,NORTE,RR,RORAIMA,"TIPO I",TÉRMICA,Gás,"Jaguatirica II",RRJII,UTE.GN.RR.044619-0.01,6897700000
"2022-11-15 11:00:00",N,NORTE,RR,RORAIMA,"TIPO I",TÉRMICA,Gás,"Jaguatirica II",RRJII,UTE.GN.RR.044619-0.01,6897600000
"2022-11-15 12:00:00",N,NORTE,RR,RORAIMA,"TIPO I",TÉRMICA,Gás,"Jaguatirica II",RRJII,UTE.GN.RR.044619-0.01,6908700000
"2022-11-15 13:00:00",N,NORTE,RR,RORAIMA,"TIPO I",TÉRMICA,Gás,"Jaguatirica II",RRJII,UTE.GN.RR.044619-0.01,6891400000
"2022-11-15 14:00:00",N,NORTE,RR,RORAIMA,"TIPO I",TÉRMICA,Gás,"Jaguatirica II",RRJII,UTE.GN.RR.044619-0.01,6848500000
"2022-11-15 15:00:00",N,NORTE,RR,RORAIMA,"TIPO I",TÉRMICA,Gás,"Jaguatirica II",RRJII,UTE.GN.RR.044619-0.01,6864600000
"2022-11-15 16:00:00",N,NORTE,RR,RORAIMA,"TIPO I",TÉRMICA,Gás,"Jaguatirica II",RRJII,UTE.GN.RR.044619-0.01,6845800000
"2022-11-15 17:00:00",N,NORTE,RR,RORAIMA,"TIPO I",TÉRMICA,Gás,"Jaguatirica II",RRJII,UTE.GN.RR.044619-0.01,6876700000
"2022-11-15 18:00:00",N,NORTE,RR,RORAIMA,"TIPO I",TÉRMICA,Gás,"Jaguatirica II",RRJII,UTE.GN.RR.044619-0.01,6910100000
"2022-11-15 19:00:00",N,NORTE,RR,RORAIMA,"TIPO I",TÉRMICA,Gás,"Jaguatirica II",RRJII,UTE.GN.RR.044619-0.01,6908200000
"2022-11-15 20:00:00",N,NORTE,RR,RORAIMA,"TIPO I",TÉRMICA,Gás,"Jaguatirica II",RRJII,UTE.GN.RR.044619-0.01,6918300000
"2022-11-15 21:00:00",N,NORTE,RR,RORAIMA,"TIPO I",TÉRMICA,Gás,"Jaguatirica II",RRJII,UTE.GN.RR.044619-0.01,6913000000
"2022-11-15 22:00:00",N,NORTE,RR,RORAIMA,"TIPO I",TÉRMICA,Gás,"Jaguatirica II",RRJII,UTE.GN.RR.044619-0.01,6916200000
"2022-11-15 23:00:00",N,NORTE,RR,RORAIMA,"TIPO I",TÉRMICA,Gás,"Jaguatirica II",RRJII,UTE.GN.RR.044619-0.01,6919000000
"2022-11-16 00:00:00",N,NORTE,RR,RORAIMA,"TIPO I",TÉRMICA,Gás,"Jaguatirica II",RRJII,UTE.GN.RR.044619-0.01,6921300000
"2022-11-16 01:00:00",N,NORTE,RR,RORAIMA,"TIPO I",TÉRMICA,Gás,"Jaguatirica II",RRJII,UTE.GN.RR.044619-0.01,6859400000
"2022-11-16 02:00:00",N,NORTE,RR,RORAIMA,"TIPO I",TÉRMICA,Gás,"Jaguatirica II",RRJII,UTE.GN.RR.044619-0.01,6905700000
"2022-11-16 03:00:00",N,NORTE,RR,RORAIMA,"TIPO I",TÉRMICA,Gás,"Jaguatirica II",RRJII,UTE.GN.RR.044619-0.01,6925900000
"2022-11-16 04:00:00",N,NORTE,RR,RORAIMA,"TIPO I",TÉRMICA,Gás,"Jaguatirica II",RRJII,UTE.GN.RR.044619-0.01,6927600000
"2022-11-16 05:00:00",N,NORTE,RR,RORAIMA,"TIPO I",TÉRMICA,Gás,"Jaguatirica II",RRJII,UTE.GN.RR.044619-0.01,6930400000
"2022-11-16 06:00:00",N,NORTE,RR,RORAIMA,"TIPO I",TÉRMICA,Gás,"Jaguatirica II",RRJII,UTE.GN.RR.044619-0.01,6935300000
"2022-11-16 07:00:00",N,NORTE,RR,RORAIMA,"TIPO I",TÉRMICA,Gás,"Jaguatirica II",RRJII,UTE.GN.RR.044619-0.01,6935100000
"2022-11-16 08:00:00",N,NORTE,RR,RORAIMA,"TIPO I",TÉRMICA,Gás,"Jaguatirica II",RRJII,UTE.GN.RR.044619-0.01,6924600000
"2022-11-16 09:00:00",N,NORTE,RR,RORAIMA,"TIPO I",TÉRMICA,Gás,"Jaguatirica II",RRJII,UTE.GN.RR.044619-0.01,6915300000
"2022-11-16 10:00:00",N,NORTE,RR,RORAIMA,"TIPO I",TÉRMICA,Gás,"Jaguatirica II",RRJII,UTE.GN.RR.044619-0.01,7138800000
"2022-11-16 11:00:00",N,NORTE,RR,RORAIMA,"TIPO I",TÉRMICA,Gás,"Jaguatirica II",RRJII,UTE.GN.RR.044619-0.01,8332700000
"2022-11-16 12:00:00",N,NORTE,RR,RORAIMA,"TIPO I",TÉRMICA,Gás,"Jaguatirica II",RRJII,UTE.GN.RR.044619-0.01,8416100000
"2022-11-16 13:00:00",N,NORTE,RR,RORAIMA,"TIPO I",TÉRMICA,Gás,"Jaguatirica II",RRJII,UTE.GN.RR.044619-0.01,8415700000
"2022-11-16 14:00:00",N,NORTE,RR,RORAIMA,"TIPO I",TÉRMICA,Gás,"Jaguatirica II",RRJII,UTE.GN.RR.044619-0.01,8414500000
"2022-11-16 15:00:00",N,NORTE,RR,RORAIMA,"TIPO I",TÉRMICA,Gás,"Jaguatirica II",RRJII,UTE.GN.RR.044619-0.01,8414500000
"2022-11-16 16:00:00",N,NORTE,RR,RORAIMA,"TIPO I",TÉRMICA,Gás,"Jaguatirica II",RRJII,UTE.GN.RR.044619-0.01,8414600000
"2022-11-16 17:00:00",N,NORTE,RR,RORAIMA,"TIPO I",TÉRMICA,Gás,"Jaguatirica II",RRJII,UTE.GN.RR.044619-0.01,8414600000
"2022-11-16 18:00:00",N,NORTE,RR,RORAIMA,"TIPO I",TÉRMICA,Gás,"Jaguatirica II",RRJII,UTE.GN.RR.044619-0.01,8585600000
"2022-11-16 19:00:00",N,NORTE,RR,RORAIMA,"TIPO I",TÉRMICA,Gás,"Jaguatirica II",RRJII,UTE.GN.RR.044619-0.01,10043100000
"2022-11-16 20:00:00",N,NORTE,RR,RORAIMA,"TIPO I",TÉRMICA,Gás,"Jaguatirica II",RRJII,UTE.GN.RR.044619-0.01,10418000000
"2022-11-16 21:00:00",N,NORTE,RR,RORAIMA,"TIPO I",TÉRMICA,Gás,"Jaguatirica II",RRJII,UTE.GN.RR.044619-0.01,10444100000
"2022-11-16 22:00:00",N,NORTE,RR,RORAIMA,"TIPO I",TÉRMICA,Gás,"Jaguatirica II",RRJII,UTE.GN.RR.044619-0.01,10475200000
"2022-11-16 23:00:00",N,NORTE,RR,RORAIMA,"TIPO I",TÉRMICA,Gás,"Jaguatirica II",RRJII,UTE.GN.RR.044619-0.01,10452400000
"2022-11-17 00:00:00",N,NORTE,RR,RORAIMA,"TIPO I",TÉRMICA,Gás,"Jaguatirica II",RRJII,UTE.GN.RR.044619-0.01,10484600000
"2022-11-17 01:00:00",N,NORTE,RR,RORAIMA,"TIPO I",TÉRMICA,Gás,"Jaguatirica II",RRJII,UTE.GN.RR.044619-0.01,10526200000
"2022-11-17 02:00:00",N,NORTE,RR,RORAIMA,"TIPO I",TÉRMICA,Gás,"Jaguatirica II",RRJII,UTE.GN.RR.044619-0.01,10525400000
"2022-11-17 03:00:00",N,NORTE,RR,RORAIMA,"TIPO I",TÉRMICA,Gás,"Jaguatirica II",RRJII,UTE.GN.RR.044619-0.01,9250900000
"2022-11-17 04:00:00",N,NORTE,RR,RORAIMA,"TIPO I",TÉRMICA,Gás,"Jaguatirica II",RRJII,UTE.GN.RR.044619-0.01,6922100000
"2022-11-17 05:00:00",N,NORTE,RR,RORAIMA,"TIPO I",TÉRMICA,Gás,"Jaguatirica II",RRJII,UTE.GN.RR.044619-0.01,6926700000
"2022-11-17 06:00:00",N,NORTE,RR,RORAIMA,"TIPO I",TÉRMICA,Gás,"Jaguatirica II",RRJII,UTE.GN.RR.044619-0.01,6930300000
"2022-11-17 07:00:00",N,NORTE,RR,RORAIMA,"TIPO I",TÉRMICA,Gás,"Jaguatirica II",RRJII,UTE.GN.RR.044619-0.01,6934900000
"2022-11-17 08:00:00",N,NORTE,RR,RORAIMA,"TIPO I",TÉRMICA,Gás,"Jaguatirica II",RRJII,UTE.GN.RR.044619-0.01,6926200000
"2022-11-17 09:00:00",N,NORTE,RR,RORAIMA,"TIPO I",TÉRMICA,Gás,"Jaguatirica II",RRJII,UTE.GN.RR.044619-0.01,6913200000
"2022-11-17 10:00:00",N,NORTE,RR,RORAIMA,"TIPO I",TÉRMICA,Gás,"Jaguatirica II",RRJII,UTE.GN.RR.044619-0.01,6905300000
"2022-11-17 11:00:00",N,NORTE,RR,RORAIMA,"TIPO I",TÉRMICA,Gás,"Jaguatirica II",RRJII,UTE.GN.RR.044619-0.01,6899700000
"2022-11-17 12:00:00",N,NORTE,RR,RORAIMA,"TIPO I",TÉRMICA,Gás,"Jaguatirica II",RRJII,UTE.GN.RR.044619-0.01,6897100000
"2022-11-17 13:00:00",N,NORTE,RR,RORAIMA,"TIPO I",TÉRMICA,Gás,"Jaguatirica II",RRJII,UTE.GN.RR.044619-0.01,6858000000
"2022-11-17 14:00:00",N,NORTE,RR,RORAIMA,"TIPO I",TÉRMICA,Gás,"Jaguatirica II",RRJII,UTE.GN.RR.044619-0.01,6799500000
"2022-11-17 15:00:00",N,NORTE,RR,RORAIMA,"TIPO I",TÉRMICA,Gás,"Jaguatirica II",RRJII,UTE.GN.RR.044619-0.01,6761000000
"2022-11-17 16:00:00",N,NORTE,RR,RORAIMA,"TIPO I",TÉRMICA,Gás,"Jaguatirica II",RRJII,UTE.GN.RR.044619-0.01,6811500000
"2022-11-17 17:00:00",N,NORTE,RR,RORAIMA,"TIPO I",TÉRMICA,Gás,"Jaguatirica II",RRJII,UTE.GN.RR.044619-0.01,6834800000
"2022-11-17 18:00:00",N,NORTE,RR,RORAIMA,"TIPO I",TÉRMICA,Gás,"Jaguatirica II",RRJII,UTE.GN.RR.044619-0.01,6839400000
"2022-11-17 19:00:00",N,NORTE,RR,RORAIMA,"TIPO I",TÉRMICA,Gás,"Jaguatirica II",RRJII,UTE.GN.RR.044619-0.01,6878800000
"2022-11-17 20:00:00",N,NORTE,RR,RORAIMA,"TIPO I",TÉRMICA,Gás,"Jaguatirica II",RRJII,UTE.GN.RR.044619-0.01,6900700000
"2022-11-17 21:00:00",N,NORTE,RR,RORAIMA,"TIPO I",TÉRMICA,Gás,"Jaguatirica II",RRJII,UTE.GN.RR.044619-0.01,6908100000
"2022-11-17 22:00:00",N,NORTE,RR,RORAIMA,"TIPO I",TÉRMICA,Gás,"Jaguatirica II",RRJII,UTE.GN.RR.044619-0.01,6906600000
"2022-11-17 23:00:00",N,NORTE,RR,RORAIMA,"TIPO I",TÉRMICA,Gás,"Jaguatirica II",RRJII,UTE.GN.RR.044619-0.01,6907800000
"2022-11-18 00:00:00",N,NORTE,RR,RORAIMA,"TIPO I",TÉRMICA,Gás,"Jaguatirica II",RRJII,UTE.GN.RR.044619-0.01,6911300000
"2022-11-18 01:00:00",N,NORTE,RR,RORAIMA,"TIPO I",TÉRMICA,Gás,"Jaguatirica II",RRJII,UTE.GN.RR.044619-0.01,6899800000
"2022-11-18 02:00:00",N,NORTE,RR,RORAIMA,"TIPO I",TÉRMICA,Gás,"Jaguatirica II",RRJII,UTE.GN.RR.044619-0.01,6896500000
"2022-11-18 03:00:00",N,NORTE,RR,RORAIMA,"TIPO I",TÉRMICA,Gás,"Jaguatirica II",RRJII,UTE.GN.RR.044619-0.01,6896900000
"2022-11-18 04:00:00",N,NORTE,RR,RORAIMA,"TIPO I",TÉRMICA,Gás,"Jaguatirica II",RRJII,UTE.GN.RR.044619-0.01,6898600000
"2022-11-18 05:00:00",N,NORTE,RR,RORAIMA,"TIPO I",TÉRMICA,Gás,"Jaguatirica II",RRJII,UTE.GN.RR.044619-0.01,6899900000
"2022-11-18 06:00:00",N,NORTE,RR,RORAIMA,"TIPO I",TÉRMICA,Gás,"Jaguatirica II",RRJII,UTE.GN.RR.044619-0.01,6900500000
"2022-11-18 07:00:00",N,NORTE,RR,RORAIMA,"TIPO I",TÉRMICA,Gás,"Jaguatirica II",RRJII,UTE.GN.RR.044619-0.01,6909000000
"2022-11-18 08:00:00",N,NORTE,RR,RORAIMA,"TIPO I",TÉRMICA,Gás,"Jaguatirica II",RRJII,UTE.GN.RR.044619-0.01,6897200000
"2022-11-18 09:00:00",N,NORTE,RR,RORAIMA,"TIPO I",TÉRMICA,Gás,"Jaguatirica II",RRJII,UTE.GN.RR.044619-0.01,6913200000
"2022-11-18 10:00:00",N,NORTE,RR,RORAIMA,"TIPO I",TÉRMICA,Gás,"Jaguatirica II",RRJII,UTE.GN.RR.044619-0.01,6910600000
"2022-11-18 11:00:00",N,NORTE,RR,RORAIMA,"TIPO I",TÉRMICA,Gás,"Jaguatirica II",RRJII,UTE.GN.RR.044619-0.01,6916900000
"2022-11-18 12:00:00",N,NORTE,RR,RORAIMA,"TIPO I",TÉRMICA,Gás,"Jaguatirica II",RRJII,UTE.GN.RR.044619-0.01,6902500000
"2022-11-18 13:00:00",N,NORTE,RR,RORAIMA,"TIPO I",TÉRMICA,Gás,"Jaguatirica II",RRJII,UTE.GN.RR.044619-0.01,6882400000
"2022-11-18 14:00:00",N,NORTE,RR,RORAIMA,"TIPO I",TÉRMICA,Gás,"Jaguatirica II",RRJII,UTE.GN.RR.044619-0.01,6441200000
"2022-11-18 15:00:00",N,NORTE,RR,RORAIMA,"TIPO I",TÉRMICA,Gás,"Jaguatirica II",RRJII,UTE.GN.RR.044619-0.01,6382600000
"2022-11-18 16:00:00",N,NORTE,RR,RORAIMA,"TIPO I",TÉRMICA,Gás,"Jaguatirica II",RRJII,UTE.GN.RR.044619-0.01,6698900000
"2022-11-18 17:00:00",N,NORTE,RR,RORAIMA,"TIPO I",TÉRMICA,Gás,"Jaguatirica II",RRJII,UTE.GN.RR.044619-0.01,1359800000
"2022-11-18 18:00:00",N,NORTE,RR,RORAIMA,"TIPO I",TÉRMICA,Gás,"Jaguatirica II",RRJII,UTE.GN.RR.044619-0.01,0
"2022-11-18 19:00:00",N,NORTE,RR,RORAIMA,"TIPO I",TÉRMICA,Gás,"Jaguatirica II",RRJII,UTE.GN.RR.044619-0.01,0
"2022-11-18 20:00:00",N,NORTE,RR,RORAIMA,"TIPO I",TÉRMICA,Gás,"Jaguatirica II",RRJII,UTE.GN.RR.044619-0.01,471200000
"2022-11-18 21:00:00",N,NORTE,RR,RORAIMA,"TIPO I",TÉRMICA,Gás,"Jaguatirica II",RRJII,UTE.GN.RR.044619-0.01,1673300000
"2022-11-18 22:00:00",N,NORTE,RR,RORAIMA,"TIPO I",TÉRMICA,Gás,"Jaguatirica II",RRJII,UTE.GN.RR.044619-0.01,3174400000
"2022-11-18 23:00:00",N,NORTE,RR,RORAIMA,"TIPO I",TÉRMICA,Gás,"Jaguatirica II",RRJII,UTE.GN.RR.044619-0.01,6727000000
"2022-11-19 00:00:00",N,NORTE,RR,RORAIMA,"TIPO I",TÉRMICA,Gás,"Jaguatirica II",RRJII,UTE.GN.RR.044619-0.01,6932300000
"2022-11-19 01:00:00",N,NORTE,RR,RORAIMA,"TIPO I",TÉRMICA,Gás,"Jaguatirica II",RRJII,UTE.GN.RR.044619-0.01,6885700000
"2022-11-19 02:00:00",N,NORTE,RR,RORAIMA,"TIPO I",TÉRMICA,Gás,"Jaguatirica II",RRJII,UTE.GN.RR.044619-0.01,6938800000
"2022-11-19 03:00:00",N,NORTE,RR,RORAIMA,"TIPO I",TÉRMICA,Gás,"Jaguatirica II",RRJII,UTE.GN.RR.044619-0.01,6923800000
"2022-11-19 04:00:00",N,NORTE,RR,RORAIMA,"TIPO I",TÉRMICA,Gás,"Jaguatirica II",RRJII,UTE.GN.RR.044619-0.01,6918500000
"2022-11-19 05:00:00",N,NORTE,RR,RORAIMA,"TIPO I",TÉRMICA,Gás,"Jaguatirica II",RRJII,UTE.GN.RR.044619-0.01,6921900000
"2022-11-19 06:00:00",N,NORTE,RR,RORAIMA,"TIPO I",TÉRMICA,Gás,"Jaguatirica II",RRJII,UTE.GN.RR.044619-0.01,6922300000
"2022-11-19 07:00:00",N,NORTE,RR,RORAIMA,"TIPO I",TÉRMICA,Gás,"Jaguatirica II",RRJII,UTE.GN.RR.044619-0.01,6920600000
"2022-11-19 08:00:00",N,NORTE,RR,RORAIMA,"TIPO I",TÉRMICA,Gás,"Jaguatirica II",RRJII,UTE.GN.RR.044619-0.01,6913700000
"2022-11-19 09:00:00",N,NORTE,RR,RORAIMA,"TIPO I",TÉRMICA,Gás,"Jaguatirica II",RRJII,UTE.GN.RR.044619-0.01,6905600000
"2022-11-19 10:00:00",N,NORTE,RR,RORAIMA,"TIPO I",TÉRMICA,Gás,"Jaguatirica II",RRJII,UTE.GN.RR.044619-0.01,6895500000
"2022-11-19 11:00:00",N,NORTE,RR,RORAIMA,"TIPO I",TÉRMICA,Gás,"Jaguatirica II",RRJII,UTE.GN.RR.044619-0.01,6830300000
"2022-11-19 12:00:00",N,NORTE,RR,RORAIMA,"TIPO I",TÉRMICA,Gás,"Jaguatirica II",RRJII,UTE.GN.RR.044619-0.01,6881400000
"2022-11-19 13:00:00",N,NORTE,RR,RORAIMA,"TIPO I",TÉRMICA,Gás,"Jaguatirica II",RRJII,UTE.GN.RR.044619-0.01,6864600000
"2022-11-19 14:00:00",N,NORTE,RR,RORAIMA,"TIPO I",TÉRMICA,Gás,"Jaguatirica II",RRJII,UTE.GN.RR.044619-0.01,6880800000
"2022-11-19 15:00:00",N,NORTE,RR,RORAIMA,"TIPO I",TÉRMICA,Gás,"Jaguatirica II",RRJII,UTE.GN.RR.044619-0.01,6923100000
"2022-11-19 16:00:00",N,NORTE,RR,RORAIMA,"TIPO I",TÉRMICA,Gás,"Jaguatirica II",RRJII,UTE.GN.RR.044619-0.01,6912600000
"2022-11-19 17:00:00",N,NORTE,RR,RORAIMA,"TIPO I",TÉRMICA,Gás,"Jaguatirica II",RRJII,UTE.GN.RR.044619-0.01,6889400000
"2022-11-19 18:00:00",N,NORTE,RR,RORAIMA,"TIPO I",TÉRMICA,Gás,"Jaguatirica II",RRJII,UTE.GN.RR.044619-0.01,6886700000
"2022-11-19 19:00:00",N,NORTE,RR,RORAIMA,"TIPO I",TÉRMICA,Gás,"Jaguatirica II",RRJII,UTE.GN.RR.044619-0.01,6886200000
"2022-11-19 20:00:00",N,NORTE,RR,RORAIMA,"TIPO I",TÉRMICA,Gás,"Jaguatirica II",RRJII,UTE.GN.RR.044619-0.01,6883800000
"2022-11-19 21:00:00",N,NORTE,RR,RORAIMA,"TIPO I",TÉRMICA,Gás,"Jaguatirica II",RRJII,UTE.GN.RR.044619-0.01,6884000000
"2022-11-19 22:00:00",N,NORTE,RR,RORAIMA,"TIPO I",TÉRMICA,Gás,"Jaguatirica II",RRJII,UTE.GN.RR.044619-0.01,6886800000
"2022-11-19 23:00:00",N,NORTE,RR,RORAIMA,"TIPO I",TÉRMICA,Gás,"Jaguatirica II",RRJII,UTE.GN.RR.044619-0.01,6886200000
"2022-11-20 00:00:00",N,NORTE,RR,RORAIMA,"TIPO I",TÉRMICA,Gás,"Jaguatirica II",RRJII,UTE.GN.RR.044619-0.01,6881800000
"2022-11-20 01:00:00",N,NORTE,RR,RORAIMA,"TIPO I",TÉRMICA,Gás,"Jaguatirica II",RRJII,UTE.GN.RR.044619-0.01,6880100000
"2022-11-20 02:00:00",N,NORTE,RR,RORAIMA,"TIPO I",TÉRMICA,Gás,"Jaguatirica II",RRJII,UTE.GN.RR.044619-0.01,6879000000
"2022-11-20 03:00:00",N,NORTE,RR,RORAIMA,"TIPO I",TÉRMICA,Gás,"Jaguatirica II",RRJII,UTE.GN.RR.044619-0.01,6885800000
"2022-11-20 04:00:00",N,NORTE,RR,RORAIMA,"TIPO I",TÉRMICA,Gás,"Jaguatirica II",RRJII,UTE.GN.RR.044619-0.01,6891700000
"2022-11-20 05:00:00",N,NORTE,RR,RORAIMA,"TIPO I",TÉRMICA,Gás,"Jaguatirica II",RRJII,UTE.GN.RR.044619-0.01,6891900000
"2022-11-20 06:00:00",N,NORTE,RR,RORAIMA,"TIPO I",TÉRMICA,Gás,"Jaguatirica II",RRJII,UTE.GN.RR.044619-0.01,6890900000
"2022-11-20 07:00:00",N,NORTE,RR,RORAIMA,"TIPO I",TÉRMICA,Gás,"Jaguatirica II",RRJII,UTE.GN.RR.044619-0.01,6840600000
"2022-11-20 08:00:00",N,NORTE,RR,RORAIMA,"TIPO I",TÉRMICA,Gás,"Jaguatirica II",RRJII,UTE.GN.RR.044619-0.01,6877900000
"2022-11-20 09:00:00",N,NORTE,RR,RORAIMA,"TIPO I",TÉRMICA,Gás,"Jaguatirica II",RRJII,UTE.GN.RR.044619-0.01,6908200000
"2022-11-20 10:00:00",N,NORTE,RR,RORAIMA,"TIPO I",TÉRMICA,Gás,"Jaguatirica II",RRJII,UTE.GN.RR.044619-0.01,6907100000
"2022-11-20 11:00:00",N,NORTE,RR,RORAIMA,"TIPO I",TÉRMICA,Gás,"Jaguatirica II",RRJII,UTE.GN.RR.044619-0.01,6905000000
"2022-11-20 12:00:00",N,NORTE,RR,RORAIMA,"TIPO I",TÉRMICA,Gás,"Jaguatirica II",RRJII,UTE.GN.RR.044619-0.01,6890600000
"2022-11-20 13:00:00",N,NORTE,RR,RORAIMA,"TIPO I",TÉRMICA,Gás,"Jaguatirica II",RRJII,UTE.GN.RR.044619-0.01,6865100000
"2022-11-20 14:00:00",N,NORTE,RR,RORAIMA,"TIPO I",TÉRMICA,Gás,"Jaguatirica II",RRJII,UTE.GN.RR.044619-0.01,6868500000
"2022-11-20 15:00:00",N,NORTE,RR,RORAIMA,"TIPO I",TÉRMICA,Gás,"Jaguatirica II",RRJII,UTE.GN.RR.044619-0.01,6818200000
"2022-11-20 16:00:00",N,NORTE,RR,RORAIMA,"TIPO I",TÉRMICA,Gás,"Jaguatirica II",RRJII,UTE.GN.RR.044619-0.01,6858200000
"2022-11-20 17:00:00",N,NORTE,RR,RORAIMA,"TIPO I",TÉRMICA,Gás,"Jaguatirica II",RRJII,UTE.GN.RR.044619-0.01,6861300000
"2022-11-20 18:00:00",N,NORTE,RR,RORAIMA,"TIPO I",TÉRMICA,Gás,"Jaguatirica II",RRJII,UTE.GN.RR.044619-0.01,6855100000
"2022-11-20 19:00:00",N,NORTE,RR,RORAIMA,"TIPO I",TÉRMICA,Gás,"Jaguatirica II",RRJII,UTE.GN.RR.044619-0.01,6869300000
"2022-11-20 20:00:00",N,NORTE,RR,RORAIMA,"TIPO I",TÉRMICA,Gás,"Jaguatirica II",RRJII,UTE.GN.RR.044619-0.01,6902300000
"2022-11-20 21:00:00",N,NORTE,RR,RORAIMA,"TIPO I",TÉRMICA,Gás,"Jaguatirica II",RRJII,UTE.GN.RR.044619-0.01,6908900000
"2022-11-20 22:00:00",N,NORTE,RR,RORAIMA,"TIPO I",TÉRMICA,Gás,"Jaguatirica II",RRJII,UTE.GN.RR.044619-0.01,6911700000
"2022-11-20 23:00:00",N,NORTE,RR,RORAIMA,"TIPO I",TÉRMICA,Gás,"Jaguatirica II",RRJII,UTE.GN.RR.044619-0.01,6918400000
"2022-11-21 00:00:00",N,NORTE,RR,RORAIMA,"TIPO I",TÉRMICA,Gás,"Jaguatirica II",RRJII,UTE.GN.RR.044619-0.01,6901800000
"2022-11-21 01:00:00",N,NORTE,RR,RORAIMA,"TIPO I",TÉRMICA,Gás,"Jaguatirica II",RRJII,UTE.GN.RR.044619-0.01,6916900000
"2022-11-21 02:00:00",N,NORTE,RR,RORAIMA,"TIPO I",TÉRMICA,Gás,"Jaguatirica II",RRJII,UTE.GN.RR.044619-0.01,6914800000
"2022-11-21 03:00:00",N,NORTE,RR,RORAIMA,"TIPO I",TÉRMICA,Gás,"Jaguatirica II",RRJII,UTE.GN.RR.044619-0.01,6909100000
"2022-11-21 04:00:00",N,NORTE,RR,RORAIMA,"TIPO I",TÉRMICA,Gás,"Jaguatirica II",RRJII,UTE.GN.RR.044619-0.01,6914500000
"2022-11-21 05:00:00",N,NORTE,RR,RORAIMA,"TIPO I",TÉRMICA,Gás,"Jaguatirica II",RRJII,UTE.GN.RR.044619-0.01,6914600000
"2022-11-21 06:00:00",N,NORTE,RR,RORAIMA,"TIPO I",TÉRMICA,Gás,"Jaguatirica II",RRJII,UTE.GN.RR.044619-0.01,6917000000
"2022-11-21 07:00:00",N,NORTE,RR,RORAIMA,"TIPO I",TÉRMICA,Gás,"Jaguatirica II",RRJII,UTE.GN.RR.044619-0.01,6917000000
"2022-11-21 08:00:00",N,NORTE,RR,RORAIMA,"TIPO I",TÉRMICA,Gás,"Jaguatirica II",RRJII,UTE.GN.RR.044619-0.01,6921000000
"2022-11-21 09:00:00",N,NORTE,RR,RORAIMA,"TIPO I",TÉRMICA,Gás,"Jaguatirica II",RRJII,UTE.GN.RR.044619-0.01,6912300000
"2022-11-21 10:00:00",N,NORTE,RR,RORAIMA,"TIPO I",TÉRMICA,Gás,"Jaguatirica II",RRJII,UTE.GN.RR.044619-0.01,6903100000
"2022-11-21 11:00:00",N,NORTE,RR,RORAIMA,"TIPO I",TÉRMICA,Gás,"Jaguatirica II",RRJII,UTE.GN.RR.044619-0.01,6906600000
"2022-11-21 12:00:00",N,NORTE,RR,RORAIMA,"TIPO I",TÉRMICA,Gás,"Jaguatirica II",RRJII,UTE.GN.RR.044619-0.01,6878500000
"2022-11-21 13:00:00",N,NORTE,RR,RORAIMA,"TIPO I",TÉRMICA,Gás,"Jaguatirica II",RRJII,UTE.GN.RR.044619-0.01,6890400000
"2022-11-21 14:00:00",N,NORTE,RR,RORAIMA,"TIPO I",TÉRMICA,Gás,"Jaguatirica II",RRJII,UTE.GN.RR.044619-0.01,6927000000
"2022-11-21 15:00:00",N,NORTE,RR,RORAIMA,"TIPO I",TÉRMICA,Gás,"Jaguatirica II",RRJII,UTE.GN.RR.044619-0.01,6860500000
"2022-11-21 16:00:00",N,NORTE,RR,RORAIMA,"TIPO I",TÉRMICA,Gás,"Jaguatirica II",RRJII,UTE.GN.RR.044619-0.01,6871600000
"2022-11-21 17:00:00",N,NORTE,RR,RORAIMA,"TIPO I",TÉRMICA,Gás,"Jaguatirica II",RRJII,UTE.GN.RR.044619-0.01,6892300000
"2022-11-21 18:00:00",N,NORTE,RR,RORAIMA,"TIPO I",TÉRMICA,Gás,"Jaguatirica II",RRJII,UTE.GN.RR.044619-0.01,6922600000
"2022-11-21 19:00:00",N,NORTE,RR,RORAIMA,"TIPO I",TÉRMICA,Gás,"Jaguatirica II",RRJII,UTE.GN.RR.044619-0.01,6915300000
"2022-11-21 20:00:00",N,NORTE,RR,RORAIMA,"TIPO I",TÉRMICA,Gás,"Jaguatirica II",RRJII,UTE.GN.RR.044619-0.01,6885500000
"2022-11-21 21:00:00",N,NORTE,RR,RORAIMA,"TIPO I",TÉRMICA,Gás,"Jaguatirica II",RRJII,UTE.GN.RR.044619-0.01,6919900000
"2022-11-21 22:00:00",N,NORTE,RR,RORAIMA,"TIPO I",TÉRMICA,Gás,"Jaguatirica II",RRJII,UTE.GN.RR.044619-0.01,6923400000
"2022-11-21 23:00:00",N,NORTE,RR,RORAIMA,"TIPO I",TÉRMICA,Gás,"Jaguatirica II",RRJII,UTE.GN.RR.044619-0.01,6927700000
"2022-11-22 00:00:00",N,NORTE,RR,RORAIMA,"TIPO I",TÉRMICA,Gás,"Jaguatirica II",RRJII,UTE.GN.RR.044619-0.01,6931600000
"2022-11-22 01:00:00",N,NORTE,RR,RORAIMA,"TIPO I",TÉRMICA,Gás,"Jaguatirica II",RRJII,UTE.GN.RR.044619-0.01,6929900000
"2022-11-22 02:00:00",N,NORTE,RR,RORAIMA,"TIPO I",TÉRMICA,Gás,"Jaguatirica II",RRJII,UTE.GN.RR.044619-0.01,6927900000
"2022-11-22 03:00:00",N,NORTE,RR,RORAIMA,"TIPO I",TÉRMICA,Gás,"Jaguatirica II",RRJII,UTE.GN.RR.044619-0.01,6925400000
"2022-11-22 04:00:00",N,NORTE,RR,RORAIMA,"TIPO I",TÉRMICA,Gás,"Jaguatirica II",RRJII,UTE.GN.RR.044619-0.01,6926600000
"2022-11-22 05:00:00",N,NORTE,RR,RORAIMA,"TIPO I",TÉRMICA,Gás,"Jaguatirica II",RRJII,UTE.GN.RR.044619-0.01,6921600000
"2022-11-22 06:00:00",N,NORTE,RR,RORAIMA,"TIPO I",TÉRMICA,Gás,"Jaguatirica II",RRJII,UTE.GN.RR.044619-0.01,6923400000
"2022-11-22 07:00:00",N,NORTE,RR,RORAIMA,"TIPO I",TÉRMICA,Gás,"Jaguatirica II",RRJII,UTE.GN.RR.044619-0.01,6861100000
"2022-11-22 08:00:00",N,NORTE,RR,RORAIMA,"TIPO I",TÉRMICA,Gás,"Jaguatirica II",RRJII,UTE.GN.RR.044619-0.01,6935200000
"2022-11-22 09:00:00",N,NORTE,RR,RORAIMA,"TIPO I",TÉRMICA,Gás,"Jaguatirica II",RRJII,UTE.GN.RR.044619-0.01,6930800000
"2022-11-22 10:00:00",N,NORTE,RR,RORAIMA,"TIPO I",TÉRMICA,Gás,"Jaguatirica II",RRJII,UTE.GN.RR.044619-0.01,6911700000
"2022-11-22 11:00:00",N,NORTE,RR,RORAIMA,"TIPO I",TÉRMICA,Gás,"Jaguatirica II",RRJII,UTE.GN.RR.044619-0.01,6910800000
"2022-11-22 12:00:00",N,NORTE,RR,RORAIMA,"TIPO I",TÉRMICA,Gás,"Jaguatirica II",RRJII,UTE.GN.RR.044619-0.01,6917700000
"2022-11-22 13:00:00",N,NORTE,RR,RORAIMA,"TIPO I",TÉRMICA,Gás,"Jaguatirica II",RRJII,UTE.GN.RR.044619-0.01,6876700000
"2022-11-22 14:00:00",N,NORTE,RR,RORAIMA,"TIPO I",TÉRMICA,Gás,"Jaguatirica II",RRJII,UTE.GN.RR.044619-0.01,6830400000
"2022-11-22 15:00:00",N,NORTE,RR,RORAIMA,"TIPO I",TÉRMICA,Gás,"Jaguatirica II",RRJII,UTE.GN.RR.044619-0.01,6852300000
"2022-11-22 16:00:00",N,NORTE,RR,RORAIMA,"TIPO I",TÉRMICA,Gás,"Jaguatirica II",RRJII,UTE.GN.RR.044619-0.01,6867400000
"2022-11-22 17:00:00",N,NORTE,RR,RORAIMA,"TIPO I",TÉRMICA,Gás,"Jaguatirica II",RRJII,UTE.GN.RR.044619-0.01,6850400000
"2022-11-22 18:00:00",N,NORTE,RR,RORAIMA,"TIPO I",TÉRMICA,Gás,"Jaguatirica II",RRJII,UTE.GN.RR.044619-0.01,6898700000
"2022-11-22 19:00:00",N,NORTE,RR,RORAIMA,"TIPO I",TÉRMICA,Gás,"Jaguatirica II",RRJII,UTE.GN.RR.044619-0.01,6890000000
"2022-11-22 20:00:00",N,NORTE,RR,RORAIMA,"TIPO I",TÉRMICA,Gás,"Jaguatirica II",RRJII,UTE.GN.RR.044619-0.01,6890100000
"2022-11-22 21:00:00",N,NORTE,RR,RORAIMA,"TIPO I",TÉRMICA,Gás,"Jaguatirica II",RRJII,UTE.GN.RR.044619-0.01,6890800000
"2022-11-22 22:00:00",N,NORTE,RR,RORAIMA,"TIPO I",TÉRMICA,Gás,"Jaguatirica II",RRJII,UTE.GN.RR.044619-0.01,6895000000
"2022-11-22 23:00:00",N,NORTE,RR,RORAIMA,"TIPO I",TÉRMICA,Gás,"Jaguatirica II",RRJII,UTE.GN.RR.044619-0.01,6890200000
"2022-11-23 00:00:00",N,NORTE,RR,RORAIMA,"TIPO I",TÉRMICA,Gás,"Jaguatirica II",RRJII,UTE.GN.RR.044619-0.01,6904700000
"2022-11-23 01:00:00",N,NORTE,RR,RORAIMA,"TIPO I",TÉRMICA,Gás,"Jaguatirica II",RRJII,UTE.GN.RR.044619-0.01,6918100000
"2022-11-23 02:00:00",N,NORTE,RR,RORAIMA,"TIPO I",TÉRMICA,Gás,"Jaguatirica II",RRJII,UTE.GN.RR.044619-0.01,6914500000
"2022-11-23 03:00:00",N,NORTE,RR,RORAIMA,"TIPO I",TÉRMICA,Gás,"Jaguatirica II",RRJII,UTE.GN.RR.044619-0.01,6914400000
"2022-11-23 04:00:00",N,NORTE,RR,RORAIMA,"TIPO I",TÉRMICA,Gás,"Jaguatirica II",RRJII,UTE.GN.RR.044619-0.01,6908500000
"2022-11-23 05:00:00",N,NORTE,RR,RORAIMA,"TIPO I",TÉRMICA,Gás,"Jaguatirica II",RRJII,UTE.GN.RR.044619-0.01,6901200000
"2022-11-23 06:00:00",N,NORTE,RR,RORAIMA,"TIPO I",TÉRMICA,Gás,"Jaguatirica II",RRJII,UTE.GN.RR.044619-0.01,6901000000
"2022-11-23 07:00:00",N,NORTE,RR,RORAIMA,"TIPO I",TÉRMICA,Gás,"Jaguatirica II",RRJII,UTE.GN.RR.044619-0.01,6901300000
"2022-11-23 08:00:00",N,NORTE,RR,RORAIMA,"TIPO I",TÉRMICA,Gás,"Jaguatirica II",RRJII,UTE.GN.RR.044619-0.01,6903600000
"2022-11-23 09:00:00",N,NORTE,RR,RORAIMA,"TIPO I",TÉRMICA,Gás,"Jaguatirica II",RRJII,UTE.GN.RR.044619-0.01,6911200000
"2022-11-23 10:00:00",N,NORTE,RR,RORAIMA,"TIPO I",TÉRMICA,Gás,"Jaguatirica II",RRJII,UTE.GN.RR.044619-0.01,6922300000
"2022-11-23 11:00:00",N,NORTE,RR,RORAIMA,"TIPO I",TÉRMICA,Gás,"Jaguatirica II",RRJII,UTE.GN.RR.044619-0.01,6925600000
"2022-11-23 12:00:00",N,NORTE,RR,RORAIMA,"TIPO I",TÉRMICA,Gás,"Jaguatirica II",RRJII,UTE.GN.RR.044619-0.01,6928000000
"2022-11-23 13:00:00",N,NORTE,RR,RORAIMA,"TIPO I",TÉRMICA,Gás,"Jaguatirica II",RRJII,UTE.GN.RR.044619-0.01,6916900000
"2022-11-23 14:00:00",N,NORTE,RR,RORAIMA,"TIPO I",TÉRMICA,Gás,"Jaguatirica II",RRJII,UTE.GN.RR.044619-0.01,6890200000
"2022-11-23 15:00:00",N,NORTE,RR,RORAIMA,"TIPO I",TÉRMICA,Gás,"Jaguatirica II",RRJII,UTE.GN.RR.044619-0.01,6924100000
"2022-11-23 16:00:00",N,NORTE,RR,RORAIMA,"TIPO I",TÉRMICA,Gás,"Jaguatirica II",RRJII,UTE.GN.RR.044619-0.01,6945200000
"2022-11-23 17:00:00",N,NORTE,RR,RORAIMA,"TIPO I",TÉRMICA,Gás,"Jaguatirica II",RRJII,UTE.GN.RR.044619-0.01,6946400000
"2022-11-23 18:00:00",N,NORTE,RR,RORAIMA,"TIPO I",TÉRMICA,Gás,"Jaguatirica II",RRJII,UTE.GN.RR.044619-0.01,6946100000
"2022-11-23 19:00:00",N,NORTE,RR,RORAIMA,"TIPO I",TÉRMICA,Gás,"Jaguatirica II",RRJII,UTE.GN.RR.044619-0.01,6946800000
"2022-11-23 20:00:00",N,NORTE,RR,RORAIMA,"TIPO I",TÉRMICA,Gás,"Jaguatirica II",RRJII,UTE.GN.RR.044619-0.01,6953800000
"2022-11-23 21:00:00",N,NORTE,RR,RORAIMA,"TIPO I",TÉRMICA,Gás,"Jaguatirica II",RRJII,UTE.GN.RR.044619-0.01,6951100000
"2022-11-23 22:00:00",N,NORTE,RR,RORAIMA,"TIPO I",TÉRMICA,Gás,"Jaguatirica II",RRJII,UTE.GN.RR.044619-0.01,6946900000
"2022-11-23 23:00:00",N,NORTE,RR,RORAIMA,"TIPO I",TÉRMICA,Gás,"Jaguatirica II",RRJII,UTE.GN.RR.044619-0.01,6945300000
"2022-11-24 00:00:00",N,NORTE,RR,RORAIMA,"TIPO I",TÉRMICA,Gás,"Jaguatirica II",RRJII,UTE.GN.RR.044619-0.01,6944800000
"2022-11-24 01:00:00",N,NORTE,RR,RORAIMA,"TIPO I",TÉRMICA,Gás,"Jaguatirica II",RRJII,UTE.GN.RR.044619-0.01,6944200000
"2022-11-24 02:00:00",N,NORTE,RR,RORAIMA,"TIPO I",TÉRMICA,Gás,"Jaguatirica II",RRJII,UTE.GN.RR.044619-0.01,6923800000
"2022-11-24 03:00:00",N,NORTE,RR,RORAIMA,"TIPO I",TÉRMICA,Gás,"Jaguatirica II",RRJII,UTE.GN.RR.044619-0.01,6865000000
"2022-11-24 04:00:00",N,NORTE,RR,RORAIMA,"TIPO I",TÉRMICA,Gás,"Jaguatirica II",RRJII,UTE.GN.RR.044619-0.01,6878400000
"2022-11-24 05:00:00",N,NORTE,RR,RORAIMA,"TIPO I",TÉRMICA,Gás,"Jaguatirica II",RRJII,UTE.GN.RR.044619-0.01,6900800000
"2022-11-24 06:00:00",N,NORTE,RR,RORAIMA,"TIPO I",TÉRMICA,Gás,"Jaguatirica II",RRJII,UTE.GN.RR.044619-0.01,6901600000
"2022-11-24 07:00:00",N,NORTE,RR,RORAIMA,"TIPO I",TÉRMICA,Gás,"Jaguatirica II",RRJII,UTE.GN.RR.044619-0.01,6902200000
"2022-11-24 08:00:00",N,NORTE,RR,RORAIMA,"TIPO I",TÉRMICA,Gás,"Jaguatirica II",RRJII,UTE.GN.RR.044619-0.01,6936200000
"2022-11-24 09:00:00",N,NORTE,RR,RORAIMA,"TIPO I",TÉRMICA,Gás,"Jaguatirica II",RRJII,UTE.GN.RR.044619-0.01,6947800000
"2022-11-24 10:00:00",N,NORTE,RR,RORAIMA,"TIPO I",TÉRMICA,Gás,"Jaguatirica II",RRJII,UTE.GN.RR.044619-0.01,6950400000
"2022-11-24 11:00:00",N,NORTE,RR,RORAIMA,"TIPO I",TÉRMICA,Gás,"Jaguatirica II",RRJII,UTE.GN.RR.044619-0.01,6950800000
"2022-11-24 12:00:00",N,NORTE,RR,RORAIMA,"TIPO I",TÉRMICA,Gás,"Jaguatirica II",RRJII,UTE.GN.RR.044619-0.01,6947100000
"2022-11-24 13:00:00",N,NORTE,RR,RORAIMA,"TIPO I",TÉRMICA,Gás,"Jaguatirica II",RRJII,UTE.GN.RR.044619-0.01,6952000000
"2022-11-24 14:00:00",N,NORTE,RR,RORAIMA,"TIPO I",TÉRMICA,Gás,"Jaguatirica II",RRJII,UTE.GN.RR.044619-0.01,6952600000
"2022-11-24 15:00:00",N,NORTE,RR,RORAIMA,"TIPO I",TÉRMICA,Gás,"Jaguatirica II",RRJII,UTE.GN.RR.044619-0.01,6952000000
"2022-11-24 16:00:00",N,NORTE,RR,RORAIMA,"TIPO I",TÉRMICA,Gás,"Jaguatirica II",RRJII,UTE.GN.RR.044619-0.01,6841000000
"2022-11-24 17:00:00",N,NORTE,RR,RORAIMA,"TIPO I",TÉRMICA,Gás,"Jaguatirica II",RRJII,UTE.GN.RR.044619-0.01,6952700000
"2022-11-24 18:00:00",N,NORTE,RR,RORAIMA,"TIPO I",TÉRMICA,Gás,"Jaguatirica II",RRJII,UTE.GN.RR.044619-0.01,6952400000
"2022-11-24 19:00:00",N,NORTE,RR,RORAIMA,"TIPO I",TÉRMICA,Gás,"Jaguatirica II",RRJII,UTE.GN.RR.044619-0.01,6951100000
"2022-11-24 20:00:00",N,NORTE,RR,RORAIMA,"TIPO I",TÉRMICA,Gás,"Jaguatirica II",RRJII,UTE.GN.RR.044619-0.01,6952000000
"2022-11-24 21:00:00",N,NORTE,RR,RORAIMA,"TIPO I",TÉRMICA,Gás,"Jaguatirica II",RRJII,UTE.GN.RR.044619-0.01,6950600000
"2022-11-24 22:00:00",N,NORTE,RR,RORAIMA,"TIPO I",TÉRMICA,Gás,"Jaguatirica II",RRJII,UTE.GN.RR.044619-0.01,6947700000
"2022-11-24 23:00:00",N,NORTE,RR,RORAIMA,"TIPO I",TÉRMICA,Gás,"Jaguatirica II",RRJII,UTE.GN.RR.044619-0.01,6950700000
"2022-11-25 00:00:00",N,NORTE,RR,RORAIMA,"TIPO I",TÉRMICA,Gás,"Jaguatirica II",RRJII,UTE.GN.RR.044619-0.01,6946200000
"2022-11-25 01:00:00",N,NORTE,RR,RORAIMA,"TIPO I",TÉRMICA,Gás,"Jaguatirica II",RRJII,UTE.GN.RR.044619-0.01,6945700000
"2022-11-25 02:00:00",N,NORTE,RR,RORAIMA,"TIPO I",TÉRMICA,Gás,"Jaguatirica II",RRJII,UTE.GN.RR.044619-0.01,6935900000
"2022-11-25 03:00:00",N,NORTE,RR,RORAIMA,"TIPO I",TÉRMICA,Gás,"Jaguatirica II",RRJII,UTE.GN.RR.044619-0.01,6934400000
"2022-11-25 04:00:00",N,NORTE,RR,RORAIMA,"TIPO I",TÉRMICA,Gás,"Jaguatirica II",RRJII,UTE.GN.RR.044619-0.01,6937200000
"2022-11-25 05:00:00",N,NORTE,RR,RORAIMA,"TIPO I",TÉRMICA,Gás,"Jaguatirica II",RRJII,UTE.GN.RR.044619-0.01,6947500000
"2022-11-25 06:00:00",N,NORTE,RR,RORAIMA,"TIPO I",TÉRMICA,Gás,"Jaguatirica II",RRJII,UTE.GN.RR.044619-0.01,6939700000
"2022-11-25 07:00:00",N,NORTE,RR,RORAIMA,"TIPO I",TÉRMICA,Gás,"Jaguatirica II",RRJII,UTE.GN.RR.044619-0.01,6639300000
"2022-11-25 08:00:00",N,NORTE,RR,RORAIMA,"TIPO I",TÉRMICA,Gás,"Jaguatirica II",RRJII,UTE.GN.RR.044619-0.01,6520000000
"2022-11-25 09:00:00",N,NORTE,RR,RORAIMA,"TIPO I",TÉRMICA,Gás,"Jaguatirica II",RRJII,UTE.GN.RR.044619-0.01,6881500000
"2022-11-25 10:00:00",N,NORTE,RR,RORAIMA,"TIPO I",TÉRMICA,Gás,"Jaguatirica II",RRJII,UTE.GN.RR.044619-0.01,6904600000
"2022-11-25 11:00:00",N,NORTE,RR,RORAIMA,"TIPO I",TÉRMICA,Gás,"Jaguatirica II",RRJII,UTE.GN.RR.044619-0.01,6929400000
"2022-11-25 12:00:00",N,NORTE,RR,RORAIMA,"TIPO I",TÉRMICA,Gás,"Jaguatirica II",RRJII,UTE.GN.RR.044619-0.01,6922400000
"2022-11-25 13:00:00",N,NORTE,RR,RORAIMA,"TIPO I",TÉRMICA,Gás,"Jaguatirica II",RRJII,UTE.GN.RR.044619-0.01,6927700000
"2022-11-25 14:00:00",N,NORTE,RR,RORAIMA,"TIPO I",TÉRMICA,Gás,"Jaguatirica II",RRJII,UTE.GN.RR.044619-0.01,6919300000
"2022-11-25 15:00:00",N,NORTE,RR,RORAIMA,"TIPO I",TÉRMICA,Gás,"Jaguatirica II",RRJII,UTE.GN.RR.044619-0.01,6854100000
"2022-11-25 16:00:00",N,NORTE,RR,RORAIMA,"TIPO I",TÉRMICA,Gás,"Jaguatirica II",RRJII,UTE.GN.RR.044619-0.01,6852600000
"2022-11-25 17:00:00",N,NORTE,RR,RORAIMA,"TIPO I",TÉRMICA,Gás,"Jaguatirica II",RRJII,UTE.GN.RR.044619-0.01,6908300000
"2022-11-25 18:00:00",N,NORTE,RR,RORAIMA,"TIPO I",TÉRMICA,Gás,"Jaguatirica II",RRJII,UTE.GN.RR.044619-0.01,6926600000
"2022-11-25 19:00:00",N,NORTE,RR,RORAIMA,"TIPO I",TÉRMICA,Gás,"Jaguatirica II",RRJII,UTE.GN.RR.044619-0.01,6910700000
"2022-11-25 20:00:00",N,NORTE,RR,RORAIMA,"TIPO I",TÉRMICA,Gás,"Jaguatirica II",RRJII,UTE.GN.RR.044619-0.01,6918300000
"2022-11-25 21:00:00",N,NORTE,RR,RORAIMA,"TIPO I",TÉRMICA,Gás,"Jaguatirica II",RRJII,UTE.GN.RR.044619-0.01,6921900000
"2022-11-25 22:00:00",N,NORTE,RR,RORAIMA,"TIPO I",TÉRMICA,Gás,"Jaguatirica II",RRJII,UTE.GN.RR.044619-0.01,6925400000
"2022-11-25 23:00:00",N,NORTE,RR,RORAIMA,"TIPO I",TÉRMICA,Gás,"Jaguatirica II",RRJII,UTE.GN.RR.044619-0.01,6914000000
"2022-11-26 00:00:00",N,NORTE,RR,RORAIMA,"TIPO I",TÉRMICA,Gás,"Jaguatirica II",RRJII,UTE.GN.RR.044619-0.01,6923600000
"2022-11-26 01:00:00",N,NORTE,RR,RORAIMA,"TIPO I",TÉRMICA,Gás,"Jaguatirica II",RRJII,UTE.GN.RR.044619-0.01,6914900000
"2022-11-26 02:00:00",N,NORTE,RR,RORAIMA,"TIPO I",TÉRMICA,Gás,"Jaguatirica II",RRJII,UTE.GN.RR.044619-0.01,6915600000
"2022-11-26 03:00:00",N,NORTE,RR,RORAIMA,"TIPO I",TÉRMICA,Gás,"Jaguatirica II",RRJII,UTE.GN.RR.044619-0.01,6901800000
"2022-11-26 04:00:00",N,NORTE,RR,RORAIMA,"TIPO I",TÉRMICA,Gás,"Jaguatirica II",RRJII,UTE.GN.RR.044619-0.01,6913000000
"2022-11-26 05:00:00",N,NORTE,RR,RORAIMA,"TIPO I",TÉRMICA,Gás,"Jaguatirica II",RRJII,UTE.GN.RR.044619-0.01,6914200000
"2022-11-26 06:00:00",N,NORTE,RR,RORAIMA,"TIPO I",TÉRMICA,Gás,"Jaguatirica II",RRJII,UTE.GN.RR.044619-0.01,6916300000
"2022-11-26 07:00:00",N,NORTE,RR,RORAIMA,"TIPO I",TÉRMICA,Gás,"Jaguatirica II",RRJII,UTE.GN.RR.044619-0.01,6907900000
"2022-11-26 08:00:00",N,NORTE,RR,RORAIMA,"TIPO I",TÉRMICA,Gás,"Jaguatirica II",RRJII,UTE.GN.RR.044619-0.01,6933800000
"2022-11-26 09:00:00",N,NORTE,RR,RORAIMA,"TIPO I",TÉRMICA,Gás,"Jaguatirica II",RRJII,UTE.GN.RR.044619-0.01,6942000000
"2022-11-26 10:00:00",N,NORTE,RR,RORAIMA,"TIPO I",TÉRMICA,Gás,"Jaguatirica II",RRJII,UTE.GN.RR.044619-0.01,6934100000
"2022-11-26 11:00:00",N,NORTE,RR,RORAIMA,"TIPO I",TÉRMICA,Gás,"Jaguatirica II",RRJII,UTE.GN.RR.044619-0.01,6925200000
"2022-11-26 12:00:00",N,NORTE,RR,RORAIMA,"TIPO I",TÉRMICA,Gás,"Jaguatirica II",RRJII,UTE.GN.RR.044619-0.01,6916600000
"2022-11-26 13:00:00",N,NORTE,RR,RORAIMA,"TIPO I",TÉRMICA,Gás,"Jaguatirica II",RRJII,UTE.GN.RR.044619-0.01,6865800000
"2022-11-26 14:00:00",N,NORTE,RR,RORAIMA,"TIPO I",TÉRMICA,Gás,"Jaguatirica II",RRJII,UTE.GN.RR.044619-0.01,6877700000
"2022-11-26 15:00:00",N,NORTE,RR,RORAIMA,"TIPO I",TÉRMICA,Gás,"Jaguatirica II",RRJII,UTE.GN.RR.044619-0.01,6932100000
"2022-11-26 16:00:00",N,NORTE,RR,RORAIMA,"TIPO I",TÉRMICA,Gás,"Jaguatirica II",RRJII,UTE.GN.RR.044619-0.01,6928800000
"2022-11-26 17:00:00",N,NORTE,RR,RORAIMA,"TIPO I",TÉRMICA,Gás,"Jaguatirica II",RRJII,UTE.GN.RR.044619-0.01,6941200000
"2022-11-26 18:00:00",N,NORTE,RR,RORAIMA,"TIPO I",TÉRMICA,Gás,"Jaguatirica II",RRJII,UTE.GN.RR.044619-0.01,6939700000
"2022-11-26 19:00:00",N,NORTE,RR,RORAIMA,"TIPO I",TÉRMICA,Gás,"Jaguatirica II",RRJII,UTE.GN.RR.044619-0.01,6949100000
"2022-11-26 20:00:00",N,NORTE,RR,RORAIMA,"TIPO I",TÉRMICA,Gás,"Jaguatirica II",RRJII,UTE.GN.RR.044619-0.01,6943700000
"2022-11-26 21:00:00",N,NORTE,RR,RORAIMA,"TIPO I",TÉRMICA,Gás,"Jaguatirica II",RRJII,UTE.GN.RR.044619-0.01,6949100000
"2022-11-26 22:00:00",N,NORTE,RR,RORAIMA,"TIPO I",TÉRMICA,Gás,"Jaguatirica II",RRJII,UTE.GN.RR.044619-0.01,6919100000
"2022-11-26 23:00:00",N,NORTE,RR,RORAIMA,"TIPO I",TÉRMICA,Gás,"Jaguatirica II",RRJII,UTE.GN.RR.044619-0.01,6936500000
"2022-11-27 00:00:00",N,NORTE,RR,RORAIMA,"TIPO I",TÉRMICA,Gás,"Jaguatirica II",RRJII,UTE.GN.RR.044619-0.01,6949100000
"2022-11-27 01:00:00",N,NORTE,RR,RORAIMA,"TIPO I",TÉRMICA,Gás,"Jaguatirica II",RRJII,UTE.GN.RR.044619-0.01,6948500000
"2022-11-27 02:00:00",N,NORTE,RR,RORAIMA,"TIPO I",TÉRMICA,Gás,"Jaguatirica II",RRJII,UTE.GN.RR.044619-0.01,6950700000
"2022-11-27 03:00:00",N,NORTE,RR,RORAIMA,"TIPO I",TÉRMICA,Gás,"Jaguatirica II",RRJII,UTE.GN.RR.044619-0.01,6948200000
"2022-11-27 04:00:00",N,NORTE,RR,RORAIMA,"TIPO I",TÉRMICA,Gás,"Jaguatirica II",RRJII,UTE.GN.RR.044619-0.01,6938600000
"2022-11-27 05:00:00",N,NORTE,RR,RORAIMA,"TIPO I",TÉRMICA,Gás,"Jaguatirica II",RRJII,UTE.GN.RR.044619-0.01,6940200000
"2022-11-27 06:00:00",N,NORTE,RR,RORAIMA,"TIPO I",TÉRMICA,Gás,"Jaguatirica II",RRJII,UTE.GN.RR.044619-0.01,6940800000
"2022-11-27 07:00:00",N,NORTE,RR,RORAIMA,"TIPO I",TÉRMICA,Gás,"Jaguatirica II",RRJII,UTE.GN.RR.044619-0.01,6934400000
"2022-11-27 08:00:00",N,NORTE,RR,RORAIMA,"TIPO I",TÉRMICA,Gás,"Jaguatirica II",RRJII,UTE.GN.RR.044619-0.01,6932200000
"2022-11-27 09:00:00",N,NORTE,RR,RORAIMA,"TIPO I",TÉRMICA,Gás,"Jaguatirica II",RRJII,UTE.GN.RR.044619-0.01,6883900000
"2022-11-27 10:00:00",N,NORTE,RR,RORAIMA,"TIPO I",TÉRMICA,Gás,"Jaguatirica II",RRJII,UTE.GN.RR.044619-0.01,6351900000
"2022-11-27 11:00:00",N,NORTE,RR,RORAIMA,"TIPO I",TÉRMICA,Gás,"Jaguatirica II",RRJII,UTE.GN.RR.044619-0.01,5813200000
"2022-11-27 12:00:00",N,NORTE,RR,RORAIMA,"TIPO I",TÉRMICA,Gás,"Jaguatirica II",RRJII,UTE.GN.RR.044619-0.01,5447100000
"2022-11-27 13:00:00",N,NORTE,RR,RORAIMA,"TIPO I",TÉRMICA,Gás,"Jaguatirica II",RRJII,UTE.GN.RR.044619-0.01,5754900000
"2022-11-27 14:00:00",N,NORTE,RR,RORAIMA,"TIPO I",TÉRMICA,Gás,"Jaguatirica II",RRJII,UTE.GN.RR.044619-0.01,5950600000
"2022-11-27 15:00:00",N,NORTE,RR,RORAIMA,"TIPO I",TÉRMICA,Gás,"Jaguatirica II",RRJII,UTE.GN.RR.044619-0.01,6540400000
"2022-11-27 16:00:00",N,NORTE,RR,RORAIMA,"TIPO I",TÉRMICA,Gás,"Jaguatirica II",RRJII,UTE.GN.RR.044619-0.01,6944700000
"2022-11-27 17:00:00",N,NORTE,RR,RORAIMA,"TIPO I",TÉRMICA,Gás,"Jaguatirica II",RRJII,UTE.GN.RR.044619-0.01,6942400000
"2022-11-27 18:00:00",N,NORTE,RR,RORAIMA,"TIPO I",TÉRMICA,Gás,"Jaguatirica II",RRJII,UTE.GN.RR.044619-0.01,6944600000
"2022-11-27 19:00:00",N,NORTE,RR,RORAIMA,"TIPO I",TÉRMICA,Gás,"Jaguatirica II",RRJII,UTE.GN.RR.044619-0.01,6950200000
"2022-11-27 20:00:00",N,NORTE,RR,RORAIMA,"TIPO I",TÉRMICA,Gás,"Jaguatirica II",RRJII,UTE.GN.RR.044619-0.01,6948300000
"2022-11-27 21:00:00",N,NORTE,RR,RORAIMA,"TIPO I",TÉRMICA,Gás,"Jaguatirica II",RRJII,UTE.GN.RR.044619-0.01,6935100000
"2022-11-27 22:00:00",N,NORTE,RR,RORAIMA,"TIPO I",TÉRMICA,Gás,"Jaguatirica II",RRJII,UTE.GN.RR.044619-0.01,6931400000
"2022-11-27 23:00:00",N,NORTE,RR,RORAIMA,"TIPO I",TÉRMICA,Gás,"Jaguatirica II",RRJII,UTE.GN.RR.044619-0.01,6944000000
"2022-11-28 00:00:00",N,NORTE,RR,RORAIMA,"TIPO I",TÉRMICA,Gás,"Jaguatirica II",RRJII,UTE.GN.RR.044619-0.01,6938600000
"2022-11-28 01:00:00",N,NORTE,RR,RORAIMA,"TIPO I",TÉRMICA,Gás,"Jaguatirica II",RRJII,UTE.GN.RR.044619-0.01,6938500000
"2022-11-28 02:00:00",N,NORTE,RR,RORAIMA,"TIPO I",TÉRMICA,Gás,"Jaguatirica II",RRJII,UTE.GN.RR.044619-0.01,6934800000
"2022-11-28 03:00:00",N,NORTE,RR,RORAIMA,"TIPO I",TÉRMICA,Gás,"Jaguatirica II",RRJII,UTE.GN.RR.044619-0.01,6940400000
"2022-11-28 04:00:00",N,NORTE,RR,RORAIMA,"TIPO I",TÉRMICA,Gás,"Jaguatirica II",RRJII,UTE.GN.RR.044619-0.01,6933200000
"2022-11-28 05:00:00",N,NORTE,RR,RORAIMA,"TIPO I",TÉRMICA,Gás,"Jaguatirica II",RRJII,UTE.GN.RR.044619-0.01,6944800000
"2022-11-28 06:00:00",N,NORTE,RR,RORAIMA,"TIPO I",TÉRMICA,Gás,"Jaguatirica II",RRJII,UTE.GN.RR.044619-0.01,6938100000
"2022-11-28 07:00:00",N,NORTE,RR,RORAIMA,"TIPO I",TÉRMICA,Gás,"Jaguatirica II",RRJII,UTE.GN.RR.044619-0.01,6749400000
"2022-11-28 08:00:00",N,NORTE,RR,RORAIMA,"TIPO I",TÉRMICA,Gás,"Jaguatirica II",RRJII,UTE.GN.RR.044619-0.01,6653400000
"2022-11-28 09:00:00",N,NORTE,RR,RORAIMA,"TIPO I",TÉRMICA,Gás,"Jaguatirica II",RRJII,UTE.GN.RR.044619-0.01,6918400000
"2022-11-28 10:00:00",N,NORTE,RR,RORAIMA,"TIPO I",TÉRMICA,Gás,"Jaguatirica II",RRJII,UTE.GN.RR.044619-0.01,6951000000
"2022-11-28 11:00:00",N,NORTE,RR,RORAIMA,"TIPO I",TÉRMICA,Gás,"Jaguatirica II",RRJII,UTE.GN.RR.044619-0.01,6952600000
"2022-11-28 12:00:00",N,NORTE,RR,RORAIMA,"TIPO I",TÉRMICA,Gás,"Jaguatirica II",RRJII,UTE.GN.RR.044619-0.01,6785300000
"2022-11-28 13:00:00",N,NORTE,RR,RORAIMA,"TIPO I",TÉRMICA,Gás,"Jaguatirica II",RRJII,UTE.GN.RR.044619-0.01,6658300000
"2022-11-28 14:00:00",N,NORTE,RR,RORAIMA,"TIPO I",TÉRMICA,Gás,"Jaguatirica II",RRJII,UTE.GN.RR.044619-0.01,6936900000
"2022-11-28 15:00:00",N,NORTE,RR,RORAIMA,"TIPO I",TÉRMICA,Gás,"Jaguatirica II",RRJII,UTE.GN.RR.044619-0.01,6940100000
"2022-11-28 16:00:00",N,NORTE,RR,RORAIMA,"TIPO I",TÉRMICA,Gás,"Jaguatirica II",RRJII,UTE.GN.RR.044619-0.01,6942400000
"2022-11-28 17:00:00",N,NORTE,RR,RORAIMA,"TIPO I",TÉRMICA,Gás,"Jaguatirica II",RRJII,UTE.GN.RR.044619-0.01,6951200000
"2022-11-28 18:00:00",N,NORTE,RR,RORAIMA,"TIPO I",TÉRMICA,Gás,"Jaguatirica II",RRJII,UTE.GN.RR.044619-0.01,6940600000
"2022-11-28 19:00:00",N,NORTE,RR,RORAIMA,"TIPO I",TÉRMICA,Gás,"Jaguatirica II",RRJII,UTE.GN.RR.044619-0.01,6935500000
"2022-11-28 20:00:00",N,NORTE,RR,RORAIMA,"TIPO I",TÉRMICA,Gás,"Jaguatirica II",RRJII,UTE.GN.RR.044619-0.01,6947500000
"2022-11-28 21:00:00",N,NORTE,RR,RORAIMA,"TIPO I",TÉRMICA,Gás,"Jaguatirica II",RRJII,UTE.GN.RR.044619-0.01,6944200000
"2022-11-28 22:00:00",N,NORTE,RR,RORAIMA,"TIPO I",TÉRMICA,Gás,"Jaguatirica II",RRJII,UTE.GN.RR.044619-0.01,6948500000
"2022-11-28 23:00:00",N,NORTE,RR,RORAIMA,"TIPO I",TÉRMICA,Gás,"Jaguatirica II",RRJII,UTE.GN.RR.044619-0.01,6943300000
"2022-11-29 00:00:00",N,NORTE,RR,RORAIMA,"TIPO I",TÉRMICA,Gás,"Jaguatirica II",RRJII,UTE.GN.RR.044619-0.01,6942200000
"2022-11-29 01:00:00",N,NORTE,RR,RORAIMA,"TIPO I",TÉRMICA,Gás,"Jaguatirica II",RRJII,UTE.GN.RR.044619-0.01,6937900000
"2022-11-29 02:00:00",N,NORTE,RR,RORAIMA,"TIPO I",TÉRMICA,Gás,"Jaguatirica II",RRJII,UTE.GN.RR.044619-0.01,6940600000
"2022-11-29 03:00:00",N,NORTE,RR,RORAIMA,"TIPO I",TÉRMICA,Gás,"Jaguatirica II",RRJII,UTE.GN.RR.044619-0.01,6934400000
"2022-11-29 04:00:00",N,NORTE,RR,RORAIMA,"TIPO I",TÉRMICA,Gás,"Jaguatirica II",RRJII,UTE.GN.RR.044619-0.01,6936800000
"2022-11-29 05:00:00",N,NORTE,RR,RORAIMA,"TIPO I",TÉRMICA,Gás,"Jaguatirica II",RRJII,UTE.GN.RR.044619-0.01,6932800000
"2022-11-29 06:00:00",N,NORTE,RR,RORAIMA,"TIPO I",TÉRMICA,Gás,"Jaguatirica II",RRJII,UTE.GN.RR.044619-0.01,6938800000
"2022-11-29 07:00:00",N,NORTE,RR,RORAIMA,"TIPO I",TÉRMICA,Gás,"Jaguatirica II",RRJII,UTE.GN.RR.044619-0.01,6386200000
"2022-11-29 08:00:00",N,NORTE,RR,RORAIMA,"TIPO I",TÉRMICA,Gás,"Jaguatirica II",RRJII,UTE.GN.RR.044619-0.01,6481900000
"2022-11-29 09:00:00",N,NORTE,RR,RORAIMA,"TIPO I",TÉRMICA,Gás,"Jaguatirica II",RRJII,UTE.GN.RR.044619-0.01,6941000000
"2022-11-29 10:00:00",N,NORTE,RR,RORAIMA,"TIPO I",TÉRMICA,Gás,"Jaguatirica II",RRJII,UTE.GN.RR.044619-0.01,6931500000
"2022-11-29 11:00:00",N,NORTE,RR,RORAIMA,"TIPO I",TÉRMICA,Gás,"Jaguatirica II",RRJII,UTE.GN.RR.044619-0.01,6937000000
"2022-11-29 12:00:00",N,NORTE,RR,RORAIMA,"TIPO I",TÉRMICA,Gás,"Jaguatirica II",RRJII,UTE.GN.RR.044619-0.01,6953600000
"2022-11-29 13:00:00",N,NORTE,RR,RORAIMA,"TIPO I",TÉRMICA,Gás,"Jaguatirica II",RRJII,UTE.GN.RR.044619-0.01,6936500000
"2022-11-29 14:00:00",N,NORTE,RR,RORAIMA,"TIPO I",TÉRMICA,Gás,"Jaguatirica II",RRJII,UTE.GN.RR.044619-0.01,6946300000
"2022-11-29 15:00:00",N,NORTE,RR,RORAIMA,"TIPO I",TÉRMICA,Gás,"Jaguatirica II",RRJII,UTE.GN.RR.044619-0.01,6937100000
"2022-11-29 16:00:00",N,NORTE,RR,RORAIMA,"TIPO I",TÉRMICA,Gás,"Jaguatirica II",RRJII,UTE.GN.RR.044619-0.01,6934100000
"2022-11-29 17:00:00",N,NORTE,RR,RORAIMA,"TIPO I",TÉRMICA,Gás,"Jaguatirica II",RRJII,UTE.GN.RR.044619-0.01,6931700000
"2022-11-29 18:00:00",N,NORTE,RR,RORAIMA,"TIPO I",TÉRMICA,Gás,"Jaguatirica II",RRJII,UTE.GN.RR.044619-0.01,6937800000
"2022-11-29 19:00:00",N,NORTE,RR,RORAIMA,"TIPO I",TÉRMICA,Gás,"Jaguatirica II",RRJII,UTE.GN.RR.044619-0.01,6936300000
"2022-11-29 20:00:00",N,NORTE,RR,RORAIMA,"TIPO I",TÉRMICA,Gás,"Jaguatirica II",RRJII,UTE.GN.RR.044619-0.01,6944600000
"2022-11-29 21:00:00",N,NORTE,RR,RORAIMA,"TIPO I",TÉRMICA,Gás,"Jaguatirica II",RRJII,UTE.GN.RR.044619-0.01,6941300000
"2022-11-29 22:00:00",N,NORTE,RR,RORAIMA,"TIPO I",TÉRMICA,Gás,"Jaguatirica II",RRJII,UTE.GN.RR.044619-0.01,6946100000
"2022-11-29 23:00:00",N,NORTE,RR,RORAIMA,"TIPO I",TÉRMICA,Gás,"Jaguatirica II",RRJII,UTE.GN.RR.044619-0.01,6941500000
"2022-11-30 00:00:00",N,NORTE,RR,RORAIMA,"TIPO I",TÉRMICA,Gás,"Jaguatirica II",RRJII,UTE.GN.RR.044619-0.01,6944200000
"2022-11-30 01:00:00",N,NORTE,RR,RORAIMA,"TIPO I",TÉRMICA,Gás,"Jaguatirica II",RRJII,UTE.GN.RR.044619-0.01,6943000000
"2022-11-30 02:00:00",N,NORTE,RR,RORAIMA,"TIPO I",TÉRMICA,Gás,"Jaguatirica II",RRJII,UTE.GN.RR.044619-0.01,6912300000
"2022-11-30 03:00:00",N,NORTE,RR,RORAIMA,"TIPO I",TÉRMICA,Gás,"Jaguatirica II",RRJII,UTE.GN.RR.044619-0.01,6931500000
"2022-11-30 04:00:00",N,NORTE,RR,RORAIMA,"TIPO I",TÉRMICA,Gás,"Jaguatirica II",RRJII,UTE.GN.RR.044619-0.01,6941900000
"2022-11-30 05:00:00",N,NORTE,RR,RORAIMA,"TIPO I",TÉRMICA,Gás,"Jaguatirica II",RRJII,UTE.GN.RR.044619-0.01,6926700000
"2022-11-30 06:00:00",N,NORTE,RR,RORAIMA,"TIPO I",TÉRMICA,Gás,"Jaguatirica II",RRJII,UTE.GN.RR.044619-0.01,6940400000
"2022-11-30 07:00:00",N,NORTE,RR,RORAIMA,"TIPO I",TÉRMICA,Gás,"Jaguatirica II",RRJII,UTE.GN.RR.044619-0.01,6928500000
"2022-11-30 08:00:00",N,NORTE,RR,RORAIMA,"TIPO I",TÉRMICA,Gás,"Jaguatirica II",RRJII,UTE.GN.RR.044619-0.01,6939900000
"2022-11-30 09:00:00",N,NORTE,RR,RORAIMA,"TIPO I",TÉRMICA,Gás,"Jaguatirica II",RRJII,UTE.GN.RR.044619-0.01,6934000000
"2022-11-30 10:00:00",N,NORTE,RR,RORAIMA,"TIPO I",TÉRMICA,Gás,"Jaguatirica II",RRJII,UTE.GN.RR.044619-0.01,6934500000
"2022-11-30 11:00:00",N,NORTE,RR,RORAIMA,"TIPO I",TÉRMICA,Gás,"Jaguatirica II",RRJII,UTE.GN.RR.044619-0.01,6927600000
"2022-11-30 12:00:00",N,NORTE,RR,RORAIMA,"TIPO I",TÉRMICA,Gás,"Jaguatirica II",RRJII,UTE.GN.RR.044619-0.01,6918200000
"2022-11-30 13:00:00",N,NORTE,RR,RORAIMA,"TIPO I",TÉRMICA,Gás,"Jaguatirica II",RRJII,UTE.GN.RR.044619-0.01,6903900000
"2022-11-30 14:00:00",N,NORTE,RR,RORAIMA,"TIPO I",TÉRMICA,Gás,"Jaguatirica II",RRJII,UTE.GN.RR.044619-0.01,6869300000
"2022-11-30 15:00:00",N,NORTE,RR,RORAIMA,"TIPO I",TÉRMICA,Gás,"Jaguatirica II",RRJII,UTE.GN.RR.044619-0.01,6862600000
"2022-11-30 16:00:00",N,NORTE,RR,RORAIMA,"TIPO I",TÉRMICA,Gás,"Jaguatirica II",RRJII,UTE.GN.RR.044619-0.01,6839600000
"2022-11-30 17:00:00",N,NORTE,RR,RORAIMA,"TIPO I",TÉRMICA,Gás,"Jaguatirica II",RRJII,UTE.GN.RR.044619-0.01,6826100000
"2022-11-30 18:00:00",N,NORTE,RR,RORAIMA,"TIPO I",TÉRMICA,Gás,"Jaguatirica II",RRJII,UTE.GN.RR.044619-0.01,6883100000
"2022-11-30 19:00:00",N,NORTE,RR,RORAIMA,"TIPO I",TÉRMICA,Gás,"Jaguatirica II",RRJII,UTE.GN.RR.044619-0.01,6923900000
"2022-11-30 20:00:00",N,NORTE,RR,RORAIMA,"TIPO I",TÉRMICA,Gás,"Jaguatirica II",RRJII,UTE.GN.RR.044619-0.01,6917300000
"2022-11-30 21:00:00",N,NORTE,RR,RORAIMA,"TIPO I",TÉRMICA,Gás,"Jaguatirica II",RRJII,UTE.GN.RR.044619-0.01,6915100000
"2022-11-30 22:00:00",N,NORTE,RR,RORAIMA,"TIPO I",TÉRMICA,Gás,"Jaguatirica II",RRJII,UTE.GN.RR.044619-0.01,6916400000
"2022-11-30 23:00:00",N,NORTE,RR,RORAIMA,"TIPO I",TÉRMICA,Gás,"Jaguatirica II",RRJII,UTE.GN.RR.044619-0.01,6915500000
"2022-12-01 00:00:00",N,NORTE,RR,RORAIMA,"TIPO I",TÉRMICA,Gás,"Jaguatirica II",RRJII,UTE.GN.RR.044619-0.01,6913000000
"2022-12-01 01:00:00",N,NORTE,RR,RORAIMA,"TIPO I",TÉRMICA,Gás,"Jaguatirica II",RRJII,UTE.GN.RR.044619-0.01,6908800000
"2022-12-01 02:00:00",N,NORTE,RR,RORAIMA,"TIPO I",TÉRMICA,Gás,"Jaguatirica II",RRJII,UTE.GN.RR.044619-0.01,6908100000
"2022-12-01 03:00:00",N,NORTE,RR,RORAIMA,"TIPO I",TÉRMICA,Gás,"Jaguatirica II",RRJII,UTE.GN.RR.044619-0.01,6899900000
"2022-12-01 04:00:00",N,NORTE,RR,RORAIMA,"TIPO I",TÉRMICA,Gás,"Jaguatirica II",RRJII,UTE.GN.RR.044619-0.01,6899400000
"2022-12-01 05:00:00",N,NORTE,RR,RORAIMA,"TIPO I",TÉRMICA,Gás,"Jaguatirica II",RRJII,UTE.GN.RR.044619-0.01,6898400000
"2022-12-01 06:00:00",N,NORTE,RR,RORAIMA,"TIPO I",TÉRMICA,Gás,"Jaguatirica II",RRJII,UTE.GN.RR.044619-0.01,6777800000
"2022-12-01 07:00:00",N,NORTE,RR,RORAIMA,"TIPO I",TÉRMICA,Gás,"Jaguatirica II",RRJII,UTE.GN.RR.044619-0.01,5904900000
"2022-12-01 08:00:00",N,NORTE,RR,RORAIMA,"TIPO I",TÉRMICA,Gás,"Jaguatirica II",RRJII,UTE.GN.RR.044619-0.01,6087900000
"2022-12-01 09:00:00",N,NORTE,RR,RORAIMA,"TIPO I",TÉRMICA,Gás,"Jaguatirica II",RRJII,UTE.GN.RR.044619-0.01,6805300000
"2022-12-01 10:00:00",N,NORTE,RR,RORAIMA,"TIPO I",TÉRMICA,Gás,"Jaguatirica II",RRJII,UTE.GN.RR.044619-0.01,6901100000
"2022-12-01 11:00:00",N,NORTE,RR,RORAIMA,"TIPO I",TÉRMICA,Gás,"Jaguatirica II",RRJII,UTE.GN.RR.044619-0.01,6900200000
"2022-12-01 12:00:00",N,NORTE,RR,RORAIMA,"TIPO I",TÉRMICA,Gás,"Jaguatirica II",RRJII,UTE.GN.RR.044619-0.01,6900500000
"2022-12-01 13:00:00",N,NORTE,RR,RORAIMA,"TIPO I",TÉRMICA,Gás,"Jaguatirica II",RRJII,UTE.GN.RR.044619-0.01,6897500000
"2022-12-01 14:00:00",N,NORTE,RR,RORAIMA,"TIPO I",TÉRMICA,Gás,"Jaguatirica II",RRJII,UTE.GN.RR.044619-0.01,6900500000
"2022-12-01 15:00:00",N,NORTE,RR,RORAIMA,"TIPO I",TÉRMICA,Gás,"Jaguatirica II",RRJII,UTE.GN.RR.044619-0.01,6901500000
"2022-12-01 16:00:00",N,NORTE,RR,RORAIMA,"TIPO I",TÉRMICA,Gás,"Jaguatirica II",RRJII,UTE.GN.RR.044619-0.01,6882300000
"2022-12-01 17:00:00",N,NORTE,RR,RORAIMA,"TIPO I",TÉRMICA,Gás,"Jaguatirica II",RRJII,UTE.GN.RR.044619-0.01,6883200000
"2022-12-01 18:00:00",N,NORTE,RR,RORAIMA,"TIPO I",TÉRMICA,Gás,"Jaguatirica II",RRJII,UTE.GN.RR.044619-0.01,6901800000
"2022-12-01 19:00:00",N,NORTE,RR,RORAIMA,"TIPO I",TÉRMICA,Gás,"Jaguatirica II",RRJII,UTE.GN.RR.044619-0.01,6895600000
"2022-12-01 20:00:00",N,NORTE,RR,RORAIMA,"TIPO I",TÉRMICA,Gás,"Jaguatirica II",RRJII,UTE.GN.RR.044619-0.01,6900600000
"2022-12-01 21:00:00",N,NORTE,RR,RORAIMA,"TIPO I",TÉRMICA,Gás,"Jaguatirica II",RRJII,UTE.GN.RR.044619-0.01,6898500000
"2022-12-01 22:00:00",N,NORTE,RR,RORAIMA,"TIPO I",TÉRMICA,Gás,"Jaguatirica II",RRJII,UTE.GN.RR.044619-0.01,6898600000
"2022-12-01 23:00:00",N,NORTE,RR,RORAIMA,"TIPO I",TÉRMICA,Gás,"Jaguatirica II",RRJII,UTE.GN.RR.044619-0.01,6890700000
"2022-12-02 00:00:00",N,NORTE,RR,RORAIMA,"TIPO I",TÉRMICA,Gás,"Jaguatirica II",RRJII,UTE.GN.RR.044619-0.01,6895700000
"2022-12-02 01:00:00",N,NORTE,RR,RORAIMA,"TIPO I",TÉRMICA,Gás,"Jaguatirica II",RRJII,UTE.GN.RR.044619-0.01,6897300000
"2022-12-02 02:00:00",N,NORTE,RR,RORAIMA,"TIPO I",TÉRMICA,Gás,"Jaguatirica II",RRJII,UTE.GN.RR.044619-0.01,6900200000
"2022-12-02 03:00:00",N,NORTE,RR,RORAIMA,"TIPO I",TÉRMICA,Gás,"Jaguatirica II",RRJII,UTE.GN.RR.044619-0.01,6890400000
"2022-12-02 04:00:00",N,NORTE,RR,RORAIMA,"TIPO I",TÉRMICA,Gás,"Jaguatirica II",RRJII,UTE.GN.RR.044619-0.01,6896500000
"2022-12-02 05:00:00",N,NORTE,RR,RORAIMA,"TIPO I",TÉRMICA,Gás,"Jaguatirica II",RRJII,UTE.GN.RR.044619-0.01,6898000000
"2022-12-02 06:00:00",N,NORTE,RR,RORAIMA,"TIPO I",TÉRMICA,Gás,"Jaguatirica II",RRJII,UTE.GN.RR.044619-0.01,6892600000
"2022-12-02 07:00:00",N,NORTE,RR,RORAIMA,"TIPO I",TÉRMICA,Gás,"Jaguatirica II",RRJII,UTE.GN.RR.044619-0.01,6902900000
"2022-12-02 08:00:00",N,NORTE,RR,RORAIMA,"TIPO I",TÉRMICA,Gás,"Jaguatirica II",RRJII,UTE.GN.RR.044619-0.01,6904700000
"2022-12-02 09:00:00",N,NORTE,RR,RORAIMA,"TIPO I",TÉRMICA,Gás,"Jaguatirica II",RRJII,UTE.GN.RR.044619-0.01,6909200000
"2022-12-02 10:00:00",N,NORTE,RR,RORAIMA,"TIPO I",TÉRMICA,Gás,"Jaguatirica II",RRJII,UTE.GN.RR.044619-0.01,6917900000
"2022-12-02 11:00:00",N,NORTE,RR,RORAIMA,"TIPO I",TÉRMICA,Gás,"Jaguatirica II",RRJII,UTE.GN.RR.044619-0.01,6921700000
"2022-12-02 12:00:00",N,NORTE,RR,RORAIMA,"TIPO I",TÉRMICA,Gás,"Jaguatirica II",RRJII,UTE.GN.RR.044619-0.01,6923200000
"2022-12-02 13:00:00",N,NORTE,RR,RORAIMA,"TIPO I",TÉRMICA,Gás,"Jaguatirica II",RRJII,UTE.GN.RR.044619-0.01,6921200000
"2022-12-02 14:00:00",N,NORTE,RR,RORAIMA,"TIPO I",TÉRMICA,Gás,"Jaguatirica II",RRJII,UTE.GN.RR.044619-0.01,6922200000
"2022-12-02 15:00:00",N,NORTE,RR,RORAIMA,"TIPO I",TÉRMICA,Gás,"Jaguatirica II",RRJII,UTE.GN.RR.044619-0.01,6918800000
"2022-12-02 16:00:00",N,NORTE,RR,RORAIMA,"TIPO I",TÉRMICA,Gás,"Jaguatirica II",RRJII,UTE.GN.RR.044619-0.01,6917600000
"2022-12-02 17:00:00",N,NORTE,RR,RORAIMA,"TIPO I",TÉRMICA,Gás,"Jaguatirica II",RRJII,UTE.GN.RR.044619-0.01,6917100000
"2022-12-02 18:00:00",N,NORTE,RR,RORAIMA,"TIPO I",TÉRMICA,Gás,"Jaguatirica II",RRJII,UTE.GN.RR.044619-0.01,6919800000
"2022-12-02 19:00:00",N,NORTE,RR,RORAIMA,"TIPO I",TÉRMICA,Gás,"Jaguatirica II",RRJII,UTE.GN.RR.044619-0.01,6921900000
"2022-12-02 20:00:00",N,NORTE,RR,RORAIMA,"TIPO I",TÉRMICA,Gás,"Jaguatirica II",RRJII,UTE.GN.RR.044619-0.01,6922700000
"2022-12-02 21:00:00",N,NORTE,RR,RORAIMA,"TIPO I",TÉRMICA,Gás,"Jaguatirica II",RRJII,UTE.GN.RR.044619-0.01,6918200000
"2022-12-02 22:00:00",N,NORTE,RR,RORAIMA,"TIPO I",TÉRMICA,Gás,"Jaguatirica II",RRJII,UTE.GN.RR.044619-0.01,6910600000
"2022-12-02 23:00:00",N,NORTE,RR,RORAIMA,"TIPO I",TÉRMICA,Gás,"Jaguatirica II",RRJII,UTE.GN.RR.044619-0.01,6911700000
"2022-12-03 00:00:00",N,NORTE,RR,RORAIMA,"TIPO I",TÉRMICA,Gás,"Jaguatirica II",RRJII,UTE.GN.RR.044619-0.01,6910500000
"2022-12-03 01:00:00",N,NORTE,RR,RORAIMA,"TIPO I",TÉRMICA,Gás,"Jaguatirica II",RRJII,UTE.GN.RR.044619-0.01,6904400000
"2022-12-03 02:00:00",N,NORTE,RR,RORAIMA,"TIPO I",TÉRMICA,Gás,"Jaguatirica II",RRJII,UTE.GN.RR.044619-0.01,6893100000
"2022-12-03 03:00:00",N,NORTE,RR,RORAIMA,"TIPO I",TÉRMICA,Gás,"Jaguatirica II",RRJII,UTE.GN.RR.044619-0.01,6903100000
"2022-12-03 04:00:00",N,NORTE,RR,RORAIMA,"TIPO I",TÉRMICA,Gás,"Jaguatirica II",RRJII,UTE.GN.RR.044619-0.01,6905800000
"2022-12-03 05:00:00",N,NORTE,RR,RORAIMA,"TIPO I",TÉRMICA,Gás,"Jaguatirica II",RRJII,UTE.GN.RR.044619-0.01,6903900000
"2022-12-03 06:00:00",N,NORTE,RR,RORAIMA,"TIPO I",TÉRMICA,Gás,"Jaguatirica II",RRJII,UTE.GN.RR.044619-0.01,6898100000
"2022-12-03 07:00:00",N,NORTE,RR,RORAIMA,"TIPO I",TÉRMICA,Gás,"Jaguatirica II",RRJII,UTE.GN.RR.044619-0.01,6546300000
"2022-12-03 08:00:00",N,NORTE,RR,RORAIMA,"TIPO I",TÉRMICA,Gás,"Jaguatirica II",RRJII,UTE.GN.RR.044619-0.01,5975700000
"2022-12-03 09:00:00",N,NORTE,RR,RORAIMA,"TIPO I",TÉRMICA,Gás,"Jaguatirica II",RRJII,UTE.GN.RR.044619-0.01,6722500000
"2022-12-03 10:00:00",N,NORTE,RR,RORAIMA,"TIPO I",TÉRMICA,Gás,"Jaguatirica II",RRJII,UTE.GN.RR.044619-0.01,6928700000
"2022-12-03 11:00:00",N,NORTE,RR,RORAIMA,"TIPO I",TÉRMICA,Gás,"Jaguatirica II",RRJII,UTE.GN.RR.044619-0.01,6925200000
"2022-12-03 12:00:00",N,NORTE,RR,RORAIMA,"TIPO I",TÉRMICA,Gás,"Jaguatirica II",RRJII,UTE.GN.RR.044619-0.01,6919400000
"2022-12-03 13:00:00",N,NORTE,RR,RORAIMA,"TIPO I",TÉRMICA,Gás,"Jaguatirica II",RRJII,UTE.GN.RR.044619-0.01,6884800000
"2022-12-03 14:00:00",N,NORTE,RR,RORAIMA,"TIPO I",TÉRMICA,Gás,"Jaguatirica II",RRJII,UTE.GN.RR.044619-0.01,6885700000
"2022-12-03 15:00:00",N,NORTE,RR,RORAIMA,"TIPO I",TÉRMICA,Gás,"Jaguatirica II",RRJII,UTE.GN.RR.044619-0.01,6903300000
"2022-12-03 16:00:00",N,NORTE,RR,RORAIMA,"TIPO I",TÉRMICA,Gás,"Jaguatirica II",RRJII,UTE.GN.RR.044619-0.01,6899200000
"2022-12-03 17:00:00",N,NORTE,RR,RORAIMA,"TIPO I",TÉRMICA,Gás,"Jaguatirica II",RRJII,UTE.GN.RR.044619-0.01,6893100000
"2022-12-03 18:00:00",N,NORTE,RR,RORAIMA,"TIPO I",TÉRMICA,Gás,"Jaguatirica II",RRJII,UTE.GN.RR.044619-0.01,6897100000
"2022-12-03 19:00:00",N,NORTE,RR,RORAIMA,"TIPO I",TÉRMICA,Gás,"Jaguatirica II",RRJII,UTE.GN.RR.044619-0.01,6889100000
"2022-12-03 20:00:00",N,NORTE,RR,RORAIMA,"TIPO I",TÉRMICA,Gás,"Jaguatirica II",RRJII,UTE.GN.RR.044619-0.01,6892600000
"2022-12-03 21:00:00",N,NORTE,RR,RORAIMA,"TIPO I",TÉRMICA,Gás,"Jaguatirica II",RRJII,UTE.GN.RR.044619-0.01,6897600000
"2022-12-03 22:00:00",N,NORTE,RR,RORAIMA,"TIPO I",TÉRMICA,Gás,"Jaguatirica II",RRJII,UTE.GN.RR.044619-0.01,6893400000
"2022-12-03 23:00:00",N,NORTE,RR,RORAIMA,"TIPO I",TÉRMICA,Gás,"Jaguatirica II",RRJII,UTE.GN.RR.044619-0.01,6892000000
"2022-12-04 00:00:00",N,NORTE,RR,RORAIMA,"TIPO I",TÉRMICA,Gás,"Jaguatirica II",RRJII,UTE.GN.RR.044619-0.01,6890900000
"2022-12-04 01:00:00",N,NORTE,RR,RORAIMA,"TIPO I",TÉRMICA,Gás,"Jaguatirica II",RRJII,UTE.GN.RR.044619-0.01,6886600000
"2022-12-04 02:00:00",N,NORTE,RR,RORAIMA,"TIPO I",TÉRMICA,Gás,"Jaguatirica II",RRJII,UTE.GN.RR.044619-0.01,6884900000
"2022-12-04 03:00:00",N,NORTE,RR,RORAIMA,"TIPO I",TÉRMICA,Gás,"Jaguatirica II",RRJII,UTE.GN.RR.044619-0.01,6864800000
"2022-12-04 04:00:00",N,NORTE,RR,RORAIMA,"TIPO I",TÉRMICA,Gás,"Jaguatirica II",RRJII,UTE.GN.RR.044619-0.01,6909600000
"2022-12-04 05:00:00",N,NORTE,RR,RORAIMA,"TIPO I",TÉRMICA,Gás,"Jaguatirica II",RRJII,UTE.GN.RR.044619-0.01,6927300000
"2022-12-04 06:00:00",N,NORTE,RR,RORAIMA,"TIPO I",TÉRMICA,Gás,"Jaguatirica II",RRJII,UTE.GN.RR.044619-0.01,6926200000
"2022-12-04 07:00:00",N,NORTE,RR,RORAIMA,"TIPO I",TÉRMICA,Gás,"Jaguatirica II",RRJII,UTE.GN.RR.044619-0.01,6651600000
"2022-12-04 08:00:00",N,NORTE,RR,RORAIMA,"TIPO I",TÉRMICA,Gás,"Jaguatirica II",RRJII,UTE.GN.RR.044619-0.01,6171600000
"2022-12-04 09:00:00",N,NORTE,RR,RORAIMA,"TIPO I",TÉRMICA,Gás,"Jaguatirica II",RRJII,UTE.GN.RR.044619-0.01,5722400000
"2022-12-04 10:00:00",N,NORTE,RR,RORAIMA,"TIPO I",TÉRMICA,Gás,"Jaguatirica II",RRJII,UTE.GN.RR.044619-0.01,5599700000
"2022-12-04 11:00:00",N,NORTE,RR,RORAIMA,"TIPO I",TÉRMICA,Gás,"Jaguatirica II",RRJII,UTE.GN.RR.044619-0.01,5172800000
"2022-12-04 12:00:00",N,NORTE,RR,RORAIMA,"TIPO I",TÉRMICA,Gás,"Jaguatirica II",RRJII,UTE.GN.RR.044619-0.01,5286200000
"2022-12-04 13:00:00",N,NORTE,RR,RORAIMA,"TIPO I",TÉRMICA,Gás,"Jaguatirica II",RRJII,UTE.GN.RR.044619-0.01,5604600000
"2022-12-04 14:00:00",N,NORTE,RR,RORAIMA,"TIPO I",TÉRMICA,Gás,"Jaguatirica II",RRJII,UTE.GN.RR.044619-0.01,5163900000
"2022-12-04 15:00:00",N,NORTE,RR,RORAIMA,"TIPO I",TÉRMICA,Gás,"Jaguatirica II",RRJII,UTE.GN.RR.044619-0.01,2365400000
"2022-12-04 16:00:00",N,NORTE,RR,RORAIMA,"TIPO I",TÉRMICA,Gás,"Jaguatirica II",RRJII,UTE.GN.RR.044619-0.01,1071600000
"2022-12-04 17:00:00",N,NORTE,RR,RORAIMA,"TIPO I",TÉRMICA,Gás,"Jaguatirica II",RRJII,UTE.GN.RR.044619-0.01,2005600000
"2022-12-04 18:00:00",N,NORTE,RR,RORAIMA,"TIPO I",TÉRMICA,Gás,"Jaguatirica II",RRJII,UTE.GN.RR.044619-0.01,4304800000
"2022-12-04 19:00:00",N,NORTE,RR,RORAIMA,"TIPO I",TÉRMICA,Gás,"Jaguatirica II",RRJII,UTE.GN.RR.044619-0.01,6419400000
"2022-12-04 20:00:00",N,NORTE,RR,RORAIMA,"TIPO I",TÉRMICA,Gás,"Jaguatirica II",RRJII,UTE.GN.RR.044619-0.01,6770400000
"2022-12-04 21:00:00",N,NORTE,RR,RORAIMA,"TIPO I",TÉRMICA,Gás,"Jaguatirica II",RRJII,UTE.GN.RR.044619-0.01,6820000000
"2022-12-04 22:00:00",N,NORTE,RR,RORAIMA,"TIPO I",TÉRMICA,Gás,"Jaguatirica II",RRJII,UTE.GN.RR.044619-0.01,6892500000
"2022-12-04 23:00:00",N,NORTE,RR,RORAIMA,"TIPO I",TÉRMICA,Gás,"Jaguatirica II",RRJII,UTE.GN.RR.044619-0.01,6898700000
"2022-12-05 00:00:00",N,NORTE,RR,RORAIMA,"TIPO I",TÉRMICA,Gás,"Jaguatirica II",RRJII,UTE.GN.RR.044619-0.01,6897200000
"2022-12-05 01:00:00",N,NORTE,RR,RORAIMA,"TIPO I",TÉRMICA,Gás,"Jaguatirica II",RRJII,UTE.GN.RR.044619-0.01,6731900000
"2022-12-05 02:00:00",N,NORTE,RR,RORAIMA,"TIPO I",TÉRMICA,Gás,"Jaguatirica II",RRJII,UTE.GN.RR.044619-0.01,0
"2022-12-05 03:00:00",N,NORTE,RR,RORAIMA,"TIPO I",TÉRMICA,Gás,"Jaguatirica II",RRJII,UTE.GN.RR.044619-0.01,0
"2022-12-05 04:00:00",N,NORTE,RR,RORAIMA,"TIPO I",TÉRMICA,Gás,"Jaguatirica II",RRJII,UTE.GN.RR.044619-0.01,2300000
"2022-12-05 05:00:00",N,NORTE,RR,RORAIMA,"TIPO I",TÉRMICA,Gás,"Jaguatirica II",RRJII,UTE.GN.RR.044619-0.01,900000
"2022-12-05 06:00:00",N,NORTE,RR,RORAIMA,"TIPO I",TÉRMICA,Gás,"Jaguatirica II",RRJII,UTE.GN.RR.044619-0.01,0
"2022-12-05 07:00:00",N,NORTE,RR,RORAIMA,"TIPO I",TÉRMICA,Gás,"Jaguatirica II",RRJII,UTE.GN.RR.044619-0.01,0
"2022-12-05 08:00:00",N,NORTE,RR,RORAIMA,"TIPO I",TÉRMICA,Gás,"Jaguatirica II",RRJII,UTE.GN.RR.044619-0.01,365400000
"2022-12-05 09:00:00",N,NORTE,RR,RORAIMA,"TIPO I",TÉRMICA,Gás,"Jaguatirica II",RRJII,UTE.GN.RR.044619-0.01,1401300000
"2022-12-05 10:00:00",N,NORTE,RR,RORAIMA,"TIPO I",TÉRMICA,Gás,"Jaguatirica II",RRJII,UTE.GN.RR.044619-0.01,1867600000
"2022-12-05 11:00:00",N,NORTE,RR,RORAIMA,"TIPO I",TÉRMICA,Gás,"Jaguatirica II",RRJII,UTE.GN.RR.044619-0.01,4574700000
"2022-12-05 12:00:00",N,NORTE,RR,RORAIMA,"TIPO I",TÉRMICA,Gás,"Jaguatirica II",RRJII,UTE.GN.RR.044619-0.01,6416400000
"2022-12-05 13:00:00",N,NORTE,RR,RORAIMA,"TIPO I",TÉRMICA,Gás,"Jaguatirica II",RRJII,UTE.GN.RR.044619-0.01,6850700000
"2022-12-05 14:00:00",N,NORTE,RR,RORAIMA,"TIPO I",TÉRMICA,Gás,"Jaguatirica II",RRJII,UTE.GN.RR.044619-0.01,6921600000
"2022-12-05 15:00:00",N,NORTE,RR,RORAIMA,"TIPO I",TÉRMICA,Gás,"Jaguatirica II",RRJII,UTE.GN.RR.044619-0.01,6922000000
"2022-12-05 16:00:00",N,NORTE,RR,RORAIMA,"TIPO I",TÉRMICA,Gás,"Jaguatirica II",RRJII,UTE.GN.RR.044619-0.01,6918700000
"2022-12-05 17:00:00",N,NORTE,RR,RORAIMA,"TIPO I",TÉRMICA,Gás,"Jaguatirica II",RRJII,UTE.GN.RR.044619-0.01,6926500000
"2022-12-05 18:00:00",N,NORTE,RR,RORAIMA,"TIPO I",TÉRMICA,Gás,"Jaguatirica II",RRJII,UTE.GN.RR.044619-0.01,6934700000
"2022-12-05 19:00:00",N,NORTE,RR,RORAIMA,"TIPO I",TÉRMICA,Gás,"Jaguatirica II",RRJII,UTE.GN.RR.044619-0.01,6931300000
"2022-12-05 20:00:00",N,NORTE,RR,RORAIMA,"TIPO I",TÉRMICA,Gás,"Jaguatirica II",RRJII,UTE.GN.RR.044619-0.01,6898200000
"2022-12-05 21:00:00",N,NORTE,RR,RORAIMA,"TIPO I",TÉRMICA,Gás,"Jaguatirica II",RRJII,UTE.GN.RR.044619-0.01,6923900000
"2022-12-05 22:00:00",N,NORTE,RR,RORAIMA,"TIPO I",TÉRMICA,Gás,"Jaguatirica II",RRJII,UTE.GN.RR.044619-0.01,6916200000
"2022-12-05 23:00:00",N,NORTE,RR,RORAIMA,"TIPO I",TÉRMICA,Gás,"Jaguatirica II",RRJII,UTE.GN.RR.044619-0.01,6926100000
"2022-12-06 00:00:00",N,NORTE,RR,RORAIMA,"TIPO I",TÉRMICA,Gás,"Jaguatirica II",RRJII,UTE.GN.RR.044619-0.01,6921600000
"2022-12-06 01:00:00",N,NORTE,RR,RORAIMA,"TIPO I",TÉRMICA,Gás,"Jaguatirica II",RRJII,UTE.GN.RR.044619-0.01,6915400000
"2022-12-06 02:00:00",N,NORTE,RR,RORAIMA,"TIPO I",TÉRMICA,Gás,"Jaguatirica II",RRJII,UTE.GN.RR.044619-0.01,6916700000
"2022-12-06 03:00:00",N,NORTE,RR,RORAIMA,"TIPO I",TÉRMICA,Gás,"Jaguatirica II",RRJII,UTE.GN.RR.044619-0.01,6915300000
"2022-12-06 04:00:00",N,NORTE,RR,RORAIMA,"TIPO I",TÉRMICA,Gás,"Jaguatirica II",RRJII,UTE.GN.RR.044619-0.01,6914000000
"2022-12-06 05:00:00",N,NORTE,RR,RORAIMA,"TIPO I",TÉRMICA,Gás,"Jaguatirica II",RRJII,UTE.GN.RR.044619-0.01,6910200000
"2022-12-06 06:00:00",N,NORTE,RR,RORAIMA,"TIPO I",TÉRMICA,Gás,"Jaguatirica II",RRJII,UTE.GN.RR.044619-0.01,6906200000
"2022-12-06 07:00:00",N,NORTE,RR,RORAIMA,"TIPO I",TÉRMICA,Gás,"Jaguatirica II",RRJII,UTE.GN.RR.044619-0.01,6918300000
"2022-12-06 08:00:00",N,NORTE,RR,RORAIMA,"TIPO I",TÉRMICA,Gás,"Jaguatirica II",RRJII,UTE.GN.RR.044619-0.01,6930300000
"2022-12-06 09:00:00",N,NORTE,RR,RORAIMA,"TIPO I",TÉRMICA,Gás,"Jaguatirica II",RRJII,UTE.GN.RR.044619-0.01,6926500000
"2022-12-06 10:00:00",N,NORTE,RR,RORAIMA,"TIPO I",TÉRMICA,Gás,"Jaguatirica II",RRJII,UTE.GN.RR.044619-0.01,6934700000
"2022-12-06 11:00:00",N,NORTE,RR,RORAIMA,"TIPO I",TÉRMICA,Gás,"Jaguatirica II",RRJII,UTE.GN.RR.044619-0.01,6910600000
"2022-12-06 12:00:00",N,NORTE,RR,RORAIMA,"TIPO I",TÉRMICA,Gás,"Jaguatirica II",RRJII,UTE.GN.RR.044619-0.01,6905600000
"2022-12-06 13:00:00",N,NORTE,RR,RORAIMA,"TIPO I",TÉRMICA,Gás,"Jaguatirica II",RRJII,UTE.GN.RR.044619-0.01,6896500000
"2022-12-06 14:00:00",N,NORTE,RR,RORAIMA,"TIPO I",TÉRMICA,Gás,"Jaguatirica II",RRJII,UTE.GN.RR.044619-0.01,6848800000
"2022-12-06 15:00:00",N,NORTE,RR,RORAIMA,"TIPO I",TÉRMICA,Gás,"Jaguatirica II",RRJII,UTE.GN.RR.044619-0.01,6823900000
"2022-12-06 16:00:00",N,NORTE,RR,RORAIMA,"TIPO I",TÉRMICA,Gás,"Jaguatirica II",RRJII,UTE.GN.RR.044619-0.01,6842600000
"2022-12-06 17:00:00",N,NORTE,RR,RORAIMA,"TIPO I",TÉRMICA,Gás,"Jaguatirica II",RRJII,UTE.GN.RR.044619-0.01,6922400000
"2022-12-06 18:00:00",N,NORTE,RR,RORAIMA,"TIPO I",TÉRMICA,Gás,"Jaguatirica II",RRJII,UTE.GN.RR.044619-0.01,6942300000
"2022-12-06 19:00:00",N,NORTE,RR,RORAIMA,"TIPO I",TÉRMICA,Gás,"Jaguatirica II",RRJII,UTE.GN.RR.044619-0.01,6939900000
"2022-12-06 20:00:00",N,NORTE,RR,RORAIMA,"TIPO I",TÉRMICA,Gás,"Jaguatirica II",RRJII,UTE.GN.RR.044619-0.01,6923900000
"2022-12-06 21:00:00",N,NORTE,RR,RORAIMA,"TIPO I",TÉRMICA,Gás,"Jaguatirica II",RRJII,UTE.GN.RR.044619-0.01,6921000000
"2022-12-06 22:00:00",N,NORTE,RR,RORAIMA,"TIPO I",TÉRMICA,Gás,"Jaguatirica II",RRJII,UTE.GN.RR.044619-0.01,6928900000
"2022-12-06 23:00:00",N,NORTE,RR,RORAIMA,"TIPO I",TÉRMICA,Gás,"Jaguatirica II",RRJII,UTE.GN.RR.044619-0.01,6934500000
"2022-12-07 00:00:00",N,NORTE,RR,RORAIMA,"TIPO I",TÉRMICA,Gás,"Jaguatirica II",RRJII,UTE.GN.RR.044619-0.01,6948200000
"2022-12-07 01:00:00",N,NORTE,RR,RORAIMA,"TIPO I",TÉRMICA,Gás,"Jaguatirica II",RRJII,UTE.GN.RR.044619-0.01,6947000000
"2022-12-07 02:00:00",N,NORTE,RR,RORAIMA,"TIPO I",TÉRMICA,Gás,"Jaguatirica II",RRJII,UTE.GN.RR.044619-0.01,6947000000
"2022-12-07 03:00:00",N,NORTE,RR,RORAIMA,"TIPO I",TÉRMICA,Gás,"Jaguatirica II",RRJII,UTE.GN.RR.044619-0.01,6939500000
"2022-12-07 04:00:00",N,NORTE,RR,RORAIMA,"TIPO I",TÉRMICA,Gás,"Jaguatirica II",RRJII,UTE.GN.RR.044619-0.01,6950500000
"2022-12-07 05:00:00",N,NORTE,RR,RORAIMA,"TIPO I",TÉRMICA,Gás,"Jaguatirica II",RRJII,UTE.GN.RR.044619-0.01,6953600000
"2022-12-07 06:00:00",N,NORTE,RR,RORAIMA,"TIPO I",TÉRMICA,Gás,"Jaguatirica II",RRJII,UTE.GN.RR.044619-0.01,6949300000
"2022-12-07 07:00:00",N,NORTE,RR,RORAIMA,"TIPO I",TÉRMICA,Gás,"Jaguatirica II",RRJII,UTE.GN.RR.044619-0.01,6928100000
"2022-12-07 08:00:00",N,NORTE,RR,RORAIMA,"TIPO I",TÉRMICA,Gás,"Jaguatirica II",RRJII,UTE.GN.RR.044619-0.01,6930300000
"2022-12-07 09:00:00",N,NORTE,RR,RORAIMA,"TIPO I",TÉRMICA,Gás,"Jaguatirica II",RRJII,UTE.GN.RR.044619-0.01,6946900000
"2022-12-07 10:00:00",N,NORTE,RR,RORAIMA,"TIPO I",TÉRMICA,Gás,"Jaguatirica II",RRJII,UTE.GN.RR.044619-0.01,6915100000
"2022-12-07 11:00:00",N,NORTE,RR,RORAIMA,"TIPO I",TÉRMICA,Gás,"Jaguatirica II",RRJII,UTE.GN.RR.044619-0.01,6931600000
"2022-12-07 12:00:00",N,NORTE,RR,RORAIMA,"TIPO I",TÉRMICA,Gás,"Jaguatirica II",RRJII,UTE.GN.RR.044619-0.01,6939100000
"2022-12-07 13:00:00",N,NORTE,RR,RORAIMA,"TIPO I",TÉRMICA,Gás,"Jaguatirica II",RRJII,UTE.GN.RR.044619-0.01,6923400000
"2022-12-07 14:00:00",N,NORTE,RR,RORAIMA,"TIPO I",TÉRMICA,Gás,"Jaguatirica II",RRJII,UTE.GN.RR.044619-0.01,6890600000
"2022-12-07 15:00:00",N,NORTE,RR,RORAIMA,"TIPO I",TÉRMICA,Gás,"Jaguatirica II",RRJII,UTE.GN.RR.044619-0.01,6913800000
"2022-12-07 16:00:00",N,NORTE,RR,RORAIMA,"TIPO I",TÉRMICA,Gás,"Jaguatirica II",RRJII,UTE.GN.RR.044619-0.01,6933000000
"2022-12-07 17:00:00",N,NORTE,RR,RORAIMA,"TIPO I",TÉRMICA,Gás,"Jaguatirica II",RRJII,UTE.GN.RR.044619-0.01,6943100000
"2022-12-07 18:00:00",N,NORTE,RR,RORAIMA,"TIPO I",TÉRMICA,Gás,"Jaguatirica II",RRJII,UTE.GN.RR.044619-0.01,6947700000
"2022-12-07 19:00:00",N,NORTE,RR,RORAIMA,"TIPO I",TÉRMICA,Gás,"Jaguatirica II",RRJII,UTE.GN.RR.044619-0.01,6943800000
"2022-12-07 20:00:00",N,NORTE,RR,RORAIMA,"TIPO I",TÉRMICA,Gás,"Jaguatirica II",RRJII,UTE.GN.RR.044619-0.01,6866000000
"2022-12-07 21:00:00",N,NORTE,RR,RORAIMA,"TIPO I",TÉRMICA,Gás,"Jaguatirica II",RRJII,UTE.GN.RR.044619-0.01,6911900000
"2022-12-07 22:00:00",N,NORTE,RR,RORAIMA,"TIPO I",TÉRMICA,Gás,"Jaguatirica II",RRJII,UTE.GN.RR.044619-0.01,6913100000
"2022-12-07 23:00:00",N,NORTE,RR,RORAIMA,"TIPO I",TÉRMICA,Gás,"Jaguatirica II",RRJII,UTE.GN.RR.044619-0.01,6916400000
"2022-12-08 00:00:00",N,NORTE,RR,RORAIMA,"TIPO I",TÉRMICA,Gás,"Jaguatirica II",RRJII,UTE.GN.RR.044619-0.01,6922500000
"2022-12-08 01:00:00",N,NORTE,RR,RORAIMA,"TIPO I",TÉRMICA,Gás,"Jaguatirica II",RRJII,UTE.GN.RR.044619-0.01,6924600000
"2022-12-08 02:00:00",N,NORTE,RR,RORAIMA,"TIPO I",TÉRMICA,Gás,"Jaguatirica II",RRJII,UTE.GN.RR.044619-0.01,6904600000
"2022-12-08 03:00:00",N,NORTE,RR,RORAIMA,"TIPO I",TÉRMICA,Gás,"Jaguatirica II",RRJII,UTE.GN.RR.044619-0.01,6925500000
"2022-12-08 04:00:00",N,NORTE,RR,RORAIMA,"TIPO I",TÉRMICA,Gás,"Jaguatirica II",RRJII,UTE.GN.RR.044619-0.01,6919200000
"2022-12-08 05:00:00",N,NORTE,RR,RORAIMA,"TIPO I",TÉRMICA,Gás,"Jaguatirica II",RRJII,UTE.GN.RR.044619-0.01,6927700000
"2022-12-08 06:00:00",N,NORTE,RR,RORAIMA,"TIPO I",TÉRMICA,Gás,"Jaguatirica II",RRJII,UTE.GN.RR.044619-0.01,6928300000
"2022-12-08 07:00:00",N,NORTE,RR,RORAIMA,"TIPO I",TÉRMICA,Gás,"Jaguatirica II",RRJII,UTE.GN.RR.044619-0.01,6823900000
"2022-12-08 08:00:00",N,NORTE,RR,RORAIMA,"TIPO I",TÉRMICA,Gás,"Jaguatirica II",RRJII,UTE.GN.RR.044619-0.01,6642200000
"2022-12-08 09:00:00",N,NORTE,RR,RORAIMA,"TIPO I",TÉRMICA,Gás,"Jaguatirica II",RRJII,UTE.GN.RR.044619-0.01,6642000000
"2022-12-08 10:00:00",N,NORTE,RR,RORAIMA,"TIPO I",TÉRMICA,Gás,"Jaguatirica II",RRJII,UTE.GN.RR.044619-0.01,6912600000
"2022-12-08 11:00:00",N,NORTE,RR,RORAIMA,"TIPO I",TÉRMICA,Gás,"Jaguatirica II",RRJII,UTE.GN.RR.044619-0.01,6940800000
"2022-12-08 12:00:00",N,NORTE,RR,RORAIMA,"TIPO I",TÉRMICA,Gás,"Jaguatirica II",RRJII,UTE.GN.RR.044619-0.01,6941500000
"2022-12-08 13:00:00",N,NORTE,RR,RORAIMA,"TIPO I",TÉRMICA,Gás,"Jaguatirica II",RRJII,UTE.GN.RR.044619-0.01,6938700000
"2022-12-08 14:00:00",N,NORTE,RR,RORAIMA,"TIPO I",TÉRMICA,Gás,"Jaguatirica II",RRJII,UTE.GN.RR.044619-0.01,6922700000
"2022-12-08 15:00:00",N,NORTE,RR,RORAIMA,"TIPO I",TÉRMICA,Gás,"Jaguatirica II",RRJII,UTE.GN.RR.044619-0.01,6937700000
"2022-12-08 16:00:00",N,NORTE,RR,RORAIMA,"TIPO I",TÉRMICA,Gás,"Jaguatirica II",RRJII,UTE.GN.RR.044619-0.01,6949400000
"2022-12-08 17:00:00",N,NORTE,RR,RORAIMA,"TIPO I",TÉRMICA,Gás,"Jaguatirica II",RRJII,UTE.GN.RR.044619-0.01,6949800000
"2022-12-08 18:00:00",N,NORTE,RR,RORAIMA,"TIPO I",TÉRMICA,Gás,"Jaguatirica II",RRJII,UTE.GN.RR.044619-0.01,6952700000
"2022-12-08 19:00:00",N,NORTE,RR,RORAIMA,"TIPO I",TÉRMICA,Gás,"Jaguatirica II",RRJII,UTE.GN.RR.044619-0.01,6941700000
"2022-12-08 20:00:00",N,NORTE,RR,RORAIMA,"TIPO I",TÉRMICA,Gás,"Jaguatirica II",RRJII,UTE.GN.RR.044619-0.01,6942900000
"2022-12-08 21:00:00",N,NORTE,RR,RORAIMA,"TIPO I",TÉRMICA,Gás,"Jaguatirica II",RRJII,UTE.GN.RR.044619-0.01,6941800000
"2022-12-08 22:00:00",N,NORTE,RR,RORAIMA,"TIPO I",TÉRMICA,Gás,"Jaguatirica II",RRJII,UTE.GN.RR.044619-0.01,6949300000
"2022-12-08 23:00:00",N,NORTE,RR,RORAIMA,"TIPO I",TÉRMICA,Gás,"Jaguatirica II",RRJII,UTE.GN.RR.044619-0.01,6944900000
"2022-12-09 00:00:00",N,NORTE,RR,RORAIMA,"TIPO I",TÉRMICA,Gás,"Jaguatirica II",RRJII,UTE.GN.RR.044619-0.01,6950300000
"2022-12-09 01:00:00",N,NORTE,RR,RORAIMA,"TIPO I",TÉRMICA,Gás,"Jaguatirica II",RRJII,UTE.GN.RR.044619-0.01,6950800000
"2022-12-09 02:00:00",N,NORTE,RR,RORAIMA,"TIPO I",TÉRMICA,Gás,"Jaguatirica II",RRJII,UTE.GN.RR.044619-0.01,6945800000
"2022-12-09 03:00:00",N,NORTE,RR,RORAIMA,"TIPO I",TÉRMICA,Gás,"Jaguatirica II",RRJII,UTE.GN.RR.044619-0.01,6946200000
"2022-12-09 04:00:00",N,NORTE,RR,RORAIMA,"TIPO I",TÉRMICA,Gás,"Jaguatirica II",RRJII,UTE.GN.RR.044619-0.01,6943200000
"2022-12-09 05:00:00",N,NORTE,RR,RORAIMA,"TIPO I",TÉRMICA,Gás,"Jaguatirica II",RRJII,UTE.GN.RR.044619-0.01,6943900000
"2022-12-09 06:00:00",N,NORTE,RR,RORAIMA,"TIPO I",TÉRMICA,Gás,"Jaguatirica II",RRJII,UTE.GN.RR.044619-0.01,6943300000
"2022-12-09 07:00:00",N,NORTE,RR,RORAIMA,"TIPO I",TÉRMICA,Gás,"Jaguatirica II",RRJII,UTE.GN.RR.044619-0.01,6943700000
"2022-12-09 08:00:00",N,NORTE,RR,RORAIMA,"TIPO I",TÉRMICA,Gás,"Jaguatirica II",RRJII,UTE.GN.RR.044619-0.01,6585000000
"2022-12-09 09:00:00",N,NORTE,RR,RORAIMA,"TIPO I",TÉRMICA,Gás,"Jaguatirica II",RRJII,UTE.GN.RR.044619-0.01,6892000000
"2022-12-09 10:00:00",N,NORTE,RR,RORAIMA,"TIPO I",TÉRMICA,Gás,"Jaguatirica II",RRJII,UTE.GN.RR.044619-0.01,6947400000
"2022-12-09 11:00:00",N,NORTE,RR,RORAIMA,"TIPO I",TÉRMICA,Gás,"Jaguatirica II",RRJII,UTE.GN.RR.044619-0.01,6941500000
"2022-12-09 12:00:00",N,NORTE,RR,RORAIMA,"TIPO I",TÉRMICA,Gás,"Jaguatirica II",RRJII,UTE.GN.RR.044619-0.01,6939600000
"2022-12-09 13:00:00",N,NORTE,RR,RORAIMA,"TIPO I",TÉRMICA,Gás,"Jaguatirica II",RRJII,UTE.GN.RR.044619-0.01,6931800000
"2022-12-09 14:00:00",N,NORTE,RR,RORAIMA,"TIPO I",TÉRMICA,Gás,"Jaguatirica II",RRJII,UTE.GN.RR.044619-0.01,6922900000
"2022-12-09 15:00:00",N,NORTE,RR,RORAIMA,"TIPO I",TÉRMICA,Gás,"Jaguatirica II",RRJII,UTE.GN.RR.044619-0.01,6903700000
"2022-12-09 16:00:00",N,NORTE,RR,RORAIMA,"TIPO I",TÉRMICA,Gás,"Jaguatirica II",RRJII,UTE.GN.RR.044619-0.01,6945200000
"2022-12-09 17:00:00",N,NORTE,RR,RORAIMA,"TIPO I",TÉRMICA,Gás,"Jaguatirica II",RRJII,UTE.GN.RR.044619-0.01,6945400000
"2022-12-09 18:00:00",N,NORTE,RR,RORAIMA,"TIPO I",TÉRMICA,Gás,"Jaguatirica II",RRJII,UTE.GN.RR.044619-0.01,6949300000
"2022-12-09 19:00:00",N,NORTE,RR,RORAIMA,"TIPO I",TÉRMICA,Gás,"Jaguatirica II",RRJII,UTE.GN.RR.044619-0.01,6948300000
"2022-12-09 20:00:00",N,NORTE,RR,RORAIMA,"TIPO I",TÉRMICA,Gás,"Jaguatirica II",RRJII,UTE.GN.RR.044619-0.01,6951300000
"2022-12-09 21:00:00",N,NORTE,RR,RORAIMA,"TIPO I",TÉRMICA,Gás,"Jaguatirica II",RRJII,UTE.GN.RR.044619-0.01,6949800000
"2022-12-09 22:00:00",N,NORTE,RR,RORAIMA,"TIPO I",TÉRMICA,Gás,"Jaguatirica II",RRJII,UTE.GN.RR.044619-0.01,6942600000
"2022-12-09 23:00:00",N,NORTE,RR,RORAIMA,"TIPO I",TÉRMICA,Gás,"Jaguatirica II",RRJII,UTE.GN.RR.044619-0.01,6917800000
"2022-12-10 00:00:00",N,NORTE,RR,RORAIMA,"TIPO I",TÉRMICA,Gás,"Jaguatirica II",RRJII,UTE.GN.RR.044619-0.01,6952800000
"2022-12-10 01:00:00",N,NORTE,RR,RORAIMA,"TIPO I",TÉRMICA,Gás,"Jaguatirica II",RRJII,UTE.GN.RR.044619-0.01,6951200000
"2022-12-10 02:00:00",N,NORTE,RR,RORAIMA,"TIPO I",TÉRMICA,Gás,"Jaguatirica II",RRJII,UTE.GN.RR.044619-0.01,6949100000
"2022-12-10 03:00:00",N,NORTE,RR,RORAIMA,"TIPO I",TÉRMICA,Gás,"Jaguatirica II",RRJII,UTE.GN.RR.044619-0.01,6949900000
"2022-12-10 04:00:00",N,NORTE,RR,RORAIMA,"TIPO I",TÉRMICA,Gás,"Jaguatirica II",RRJII,UTE.GN.RR.044619-0.01,6949900000
"2022-12-10 05:00:00",N,NORTE,RR,RORAIMA,"TIPO I",TÉRMICA,Gás,"Jaguatirica II",RRJII,UTE.GN.RR.044619-0.01,6945300000
"2022-12-10 06:00:00",N,NORTE,RR,RORAIMA,"TIPO I",TÉRMICA,Gás,"Jaguatirica II",RRJII,UTE.GN.RR.044619-0.01,6944200000
"2022-12-10 07:00:00",N,NORTE,RR,RORAIMA,"TIPO I",TÉRMICA,Gás,"Jaguatirica II",RRJII,UTE.GN.RR.044619-0.01,6944700000
"2022-12-10 08:00:00",N,NORTE,RR,RORAIMA,"TIPO I",TÉRMICA,Gás,"Jaguatirica II",RRJII,UTE.GN.RR.044619-0.01,6938400000
"2022-12-10 09:00:00",N,NORTE,RR,RORAIMA,"TIPO I",TÉRMICA,Gás,"Jaguatirica II",RRJII,UTE.GN.RR.044619-0.01,6945800000
"2022-12-10 10:00:00",N,NORTE,RR,RORAIMA,"TIPO I",TÉRMICA,Gás,"Jaguatirica II",RRJII,UTE.GN.RR.044619-0.01,6937300000
"2022-12-10 11:00:00",N,NORTE,RR,RORAIMA,"TIPO I",TÉRMICA,Gás,"Jaguatirica II",RRJII,UTE.GN.RR.044619-0.01,6936500000
"2022-12-10 12:00:00",N,NORTE,RR,RORAIMA,"TIPO I",TÉRMICA,Gás,"Jaguatirica II",RRJII,UTE.GN.RR.044619-0.01,6926700000
"2022-12-10 13:00:00",N,NORTE,RR,RORAIMA,"TIPO I",TÉRMICA,Gás,"Jaguatirica II",RRJII,UTE.GN.RR.044619-0.01,6911300000
"2022-12-10 14:00:00",N,NORTE,RR,RORAIMA,"TIPO I",TÉRMICA,Gás,"Jaguatirica II",RRJII,UTE.GN.RR.044619-0.01,6898500000
"2022-12-10 15:00:00",N,NORTE,RR,RORAIMA,"TIPO I",TÉRMICA,Gás,"Jaguatirica II",RRJII,UTE.GN.RR.044619-0.01,6876700000
"2022-12-10 16:00:00",N,NORTE,RR,RORAIMA,"TIPO I",TÉRMICA,Gás,"Jaguatirica II",RRJII,UTE.GN.RR.044619-0.01,6819800000
"2022-12-10 17:00:00",N,NORTE,RR,RORAIMA,"TIPO I",TÉRMICA,Gás,"Jaguatirica II",RRJII,UTE.GN.RR.044619-0.01,6880000000
"2022-12-10 18:00:00",N,NORTE,RR,RORAIMA,"TIPO I",TÉRMICA,Gás,"Jaguatirica II",RRJII,UTE.GN.RR.044619-0.01,6921700000
"2022-12-10 19:00:00",N,NORTE,RR,RORAIMA,"TIPO I",TÉRMICA,Gás,"Jaguatirica II",RRJII,UTE.GN.RR.044619-0.01,6925700000
"2022-12-10 20:00:00",N,NORTE,RR,RORAIMA,"TIPO I",TÉRMICA,Gás,"Jaguatirica II",RRJII,UTE.GN.RR.044619-0.01,6926900000
"2022-12-10 21:00:00",N,NORTE,RR,RORAIMA,"TIPO I",TÉRMICA,Gás,"Jaguatirica II",RRJII,UTE.GN.RR.044619-0.01,6932700000
"2022-12-10 22:00:00",N,NORTE,RR,RORAIMA,"TIPO I",TÉRMICA,Gás,"Jaguatirica II",RRJII,UTE.GN.RR.044619-0.01,6937800000
"2022-12-10 23:00:00",N,NORTE,RR,RORAIMA,"TIPO I",TÉRMICA,Gás,"Jaguatirica II",RRJII,UTE.GN.RR.044619-0.01,6942000000
"2022-12-11 00:00:00",N,NORTE,RR,RORAIMA,"TIPO I",TÉRMICA,Gás,"Jaguatirica II",RRJII,UTE.GN.RR.044619-0.01,6943300000
"2022-12-11 01:00:00",N,NORTE,RR,RORAIMA,"TIPO I",TÉRMICA,Gás,"Jaguatirica II",RRJII,UTE.GN.RR.044619-0.01,6941900000
"2022-12-11 02:00:00",N,NORTE,RR,RORAIMA,"TIPO I",TÉRMICA,Gás,"Jaguatirica II",RRJII,UTE.GN.RR.044619-0.01,6944100000
"2022-12-11 03:00:00",N,NORTE,RR,RORAIMA,"TIPO I",TÉRMICA,Gás,"Jaguatirica II",RRJII,UTE.GN.RR.044619-0.01,6939800000
"2022-12-11 04:00:00",N,NORTE,RR,RORAIMA,"TIPO I",TÉRMICA,Gás,"Jaguatirica II",RRJII,UTE.GN.RR.044619-0.01,6943200000
"2022-12-11 05:00:00",N,NORTE,RR,RORAIMA,"TIPO I",TÉRMICA,Gás,"Jaguatirica II",RRJII,UTE.GN.RR.044619-0.01,6950300000
"2022-12-11 06:00:00",N,NORTE,RR,RORAIMA,"TIPO I",TÉRMICA,Gás,"Jaguatirica II",RRJII,UTE.GN.RR.044619-0.01,6937700000
"2022-12-11 07:00:00",N,NORTE,RR,RORAIMA,"TIPO I",TÉRMICA,Gás,"Jaguatirica II",RRJII,UTE.GN.RR.044619-0.01,6934300000
"2022-12-11 08:00:00",N,NORTE,RR,RORAIMA,"TIPO I",TÉRMICA,Gás,"Jaguatirica II",RRJII,UTE.GN.RR.044619-0.01,6923800000
"2022-12-11 09:00:00",N,NORTE,RR,RORAIMA,"TIPO I",TÉRMICA,Gás,"Jaguatirica II",RRJII,UTE.GN.RR.044619-0.01,6932400000
"2022-12-11 10:00:00",N,NORTE,RR,RORAIMA,"TIPO I",TÉRMICA,Gás,"Jaguatirica II",RRJII,UTE.GN.RR.044619-0.01,6937700000
"2022-12-11 11:00:00",N,NORTE,RR,RORAIMA,"TIPO I",TÉRMICA,Gás,"Jaguatirica II",RRJII,UTE.GN.RR.044619-0.01,6929400000
"2022-12-11 12:00:00",N,NORTE,RR,RORAIMA,"TIPO I",TÉRMICA,Gás,"Jaguatirica II",RRJII,UTE.GN.RR.044619-0.01,6924100000
"2022-12-11 13:00:00",N,NORTE,RR,RORAIMA,"TIPO I",TÉRMICA,Gás,"Jaguatirica II",RRJII,UTE.GN.RR.044619-0.01,6923900000
"2022-12-11 14:00:00",N,NORTE,RR,RORAIMA,"TIPO I",TÉRMICA,Gás,"Jaguatirica II",RRJII,UTE.GN.RR.044619-0.01,6925700000
"2022-12-11 15:00:00",N,NORTE,RR,RORAIMA,"TIPO I",TÉRMICA,Gás,"Jaguatirica II",RRJII,UTE.GN.RR.044619-0.01,6932300000
"2022-12-11 16:00:00",N,NORTE,RR,RORAIMA,"TIPO I",TÉRMICA,Gás,"Jaguatirica II",RRJII,UTE.GN.RR.044619-0.01,6923900000
"2022-12-11 17:00:00",N,NORTE,RR,RORAIMA,"TIPO I",TÉRMICA,Gás,"Jaguatirica II",RRJII,UTE.GN.RR.044619-0.01,6939100000
"2022-12-11 18:00:00",N,NORTE,RR,RORAIMA,"TIPO I",TÉRMICA,Gás,"Jaguatirica II",RRJII,UTE.GN.RR.044619-0.01,6945100000
"2022-12-11 19:00:00",N,NORTE,RR,RORAIMA,"TIPO I",TÉRMICA,Gás,"Jaguatirica II",RRJII,UTE.GN.RR.044619-0.01,6940600000
"2022-12-11 20:00:00",N,NORTE,RR,RORAIMA,"TIPO I",TÉRMICA,Gás,"Jaguatirica II",RRJII,UTE.GN.RR.044619-0.01,6936500000
"2022-12-11 21:00:00",N,NORTE,RR,RORAIMA,"TIPO I",TÉRMICA,Gás,"Jaguatirica II",RRJII,UTE.GN.RR.044619-0.01,6946800000
"2022-12-11 22:00:00",N,NORTE,RR,RORAIMA,"TIPO I",TÉRMICA,Gás,"Jaguatirica II",RRJII,UTE.GN.RR.044619-0.01,6920700000
"2022-12-11 23:00:00",N,NORTE,RR,RORAIMA,"TIPO I",TÉRMICA,Gás,"Jaguatirica II",RRJII,UTE.GN.RR.044619-0.01,6927100000
"2022-12-12 00:00:00",N,NORTE,RR,RORAIMA,"TIPO I",TÉRMICA,Gás,"Jaguatirica II",RRJII,UTE.GN.RR.044619-0.01,6917400000
"2022-12-12 01:00:00",N,NORTE,RR,RORAIMA,"TIPO I",TÉRMICA,Gás,"Jaguatirica II",RRJII,UTE.GN.RR.044619-0.01,6913300000
"2022-12-12 02:00:00",N,NORTE,RR,RORAIMA,"TIPO I",TÉRMICA,Gás,"Jaguatirica II",RRJII,UTE.GN.RR.044619-0.01,6905900000
"2022-12-12 03:00:00",N,NORTE,RR,RORAIMA,"TIPO I",TÉRMICA,Gás,"Jaguatirica II",RRJII,UTE.GN.RR.044619-0.01,6900200000
"2022-12-12 04:00:00",N,NORTE,RR,RORAIMA,"TIPO I",TÉRMICA,Gás,"Jaguatirica II",RRJII,UTE.GN.RR.044619-0.01,6903600000
"2022-12-12 05:00:00",N,NORTE,RR,RORAIMA,"TIPO I",TÉRMICA,Gás,"Jaguatirica II",RRJII,UTE.GN.RR.044619-0.01,6915600000
"2022-12-12 06:00:00",N,NORTE,RR,RORAIMA,"TIPO I",TÉRMICA,Gás,"Jaguatirica II",RRJII,UTE.GN.RR.044619-0.01,6937400000
"2022-12-12 07:00:00",N,NORTE,RR,RORAIMA,"TIPO I",TÉRMICA,Gás,"Jaguatirica II",RRJII,UTE.GN.RR.044619-0.01,6934700000
"2022-12-12 08:00:00",N,NORTE,RR,RORAIMA,"TIPO I",TÉRMICA,Gás,"Jaguatirica II",RRJII,UTE.GN.RR.044619-0.01,6932900000
"2022-12-12 09:00:00",N,NORTE,RR,RORAIMA,"TIPO I",TÉRMICA,Gás,"Jaguatirica II",RRJII,UTE.GN.RR.044619-0.01,6935200000
"2022-12-12 10:00:00",N,NORTE,RR,RORAIMA,"TIPO I",TÉRMICA,Gás,"Jaguatirica II",RRJII,UTE.GN.RR.044619-0.01,6932400000
"2022-12-12 11:00:00",N,NORTE,RR,RORAIMA,"TIPO I",TÉRMICA,Gás,"Jaguatirica II",RRJII,UTE.GN.RR.044619-0.01,6927200000
"2022-12-12 12:00:00",N,NORTE,RR,RORAIMA,"TIPO I",TÉRMICA,Gás,"Jaguatirica II",RRJII,UTE.GN.RR.044619-0.01,6915900000
"2022-12-12 13:00:00",N,NORTE,RR,RORAIMA,"TIPO I",TÉRMICA,Gás,"Jaguatirica II",RRJII,UTE.GN.RR.044619-0.01,6916300000
"2022-12-12 14:00:00",N,NORTE,RR,RORAIMA,"TIPO I",TÉRMICA,Gás,"Jaguatirica II",RRJII,UTE.GN.RR.044619-0.01,6894900000
"2022-12-12 15:00:00",N,NORTE,RR,RORAIMA,"TIPO I",TÉRMICA,Gás,"Jaguatirica II",RRJII,UTE.GN.RR.044619-0.01,6886600000
"2022-12-12 16:00:00",N,NORTE,RR,RORAIMA,"TIPO I",TÉRMICA,Gás,"Jaguatirica II",RRJII,UTE.GN.RR.044619-0.01,6938400000
"2022-12-12 17:00:00",N,NORTE,RR,RORAIMA,"TIPO I",TÉRMICA,Gás,"Jaguatirica II",RRJII,UTE.GN.RR.044619-0.01,6937100000
"2022-12-12 18:00:00",N,NORTE,RR,RORAIMA,"TIPO I",TÉRMICA,Gás,"Jaguatirica II",RRJII,UTE.GN.RR.044619-0.01,6943200000
"2022-12-12 19:00:00",N,NORTE,RR,RORAIMA,"TIPO I",TÉRMICA,Gás,"Jaguatirica II",RRJII,UTE.GN.RR.044619-0.01,6940600000
"2022-12-12 20:00:00",N,NORTE,RR,RORAIMA,"TIPO I",TÉRMICA,Gás,"Jaguatirica II",RRJII,UTE.GN.RR.044619-0.01,6924200000
"2022-12-12 21:00:00",N,NORTE,RR,RORAIMA,"TIPO I",TÉRMICA,Gás,"Jaguatirica II",RRJII,UTE.GN.RR.044619-0.01,6922500000
"2022-12-12 22:00:00",N,NORTE,RR,RORAIMA,"TIPO I",TÉRMICA,Gás,"Jaguatirica II",RRJII,UTE.GN.RR.044619-0.01,6931200000
"2022-12-12 23:00:00",N,NORTE,RR,RORAIMA,"TIPO I",TÉRMICA,Gás,"Jaguatirica II",RRJII,UTE.GN.RR.044619-0.01,6937600000
"2022-12-13 00:00:00",N,NORTE,RR,RORAIMA,"TIPO I",TÉRMICA,Gás,"Jaguatirica II",RRJII,UTE.GN.RR.044619-0.01,6942700000
"2022-12-13 01:00:00",N,NORTE,RR,RORAIMA,"TIPO I",TÉRMICA,Gás,"Jaguatirica II",RRJII,UTE.GN.RR.044619-0.01,6942700000
"2022-12-13 02:00:00",N,NORTE,RR,RORAIMA,"TIPO I",TÉRMICA,Gás,"Jaguatirica II",RRJII,UTE.GN.RR.044619-0.01,6936100000
"2022-12-13 03:00:00",N,NORTE,RR,RORAIMA,"TIPO I",TÉRMICA,Gás,"Jaguatirica II",RRJII,UTE.GN.RR.044619-0.01,6939500000
"2022-12-13 04:00:00",N,NORTE,RR,RORAIMA,"TIPO I",TÉRMICA,Gás,"Jaguatirica II",RRJII,UTE.GN.RR.044619-0.01,6942300000
"2022-12-13 05:00:00",N,NORTE,RR,RORAIMA,"TIPO I",TÉRMICA,Gás,"Jaguatirica II",RRJII,UTE.GN.RR.044619-0.01,6944300000
"2022-12-13 06:00:00",N,NORTE,RR,RORAIMA,"TIPO I",TÉRMICA,Gás,"Jaguatirica II",RRJII,UTE.GN.RR.044619-0.01,6938500000
"2022-12-13 07:00:00",N,NORTE,RR,RORAIMA,"TIPO I",TÉRMICA,Gás,"Jaguatirica II",RRJII,UTE.GN.RR.044619-0.01,6938400000
"2022-12-13 08:00:00",N,NORTE,RR,RORAIMA,"TIPO I",TÉRMICA,Gás,"Jaguatirica II",RRJII,UTE.GN.RR.044619-0.01,6940600000
"2022-12-13 09:00:00",N,NORTE,RR,RORAIMA,"TIPO I",TÉRMICA,Gás,"Jaguatirica II",RRJII,UTE.GN.RR.044619-0.01,6935800000
"2022-12-13 10:00:00",N,NORTE,RR,RORAIMA,"TIPO I",TÉRMICA,Gás,"Jaguatirica II",RRJII,UTE.GN.RR.044619-0.01,6932000000
"2022-12-13 11:00:00",N,NORTE,RR,RORAIMA,"TIPO I",TÉRMICA,Gás,"Jaguatirica II",RRJII,UTE.GN.RR.044619-0.01,6918700000
"2022-12-13 12:00:00",N,NORTE,RR,RORAIMA,"TIPO I",TÉRMICA,Gás,"Jaguatirica II",RRJII,UTE.GN.RR.044619-0.01,6888300000
"2022-12-13 13:00:00",N,NORTE,RR,RORAIMA,"TIPO I",TÉRMICA,Gás,"Jaguatirica II",RRJII,UTE.GN.RR.044619-0.01,6889100000
"2022-12-13 14:00:00",N,NORTE,RR,RORAIMA,"TIPO I",TÉRMICA,Gás,"Jaguatirica II",RRJII,UTE.GN.RR.044619-0.01,6870000000
"2022-12-13 15:00:00",N,NORTE,RR,RORAIMA,"TIPO I",TÉRMICA,Gás,"Jaguatirica II",RRJII,UTE.GN.RR.044619-0.01,6878100000
"2022-12-13 16:00:00",N,NORTE,RR,RORAIMA,"TIPO I",TÉRMICA,Gás,"Jaguatirica II",RRJII,UTE.GN.RR.044619-0.01,6924500000
"2022-12-13 17:00:00",N,NORTE,RR,RORAIMA,"TIPO I",TÉRMICA,Gás,"Jaguatirica II",RRJII,UTE.GN.RR.044619-0.01,6925800000
"2022-12-13 18:00:00",N,NORTE,RR,RORAIMA,"TIPO I",TÉRMICA,Gás,"Jaguatirica II",RRJII,UTE.GN.RR.044619-0.01,6928200000
"2022-12-13 19:00:00",N,NORTE,RR,RORAIMA,"TIPO I",TÉRMICA,Gás,"Jaguatirica II",RRJII,UTE.GN.RR.044619-0.01,6936200000
"2022-12-13 20:00:00",N,NORTE,RR,RORAIMA,"TIPO I",TÉRMICA,Gás,"Jaguatirica II",RRJII,UTE.GN.RR.044619-0.01,6932900000
"2022-12-13 21:00:00",N,NORTE,RR,RORAIMA,"TIPO I",TÉRMICA,Gás,"Jaguatirica II",RRJII,UTE.GN.RR.044619-0.01,6928400000
"2022-12-13 22:00:00",N,NORTE,RR,RORAIMA,"TIPO I",TÉRMICA,Gás,"Jaguatirica II",RRJII,UTE.GN.RR.044619-0.01,6926500000
"2022-12-13 23:00:00",N,NORTE,RR,RORAIMA,"TIPO I",TÉRMICA,Gás,"Jaguatirica II",RRJII,UTE.GN.RR.044619-0.01,6922300000
"2022-12-14 00:00:00",N,NORTE,RR,RORAIMA,"TIPO I",TÉRMICA,Gás,"Jaguatirica II",RRJII,UTE.GN.RR.044619-0.01,6919600000
"2022-12-14 01:00:00",N,NORTE,RR,RORAIMA,"TIPO I",TÉRMICA,Gás,"Jaguatirica II",RRJII,UTE.GN.RR.044619-0.01,6918100000
"2022-12-14 02:00:00",N,NORTE,RR,RORAIMA,"TIPO I",TÉRMICA,Gás,"Jaguatirica II",RRJII,UTE.GN.RR.044619-0.01,6917600000
"2022-12-14 03:00:00",N,NORTE,RR,RORAIMA,"TIPO I",TÉRMICA,Gás,"Jaguatirica II",RRJII,UTE.GN.RR.044619-0.01,6912300000
"2022-12-14 04:00:00",N,NORTE,RR,RORAIMA,"TIPO I",TÉRMICA,Gás,"Jaguatirica II",RRJII,UTE.GN.RR.044619-0.01,6902600000
"2022-12-14 05:00:00",N,NORTE,RR,RORAIMA,"TIPO I",TÉRMICA,Gás,"Jaguatirica II",RRJII,UTE.GN.RR.044619-0.01,6915800000
"2022-12-14 06:00:00",N,NORTE,RR,RORAIMA,"TIPO I",TÉRMICA,Gás,"Jaguatirica II",RRJII,UTE.GN.RR.044619-0.01,6924200000
"2022-12-14 07:00:00",N,NORTE,RR,RORAIMA,"TIPO I",TÉRMICA,Gás,"Jaguatirica II",RRJII,UTE.GN.RR.044619-0.01,6939600000
"2022-12-14 08:00:00",N,NORTE,RR,RORAIMA,"TIPO I",TÉRMICA,Gás,"Jaguatirica II",RRJII,UTE.GN.RR.044619-0.01,6949400000
"2022-12-14 09:00:00",N,NORTE,RR,RORAIMA,"TIPO I",TÉRMICA,Gás,"Jaguatirica II",RRJII,UTE.GN.RR.044619-0.01,6944200000
"2022-12-14 10:00:00",N,NORTE,RR,RORAIMA,"TIPO I",TÉRMICA,Gás,"Jaguatirica II",RRJII,UTE.GN.RR.044619-0.01,6941700000
"2022-12-14 11:00:00",N,NORTE,RR,RORAIMA,"TIPO I",TÉRMICA,Gás,"Jaguatirica II",RRJII,UTE.GN.RR.044619-0.01,6915700000
"2022-12-14 12:00:00",N,NORTE,RR,RORAIMA,"TIPO I",TÉRMICA,Gás,"Jaguatirica II",RRJII,UTE.GN.RR.044619-0.01,6923200000
"2022-12-14 13:00:00",N,NORTE,RR,RORAIMA,"TIPO I",TÉRMICA,Gás,"Jaguatirica II",RRJII,UTE.GN.RR.044619-0.01,6881500000
"2022-12-14 14:00:00",N,NORTE,RR,RORAIMA,"TIPO I",TÉRMICA,Gás,"Jaguatirica II",RRJII,UTE.GN.RR.044619-0.01,6854800000
"2022-12-14 15:00:00",N,NORTE,RR,RORAIMA,"TIPO I",TÉRMICA,Gás,"Jaguatirica II",RRJII,UTE.GN.RR.044619-0.01,6818900000
"2022-12-14 16:00:00",N,NORTE,RR,RORAIMA,"TIPO I",TÉRMICA,Gás,"Jaguatirica II",RRJII,UTE.GN.RR.044619-0.01,6804000000
"2022-12-14 17:00:00",N,NORTE,RR,RORAIMA,"TIPO I",TÉRMICA,Gás,"Jaguatirica II",RRJII,UTE.GN.RR.044619-0.01,6763700000
"2022-12-14 18:00:00",N,NORTE,RR,RORAIMA,"TIPO I",TÉRMICA,Gás,"Jaguatirica II",RRJII,UTE.GN.RR.044619-0.01,6822600000
"2022-12-14 19:00:00",N,NORTE,RR,RORAIMA,"TIPO I",TÉRMICA,Gás,"Jaguatirica II",RRJII,UTE.GN.RR.044619-0.01,6865200000
"2022-12-14 20:00:00",N,NORTE,RR,RORAIMA,"TIPO I",TÉRMICA,Gás,"Jaguatirica II",RRJII,UTE.GN.RR.044619-0.01,6864200000
"2022-12-14 21:00:00",N,NORTE,RR,RORAIMA,"TIPO I",TÉRMICA,Gás,"Jaguatirica II",RRJII,UTE.GN.RR.044619-0.01,6906200000
"2022-12-14 22:00:00",N,NORTE,RR,RORAIMA,"TIPO I",TÉRMICA,Gás,"Jaguatirica II",RRJII,UTE.GN.RR.044619-0.01,6904500000
"2022-12-14 23:00:00",N,NORTE,RR,RORAIMA,"TIPO I",TÉRMICA,Gás,"Jaguatirica II",RRJII,UTE.GN.RR.044619-0.01,6884300000
"2022-12-15 00:00:00",N,NORTE,RR,RORAIMA,"TIPO I",TÉRMICA,Gás,"Jaguatirica II",RRJII,UTE.GN.RR.044619-0.01,6910300000
"2022-12-15 01:00:00",N,NORTE,RR,RORAIMA,"TIPO I",TÉRMICA,Gás,"Jaguatirica II",RRJII,UTE.GN.RR.044619-0.01,6907000000
"2022-12-15 02:00:00",N,NORTE,RR,RORAIMA,"TIPO I",TÉRMICA,Gás,"Jaguatirica II",RRJII,UTE.GN.RR.044619-0.01,6904400000
"2022-12-15 03:00:00",N,NORTE,RR,RORAIMA,"TIPO I",TÉRMICA,Gás,"Jaguatirica II",RRJII,UTE.GN.RR.044619-0.01,6894000000
"2022-12-15 04:00:00",N,NORTE,RR,RORAIMA,"TIPO I",TÉRMICA,Gás,"Jaguatirica II",RRJII,UTE.GN.RR.044619-0.01,6900400000
"2022-12-15 05:00:00",N,NORTE,RR,RORAIMA,"TIPO I",TÉRMICA,Gás,"Jaguatirica II",RRJII,UTE.GN.RR.044619-0.01,6902300000
"2022-12-15 06:00:00",N,NORTE,RR,RORAIMA,"TIPO I",TÉRMICA,Gás,"Jaguatirica II",RRJII,UTE.GN.RR.044619-0.01,6900400000
"2022-12-15 07:00:00",N,NORTE,RR,RORAIMA,"TIPO I",TÉRMICA,Gás,"Jaguatirica II",RRJII,UTE.GN.RR.044619-0.01,6899900000
"2022-12-15 08:00:00",N,NORTE,RR,RORAIMA,"TIPO I",TÉRMICA,Gás,"Jaguatirica II",RRJII,UTE.GN.RR.044619-0.01,6902400000
"2022-12-15 09:00:00",N,NORTE,RR,RORAIMA,"TIPO I",TÉRMICA,Gás,"Jaguatirica II",RRJII,UTE.GN.RR.044619-0.01,6879900000
"2022-12-15 10:00:00",N,NORTE,RR,RORAIMA,"TIPO I",TÉRMICA,Gás,"Jaguatirica II",RRJII,UTE.GN.RR.044619-0.01,6907000000
"2022-12-15 11:00:00",N,NORTE,RR,RORAIMA,"TIPO I",TÉRMICA,Gás,"Jaguatirica II",RRJII,UTE.GN.RR.044619-0.01,6905100000
"2022-12-15 12:00:00",N,NORTE,RR,RORAIMA,"TIPO I",TÉRMICA,Gás,"Jaguatirica II",RRJII,UTE.GN.RR.044619-0.01,6901400000
"2022-12-15 13:00:00",N,NORTE,RR,RORAIMA,"TIPO I",TÉRMICA,Gás,"Jaguatirica II",RRJII,UTE.GN.RR.044619-0.01,6911100000
"2022-12-15 14:00:00",N,NORTE,RR,RORAIMA,"TIPO I",TÉRMICA,Gás,"Jaguatirica II",RRJII,UTE.GN.RR.044619-0.01,6897900000
"2022-12-15 15:00:00",N,NORTE,RR,RORAIMA,"TIPO I",TÉRMICA,Gás,"Jaguatirica II",RRJII,UTE.GN.RR.044619-0.01,6898100000
"2022-12-15 16:00:00",N,NORTE,RR,RORAIMA,"TIPO I",TÉRMICA,Gás,"Jaguatirica II",RRJII,UTE.GN.RR.044619-0.01,6905400000
"2022-12-15 17:00:00",N,NORTE,RR,RORAIMA,"TIPO I",TÉRMICA,Gás,"Jaguatirica II",RRJII,UTE.GN.RR.044619-0.01,6925300000
"2022-12-15 18:00:00",N,NORTE,RR,RORAIMA,"TIPO I",TÉRMICA,Gás,"Jaguatirica II",RRJII,UTE.GN.RR.044619-0.01,6930600000
"2022-12-15 19:00:00",N,NORTE,RR,RORAIMA,"TIPO I",TÉRMICA,Gás,"Jaguatirica II",RRJII,UTE.GN.RR.044619-0.01,6918900000
"2022-12-15 20:00:00",N,NORTE,RR,RORAIMA,"TIPO I",TÉRMICA,Gás,"Jaguatirica II",RRJII,UTE.GN.RR.044619-0.01,6919200000
"2022-12-15 21:00:00",N,NORTE,RR,RORAIMA,"TIPO I",TÉRMICA,Gás,"Jaguatirica II",RRJII,UTE.GN.RR.044619-0.01,6942400000
"2022-12-15 22:00:00",N,NORTE,RR,RORAIMA,"TIPO I",TÉRMICA,Gás,"Jaguatirica II",RRJII,UTE.GN.RR.044619-0.01,6942800000
"2022-12-15 23:00:00",N,NORTE,RR,RORAIMA,"TIPO I",TÉRMICA,Gás,"Jaguatirica II",RRJII,UTE.GN.RR.044619-0.01,6940000000
"2022-12-16 00:00:00",N,NORTE,RR,RORAIMA,"TIPO I",TÉRMICA,Gás,"Jaguatirica II",RRJII,UTE.GN.RR.044619-0.01,6910300000
"2022-12-16 01:00:00",N,NORTE,RR,RORAIMA,"TIPO I",TÉRMICA,Gás,"Jaguatirica II",RRJII,UTE.GN.RR.044619-0.01,6907000000
"2022-12-16 02:00:00",N,NORTE,RR,RORAIMA,"TIPO I",TÉRMICA,Gás,"Jaguatirica II",RRJII,UTE.GN.RR.044619-0.01,6904400000
"2022-12-16 03:00:00",N,NORTE,RR,RORAIMA,"TIPO I",TÉRMICA,Gás,"Jaguatirica II",RRJII,UTE.GN.RR.044619-0.01,6894000000
"2022-12-16 04:00:00",N,NORTE,RR,RORAIMA,"TIPO I",TÉRMICA,Gás,"Jaguatirica II",RRJII,UTE.GN.RR.044619-0.01,6900400000
"2022-12-16 05:00:00",N,NORTE,RR,RORAIMA,"TIPO I",TÉRMICA,Gás,"Jaguatirica II",RRJII,UTE.GN.RR.044619-0.01,6902300000
"2022-12-16 06:00:00",N,NORTE,RR,RORAIMA,"TIPO I",TÉRMICA,Gás,"Jaguatirica II",RRJII,UTE.GN.RR.044619-0.01,6900400000
"2022-12-16 07:00:00",N,NORTE,RR,RORAIMA,"TIPO I",TÉRMICA,Gás,"Jaguatirica II",RRJII,UTE.GN.RR.044619-0.01,6899900000
"2022-12-16 08:00:00",N,NORTE,RR,RORAIMA,"TIPO I",TÉRMICA,Gás,"Jaguatirica II",RRJII,UTE.GN.RR.044619-0.01,6902400000
"2022-12-16 09:00:00",N,NORTE,RR,RORAIMA,"TIPO I",TÉRMICA,Gás,"Jaguatirica II",RRJII,UTE.GN.RR.044619-0.01,6879900000
"2022-12-16 10:00:00",N,NORTE,RR,RORAIMA,"TIPO I",TÉRMICA,Gás,"Jaguatirica II",RRJII,UTE.GN.RR.044619-0.01,6907000000
"2022-12-16 11:00:00",N,NORTE,RR,RORAIMA,"TIPO I",TÉRMICA,Gás,"Jaguatirica II",RRJII,UTE.GN.RR.044619-0.01,6905100000
"2022-12-16 12:00:00",N,NORTE,RR,RORAIMA,"TIPO I",TÉRMICA,Gás,"Jaguatirica II",RRJII,UTE.GN.RR.044619-0.01,6901400000
"2022-12-16 13:00:00",N,NORTE,RR,RORAIMA,"TIPO I",TÉRMICA,Gás,"Jaguatirica II",RRJII,UTE.GN.RR.044619-0.01,6911100000
"2022-12-16 14:00:00",N,NORTE,RR,RORAIMA,"TIPO I",TÉRMICA,Gás,"Jaguatirica II",RRJII,UTE.GN.RR.044619-0.01,6897900000
"2022-12-16 15:00:00",N,NORTE,RR,RORAIMA,"TIPO I",TÉRMICA,Gás,"Jaguatirica II",RRJII,UTE.GN.RR.044619-0.01,6898100000
"2022-12-16 16:00:00",N,NORTE,RR,RORAIMA,"TIPO I",TÉRMICA,Gás,"Jaguatirica II",RRJII,UTE.GN.RR.044619-0.01,6905400000
"2022-12-16 17:00:00",N,NORTE,RR,RORAIMA,"TIPO I",TÉRMICA,Gás,"Jaguatirica II",RRJII,UTE.GN.RR.044619-0.01,6925300000
"2022-12-16 18:00:00",N,NORTE,RR,RORAIMA,"TIPO I",TÉRMICA,Gás,"Jaguatirica II",RRJII,UTE.GN.RR.044619-0.01,6930600000
"2022-12-16 19:00:00",N,NORTE,RR,RORAIMA,"TIPO I",TÉRMICA,Gás,"Jaguatirica II",RRJII,UTE.GN.RR.044619-0.01,6918900000
"2022-12-16 20:00:00",N,NORTE,RR,RORAIMA,"TIPO I",TÉRMICA,Gás,"Jaguatirica II",RRJII,UTE.GN.RR.044619-0.01,6919200000
"2022-12-16 21:00:00",N,NORTE,RR,RORAIMA,"TIPO I",TÉRMICA,Gás,"Jaguatirica II",RRJII,UTE.GN.RR.044619-0.01,6942400000
"2022-12-16 22:00:00",N,NORTE,RR,RORAIMA,"TIPO I",TÉRMICA,Gás,"Jaguatirica II",RRJII,UTE.GN.RR.044619-0.01,6942800000
"2022-12-16 23:00:00",N,NORTE,RR,RORAIMA,"TIPO I",TÉRMICA,Gás,"Jaguatirica II",RRJII,UTE.GN.RR.044619-0.01,6940000000
"2022-12-17 00:00:00",N,NORTE,RR,RORAIMA,"TIPO I",TÉRMICA,Gás,"Jaguatirica II",RRJII,UTE.GN.RR.044619-0.01,6940000000
"2022-12-17 01:00:00",N,NORTE,RR,RORAIMA,"TIPO I",TÉRMICA,Gás,"Jaguatirica II",RRJII,UTE.GN.RR.044619-0.01,6933900000
"2022-12-17 02:00:00",N,NORTE,RR,RORAIMA,"TIPO I",TÉRMICA,Gás,"Jaguatirica II",RRJII,UTE.GN.RR.044619-0.01,6934100000
"2022-12-17 03:00:00",N,NORTE,RR,RORAIMA,"TIPO I",TÉRMICA,Gás,"Jaguatirica II",RRJII,UTE.GN.RR.044619-0.01,6918900000
"2022-12-17 04:00:00",N,NORTE,RR,RORAIMA,"TIPO I",TÉRMICA,Gás,"Jaguatirica II",RRJII,UTE.GN.RR.044619-0.01,6931600000
"2022-12-17 05:00:00",N,NORTE,RR,RORAIMA,"TIPO I",TÉRMICA,Gás,"Jaguatirica II",RRJII,UTE.GN.RR.044619-0.01,6925700000
"2022-12-17 06:00:00",N,NORTE,RR,RORAIMA,"TIPO I",TÉRMICA,Gás,"Jaguatirica II",RRJII,UTE.GN.RR.044619-0.01,6929700000
"2022-12-17 07:00:00",N,NORTE,RR,RORAIMA,"TIPO I",TÉRMICA,Gás,"Jaguatirica II",RRJII,UTE.GN.RR.044619-0.01,6934200000
"2022-12-17 08:00:00",N,NORTE,RR,RORAIMA,"TIPO I",TÉRMICA,Gás,"Jaguatirica II",RRJII,UTE.GN.RR.044619-0.01,5216800000
"2022-12-17 09:00:00",N,NORTE,RR,RORAIMA,"TIPO I",TÉRMICA,Gás,"Jaguatirica II",RRJII,UTE.GN.RR.044619-0.01,4009000000
"2022-12-17 10:00:00",N,NORTE,RR,RORAIMA,"TIPO I",TÉRMICA,Gás,"Jaguatirica II",RRJII,UTE.GN.RR.044619-0.01,4187300000
"2022-12-17 11:00:00",N,NORTE,RR,RORAIMA,"TIPO I",TÉRMICA,Gás,"Jaguatirica II",RRJII,UTE.GN.RR.044619-0.01,2579900000
"2022-12-17 12:00:00",N,NORTE,RR,RORAIMA,"TIPO I",TÉRMICA,Gás,"Jaguatirica II",RRJII,UTE.GN.RR.044619-0.01,1167600000
"2022-12-17 13:00:00",N,NORTE,RR,RORAIMA,"TIPO I",TÉRMICA,Gás,"Jaguatirica II",RRJII,UTE.GN.RR.044619-0.01,1973200000
"2022-12-17 14:00:00",N,NORTE,RR,RORAIMA,"TIPO I",TÉRMICA,Gás,"Jaguatirica II",RRJII,UTE.GN.RR.044619-0.01,4851700000
"2022-12-17 15:00:00",N,NORTE,RR,RORAIMA,"TIPO I",TÉRMICA,Gás,"Jaguatirica II",RRJII,UTE.GN.RR.044619-0.01,5393400000
"2022-12-17 16:00:00",N,NORTE,RR,RORAIMA,"TIPO I",TÉRMICA,Gás,"Jaguatirica II",RRJII,UTE.GN.RR.044619-0.01,5393100000
"2022-12-17 17:00:00",N,NORTE,RR,RORAIMA,"TIPO I",TÉRMICA,Gás,"Jaguatirica II",RRJII,UTE.GN.RR.044619-0.01,5394500000
"2022-12-17 18:00:00",N,NORTE,RR,RORAIMA,"TIPO I",TÉRMICA,Gás,"Jaguatirica II",RRJII,UTE.GN.RR.044619-0.01,5961900000
"2022-12-17 19:00:00",N,NORTE,RR,RORAIMA,"TIPO I",TÉRMICA,Gás,"Jaguatirica II",RRJII,UTE.GN.RR.044619-0.01,6658200000
"2022-12-17 20:00:00",N,NORTE,RR,RORAIMA,"TIPO I",TÉRMICA,Gás,"Jaguatirica II",RRJII,UTE.GN.RR.044619-0.01,6919300000
"2022-12-17 21:00:00",N,NORTE,RR,RORAIMA,"TIPO I",TÉRMICA,Gás,"Jaguatirica II",RRJII,UTE.GN.RR.044619-0.01,6920600000
"2022-12-17 22:00:00",N,NORTE,RR,RORAIMA,"TIPO I",TÉRMICA,Gás,"Jaguatirica II",RRJII,UTE.GN.RR.044619-0.01,6933600000
"2022-12-17 23:00:00",N,NORTE,RR,RORAIMA,"TIPO I",TÉRMICA,Gás,"Jaguatirica II",RRJII,UTE.GN.RR.044619-0.01,6941800000
"2022-12-18 00:00:00",N,NORTE,RR,RORAIMA,"TIPO I",TÉRMICA,Gás,"Jaguatirica II",RRJII,UTE.GN.RR.044619-0.01,6923600000
"2022-12-18 01:00:00",N,NORTE,RR,RORAIMA,"TIPO I",TÉRMICA,Gás,"Jaguatirica II",RRJII,UTE.GN.RR.044619-0.01,6923000000
"2022-12-18 02:00:00",N,NORTE,RR,RORAIMA,"TIPO I",TÉRMICA,Gás,"Jaguatirica II",RRJII,UTE.GN.RR.044619-0.01,6926100000
"2022-12-18 03:00:00",N,NORTE,RR,RORAIMA,"TIPO I",TÉRMICA,Gás,"Jaguatirica II",RRJII,UTE.GN.RR.044619-0.01,6914900000
"2022-12-18 04:00:00",N,NORTE,RR,RORAIMA,"TIPO I",TÉRMICA,Gás,"Jaguatirica II",RRJII,UTE.GN.RR.044619-0.01,6900400000
"2022-12-18 05:00:00",N,NORTE,RR,RORAIMA,"TIPO I",TÉRMICA,Gás,"Jaguatirica II",RRJII,UTE.GN.RR.044619-0.01,6486400000
"2022-12-18 06:00:00",N,NORTE,RR,RORAIMA,"TIPO I",TÉRMICA,Gás,"Jaguatirica II",RRJII,UTE.GN.RR.044619-0.01,5954600000
"2022-12-18 07:00:00",N,NORTE,RR,RORAIMA,"TIPO I",TÉRMICA,Gás,"Jaguatirica II",RRJII,UTE.GN.RR.044619-0.01,4781600000
"2022-12-18 08:00:00",N,NORTE,RR,RORAIMA,"TIPO I",TÉRMICA,Gás,"Jaguatirica II",RRJII,UTE.GN.RR.044619-0.01,4421100000
"2022-12-18 09:00:00",N,NORTE,RR,RORAIMA,"TIPO I",TÉRMICA,Gás,"Jaguatirica II",RRJII,UTE.GN.RR.044619-0.01,4390100000
"2022-12-18 10:00:00",N,NORTE,RR,RORAIMA,"TIPO I",TÉRMICA,Gás,"Jaguatirica II",RRJII,UTE.GN.RR.044619-0.01,4918300000
"2022-12-18 11:00:00",N,NORTE,RR,RORAIMA,"TIPO I",TÉRMICA,Gás,"Jaguatirica II",RRJII,UTE.GN.RR.044619-0.01,4472100000
"2022-12-18 12:00:00",N,NORTE,RR,RORAIMA,"TIPO I",TÉRMICA,Gás,"Jaguatirica II",RRJII,UTE.GN.RR.044619-0.01,4472900000
"2022-12-18 13:00:00",N,NORTE,RR,RORAIMA,"TIPO I",TÉRMICA,Gás,"Jaguatirica II",RRJII,UTE.GN.RR.044619-0.01,4809400000
"2022-12-18 14:00:00",N,NORTE,RR,RORAIMA,"TIPO I",TÉRMICA,Gás,"Jaguatirica II",RRJII,UTE.GN.RR.044619-0.01,5070900000
"2022-12-18 15:00:00",N,NORTE,RR,RORAIMA,"TIPO I",TÉRMICA,Gás,"Jaguatirica II",RRJII,UTE.GN.RR.044619-0.01,5522600000
"2022-12-18 16:00:00",N,NORTE,RR,RORAIMA,"TIPO I",TÉRMICA,Gás,"Jaguatirica II",RRJII,UTE.GN.RR.044619-0.01,5673600000
"2022-12-18 17:00:00",N,NORTE,RR,RORAIMA,"TIPO I",TÉRMICA,Gás,"Jaguatirica II",RRJII,UTE.GN.RR.044619-0.01,5797200000
"2022-12-18 18:00:00",N,NORTE,RR,RORAIMA,"TIPO I",TÉRMICA,Gás,"Jaguatirica II",RRJII,UTE.GN.RR.044619-0.01,5797500000
"2022-12-18 19:00:00",N,NORTE,RR,RORAIMA,"TIPO I",TÉRMICA,Gás,"Jaguatirica II",RRJII,UTE.GN.RR.044619-0.01,6686700000
"2022-12-18 20:00:00",N,NORTE,RR,RORAIMA,"TIPO I",TÉRMICA,Gás,"Jaguatirica II",RRJII,UTE.GN.RR.044619-0.01,6947800000
"2022-12-18 21:00:00",N,NORTE,RR,RORAIMA,"TIPO I",TÉRMICA,Gás,"Jaguatirica II",RRJII,UTE.GN.RR.044619-0.01,6939700000
"2022-12-18 22:00:00",N,NORTE,RR,RORAIMA,"TIPO I",TÉRMICA,Gás,"Jaguatirica II",RRJII,UTE.GN.RR.044619-0.01,6950600000
"2022-12-18 23:00:00",N,NORTE,RR,RORAIMA,"TIPO I",TÉRMICA,Gás,"Jaguatirica II",RRJII,UTE.GN.RR.044619-0.01,6948800000
"2022-12-19 00:00:00",N,NORTE,RR,RORAIMA,"TIPO I",TÉRMICA,Gás,"Jaguatirica II",RRJII,UTE.GN.RR.044619-0.01,6949200000
"2022-12-19 01:00:00",N,NORTE,RR,RORAIMA,"TIPO I",TÉRMICA,Gás,"Jaguatirica II",RRJII,UTE.GN.RR.044619-0.01,6948200000
"2022-12-19 02:00:00",N,NORTE,RR,RORAIMA,"TIPO I",TÉRMICA,Gás,"Jaguatirica II",RRJII,UTE.GN.RR.044619-0.01,6949900000
"2022-12-19 03:00:00",N,NORTE,RR,RORAIMA,"TIPO I",TÉRMICA,Gás,"Jaguatirica II",RRJII,UTE.GN.RR.044619-0.01,6945800000
"2022-12-19 04:00:00",N,NORTE,RR,RORAIMA,"TIPO I",TÉRMICA,Gás,"Jaguatirica II",RRJII,UTE.GN.RR.044619-0.01,6935300000
"2022-12-19 05:00:00",N,NORTE,RR,RORAIMA,"TIPO I",TÉRMICA,Gás,"Jaguatirica II",RRJII,UTE.GN.RR.044619-0.01,6864100000
"2022-12-19 06:00:00",N,NORTE,RR,RORAIMA,"TIPO I",TÉRMICA,Gás,"Jaguatirica II",RRJII,UTE.GN.RR.044619-0.01,6122400000
"2022-12-19 07:00:00",N,NORTE,RR,RORAIMA,"TIPO I",TÉRMICA,Gás,"Jaguatirica II",RRJII,UTE.GN.RR.044619-0.01,5543100000
"2022-12-19 08:00:00",N,NORTE,RR,RORAIMA,"TIPO I",TÉRMICA,Gás,"Jaguatirica II",RRJII,UTE.GN.RR.044619-0.01,5546700000
"2022-12-19 09:00:00",N,NORTE,RR,RORAIMA,"TIPO I",TÉRMICA,Gás,"Jaguatirica II",RRJII,UTE.GN.RR.044619-0.01,6259900000
"2022-12-19 10:00:00",N,NORTE,RR,RORAIMA,"TIPO I",TÉRMICA,Gás,"Jaguatirica II",RRJII,UTE.GN.RR.044619-0.01,6448700000
"2022-12-19 11:00:00",N,NORTE,RR,RORAIMA,"TIPO I",TÉRMICA,Gás,"Jaguatirica II",RRJII,UTE.GN.RR.044619-0.01,6447000000
"2022-12-19 12:00:00",N,NORTE,RR,RORAIMA,"TIPO I",TÉRMICA,Gás,"Jaguatirica II",RRJII,UTE.GN.RR.044619-0.01,6448900000
"2022-12-19 13:00:00",N,NORTE,RR,RORAIMA,"TIPO I",TÉRMICA,Gás,"Jaguatirica II",RRJII,UTE.GN.RR.044619-0.01,6452900000
"2022-12-19 14:00:00",N,NORTE,RR,RORAIMA,"TIPO I",TÉRMICA,Gás,"Jaguatirica II",RRJII,UTE.GN.RR.044619-0.01,6893900000
"2022-12-19 15:00:00",N,NORTE,RR,RORAIMA,"TIPO I",TÉRMICA,Gás,"Jaguatirica II",RRJII,UTE.GN.RR.044619-0.01,6925700000
"2022-12-19 16:00:00",N,NORTE,RR,RORAIMA,"TIPO I",TÉRMICA,Gás,"Jaguatirica II",RRJII,UTE.GN.RR.044619-0.01,6902000000
"2022-12-19 17:00:00",N,NORTE,RR,RORAIMA,"TIPO I",TÉRMICA,Gás,"Jaguatirica II",RRJII,UTE.GN.RR.044619-0.01,6903900000
"2022-12-19 18:00:00",N,NORTE,RR,RORAIMA,"TIPO I",TÉRMICA,Gás,"Jaguatirica II",RRJII,UTE.GN.RR.044619-0.01,6589900000
"2022-12-19 19:00:00",N,NORTE,RR,RORAIMA,"TIPO I",TÉRMICA,Gás,"Jaguatirica II",RRJII,UTE.GN.RR.044619-0.01,6536300000
"2022-12-19 20:00:00",N,NORTE,RR,RORAIMA,"TIPO I",TÉRMICA,Gás,"Jaguatirica II",RRJII,UTE.GN.RR.044619-0.01,6913200000
"2022-12-19 21:00:00",N,NORTE,RR,RORAIMA,"TIPO I",TÉRMICA,Gás,"Jaguatirica II",RRJII,UTE.GN.RR.044619-0.01,6911600000
"2022-12-19 22:00:00",N,NORTE,RR,RORAIMA,"TIPO I",TÉRMICA,Gás,"Jaguatirica II",RRJII,UTE.GN.RR.044619-0.01,6909100000
"2022-12-19 23:00:00",N,NORTE,RR,RORAIMA,"TIPO I",TÉRMICA,Gás,"Jaguatirica II",RRJII,UTE.GN.RR.044619-0.01,6909700000
"2022-12-20 00:00:00",N,NORTE,RR,RORAIMA,"TIPO I",TÉRMICA,Gás,"Jaguatirica II",RRJII,UTE.GN.RR.044619-0.01,6907900000
"2022-12-20 01:00:00",N,NORTE,RR,RORAIMA,"TIPO I",TÉRMICA,Gás,"Jaguatirica II",RRJII,UTE.GN.RR.044619-0.01,6910200000
"2022-12-20 02:00:00",N,NORTE,RR,RORAIMA,"TIPO I",TÉRMICA,Gás,"Jaguatirica II",RRJII,UTE.GN.RR.044619-0.01,6904900000
"2022-12-20 03:00:00",N,NORTE,RR,RORAIMA,"TIPO I",TÉRMICA,Gás,"Jaguatirica II",RRJII,UTE.GN.RR.044619-0.01,6902300000
"2022-12-20 04:00:00",N,NORTE,RR,RORAIMA,"TIPO I",TÉRMICA,Gás,"Jaguatirica II",RRJII,UTE.GN.RR.044619-0.01,6907600000
"2022-12-20 05:00:00",N,NORTE,RR,RORAIMA,"TIPO I",TÉRMICA,Gás,"Jaguatirica II",RRJII,UTE.GN.RR.044619-0.01,6672000000
"2022-12-20 06:00:00",N,NORTE,RR,RORAIMA,"TIPO I",TÉRMICA,Gás,"Jaguatirica II",RRJII,UTE.GN.RR.044619-0.01,5863100000
"2022-12-20 07:00:00",N,NORTE,RR,RORAIMA,"TIPO I",TÉRMICA,Gás,"Jaguatirica II",RRJII,UTE.GN.RR.044619-0.01,4582000000
"2022-12-20 08:00:00",N,NORTE,RR,RORAIMA,"TIPO I",TÉRMICA,Gás,"Jaguatirica II",RRJII,UTE.GN.RR.044619-0.01,4520400000
"2022-12-20 09:00:00",N,NORTE,RR,RORAIMA,"TIPO I",TÉRMICA,Gás,"Jaguatirica II",RRJII,UTE.GN.RR.044619-0.01,5317600000
"2022-12-20 10:00:00",N,NORTE,RR,RORAIMA,"TIPO I",TÉRMICA,Gás,"Jaguatirica II",RRJII,UTE.GN.RR.044619-0.01,5568700000
"2022-12-20 11:00:00",N,NORTE,RR,RORAIMA,"TIPO I",TÉRMICA,Gás,"Jaguatirica II",RRJII,UTE.GN.RR.044619-0.01,5532700000
"2022-12-20 12:00:00",N,NORTE,RR,RORAIMA,"TIPO I",TÉRMICA,Gás,"Jaguatirica II",RRJII,UTE.GN.RR.044619-0.01,5724000000
"2022-12-20 13:00:00",N,NORTE,RR,RORAIMA,"TIPO I",TÉRMICA,Gás,"Jaguatirica II",RRJII,UTE.GN.RR.044619-0.01,6090000000
"2022-12-20 14:00:00",N,NORTE,RR,RORAIMA,"TIPO I",TÉRMICA,Gás,"Jaguatirica II",RRJII,UTE.GN.RR.044619-0.01,6762400000
"2022-12-20 15:00:00",N,NORTE,RR,RORAIMA,"TIPO I",TÉRMICA,Gás,"Jaguatirica II",RRJII,UTE.GN.RR.044619-0.01,6852600000
"2022-12-20 16:00:00",N,NORTE,RR,RORAIMA,"TIPO I",TÉRMICA,Gás,"Jaguatirica II",RRJII,UTE.GN.RR.044619-0.01,6865200000
"2022-12-20 17:00:00",N,NORTE,RR,RORAIMA,"TIPO I",TÉRMICA,Gás,"Jaguatirica II",RRJII,UTE.GN.RR.044619-0.01,6882100000
"2022-12-20 18:00:00",N,NORTE,RR,RORAIMA,"TIPO I",TÉRMICA,Gás,"Jaguatirica II",RRJII,UTE.GN.RR.044619-0.01,6793100000
"2022-12-20 19:00:00",N,NORTE,RR,RORAIMA,"TIPO I",TÉRMICA,Gás,"Jaguatirica II",RRJII,UTE.GN.RR.044619-0.01,6760400000
"2022-12-20 20:00:00",N,NORTE,RR,RORAIMA,"TIPO I",TÉRMICA,Gás,"Jaguatirica II",RRJII,UTE.GN.RR.044619-0.01,6873000000
"2022-12-20 21:00:00",N,NORTE,RR,RORAIMA,"TIPO I",TÉRMICA,Gás,"Jaguatirica II",RRJII,UTE.GN.RR.044619-0.01,6903100000
"2022-12-20 22:00:00",N,NORTE,RR,RORAIMA,"TIPO I",TÉRMICA,Gás,"Jaguatirica II",RRJII,UTE.GN.RR.044619-0.01,6904600000
"2022-12-20 23:00:00",N,NORTE,RR,RORAIMA,"TIPO I",TÉRMICA,Gás,"Jaguatirica II",RRJII,UTE.GN.RR.044619-0.01,6880900000
"2022-12-21 00:00:00",N,NORTE,RR,RORAIMA,"TIPO I",TÉRMICA,Gás,"Jaguatirica II",RRJII,UTE.GN.RR.044619-0.01,6902300000
"2022-12-21 01:00:00",N,NORTE,RR,RORAIMA,"TIPO I",TÉRMICA,Gás,"Jaguatirica II",RRJII,UTE.GN.RR.044619-0.01,6902400000
"2022-12-21 02:00:00",N,NORTE,RR,RORAIMA,"TIPO I",TÉRMICA,Gás,"Jaguatirica II",RRJII,UTE.GN.RR.044619-0.01,6897400000
"2022-12-21 03:00:00",N,NORTE,RR,RORAIMA,"TIPO I",TÉRMICA,Gás,"Jaguatirica II",RRJII,UTE.GN.RR.044619-0.01,6896000000
"2022-12-21 04:00:00",N,NORTE,RR,RORAIMA,"TIPO I",TÉRMICA,Gás,"Jaguatirica II",RRJII,UTE.GN.RR.044619-0.01,6891700000
"2022-12-21 05:00:00",N,NORTE,RR,RORAIMA,"TIPO I",TÉRMICA,Gás,"Jaguatirica II",RRJII,UTE.GN.RR.044619-0.01,6097400000
"2022-12-21 06:00:00",N,NORTE,RR,RORAIMA,"TIPO I",TÉRMICA,Gás,"Jaguatirica II",RRJII,UTE.GN.RR.044619-0.01,5701200000
"2022-12-21 07:00:00",N,NORTE,RR,RORAIMA,"TIPO I",TÉRMICA,Gás,"Jaguatirica II",RRJII,UTE.GN.RR.044619-0.01,4515400000
"2022-12-21 08:00:00",N,NORTE,RR,RORAIMA,"TIPO I",TÉRMICA,Gás,"Jaguatirica II",RRJII,UTE.GN.RR.044619-0.01,4515800000
"2022-12-21 09:00:00",N,NORTE,RR,RORAIMA,"TIPO I",TÉRMICA,Gás,"Jaguatirica II",RRJII,UTE.GN.RR.044619-0.01,4537200000
"2022-12-21 10:00:00",N,NORTE,RR,RORAIMA,"TIPO I",TÉRMICA,Gás,"Jaguatirica II",RRJII,UTE.GN.RR.044619-0.01,4550100000
"2022-12-21 11:00:00",N,NORTE,RR,RORAIMA,"TIPO I",TÉRMICA,Gás,"Jaguatirica II",RRJII,UTE.GN.RR.044619-0.01,4939100000
"2022-12-21 12:00:00",N,NORTE,RR,RORAIMA,"TIPO I",TÉRMICA,Gás,"Jaguatirica II",RRJII,UTE.GN.RR.044619-0.01,5073000000
"2022-12-21 13:00:00",N,NORTE,RR,RORAIMA,"TIPO I",TÉRMICA,Gás,"Jaguatirica II",RRJII,UTE.GN.RR.044619-0.01,5070800000
"2022-12-21 14:00:00",N,NORTE,RR,RORAIMA,"TIPO I",TÉRMICA,Gás,"Jaguatirica II",RRJII,UTE.GN.RR.044619-0.01,6566500000
"2022-12-21 15:00:00",N,NORTE,RR,RORAIMA,"TIPO I",TÉRMICA,Gás,"Jaguatirica II",RRJII,UTE.GN.RR.044619-0.01,7113500000
"2022-12-21 16:00:00",N,NORTE,RR,RORAIMA,"TIPO I",TÉRMICA,Gás,"Jaguatirica II",RRJII,UTE.GN.RR.044619-0.01,8604100000
"2022-12-21 17:00:00",N,NORTE,RR,RORAIMA,"TIPO I",TÉRMICA,Gás,"Jaguatirica II",RRJII,UTE.GN.RR.044619-0.01,9045800000
"2022-12-21 18:00:00",N,NORTE,RR,RORAIMA,"TIPO I",TÉRMICA,Gás,"Jaguatirica II",RRJII,UTE.GN.RR.044619-0.01,9515500000
"2022-12-21 19:00:00",N,NORTE,RR,RORAIMA,"TIPO I",TÉRMICA,Gás,"Jaguatirica II",RRJII,UTE.GN.RR.044619-0.01,9504400000
"2022-12-21 20:00:00",N,NORTE,RR,RORAIMA,"TIPO I",TÉRMICA,Gás,"Jaguatirica II",RRJII,UTE.GN.RR.044619-0.01,9509100000
"2022-12-21 21:00:00",N,NORTE,RR,RORAIMA,"TIPO I",TÉRMICA,Gás,"Jaguatirica II",RRJII,UTE.GN.RR.044619-0.01,9514100000
"2022-12-21 22:00:00",N,NORTE,RR,RORAIMA,"TIPO I",TÉRMICA,Gás,"Jaguatirica II",RRJII,UTE.GN.RR.044619-0.01,9027900000
"2022-12-21 23:00:00",N,NORTE,RR,RORAIMA,"TIPO I",TÉRMICA,Gás,"Jaguatirica II",RRJII,UTE.GN.RR.044619-0.01,6962200000
"2022-12-22 00:00:00",N,NORTE,RR,RORAIMA,"TIPO I",TÉRMICA,Gás,"Jaguatirica II",RRJII,UTE.GN.RR.044619-0.01,6925400000
"2022-12-22 01:00:00",N,NORTE,RR,RORAIMA,"TIPO I",TÉRMICA,Gás,"Jaguatirica II",RRJII,UTE.GN.RR.044619-0.01,6922100000
"2022-12-22 02:00:00",N,NORTE,RR,RORAIMA,"TIPO I",TÉRMICA,Gás,"Jaguatirica II",RRJII,UTE.GN.RR.044619-0.01,6915900000
"2022-12-22 03:00:00",N,NORTE,RR,RORAIMA,"TIPO I",TÉRMICA,Gás,"Jaguatirica II",RRJII,UTE.GN.RR.044619-0.01,6883300000
"2022-12-22 04:00:00",N,NORTE,RR,RORAIMA,"TIPO I",TÉRMICA,Gás,"Jaguatirica II",RRJII,UTE.GN.RR.044619-0.01,6881600000
"2022-12-22 05:00:00",N,NORTE,RR,RORAIMA,"TIPO I",TÉRMICA,Gás,"Jaguatirica II",RRJII,UTE.GN.RR.044619-0.01,6881400000
"2022-12-22 06:00:00",N,NORTE,RR,RORAIMA,"TIPO I",TÉRMICA,Gás,"Jaguatirica II",RRJII,UTE.GN.RR.044619-0.01,6867100000
"2022-12-22 07:00:00",N,NORTE,RR,RORAIMA,"TIPO I",TÉRMICA,Gás,"Jaguatirica II",RRJII,UTE.GN.RR.044619-0.01,6879200000
"2022-12-22 08:00:00",N,NORTE,RR,RORAIMA,"TIPO I",TÉRMICA,Gás,"Jaguatirica II",RRJII,UTE.GN.RR.044619-0.01,6895700000
"2022-12-22 09:00:00",N,NORTE,RR,RORAIMA,"TIPO I",TÉRMICA,Gás,"Jaguatirica II",RRJII,UTE.GN.RR.044619-0.01,6895400000
"2022-12-22 10:00:00",N,NORTE,RR,RORAIMA,"TIPO I",TÉRMICA,Gás,"Jaguatirica II",RRJII,UTE.GN.RR.044619-0.01,6923500000
"2022-12-22 11:00:00",N,NORTE,RR,RORAIMA,"TIPO I",TÉRMICA,Gás,"Jaguatirica II",RRJII,UTE.GN.RR.044619-0.01,6966400000
"2022-12-22 12:00:00",N,NORTE,RR,RORAIMA,"TIPO I",TÉRMICA,Gás,"Jaguatirica II",RRJII,UTE.GN.RR.044619-0.01,7400000000
"2022-12-22 13:00:00",N,NORTE,RR,RORAIMA,"TIPO I",TÉRMICA,Gás,"Jaguatirica II",RRJII,UTE.GN.RR.044619-0.01,7400000000
"2022-12-22 14:00:00",N,NORTE,RR,RORAIMA,"TIPO I",TÉRMICA,Gás,"Jaguatirica II",RRJII,UTE.GN.RR.044619-0.01,6892100000
"2022-12-22 15:00:00",N,NORTE,RR,RORAIMA,"TIPO I",TÉRMICA,Gás,"Jaguatirica II",RRJII,UTE.GN.RR.044619-0.01,6889600000
"2022-12-22 16:00:00",N,NORTE,RR,RORAIMA,"TIPO I",TÉRMICA,Gás,"Jaguatirica II",RRJII,UTE.GN.RR.044619-0.01,6978100000
"2022-12-22 17:00:00",N,NORTE,RR,RORAIMA,"TIPO I",TÉRMICA,Gás,"Jaguatirica II",RRJII,UTE.GN.RR.044619-0.01,6906900000
"2022-12-22 18:00:00",N,NORTE,RR,RORAIMA,"TIPO I",TÉRMICA,Gás,"Jaguatirica II",RRJII,UTE.GN.RR.044619-0.01,6910800000
"2022-12-22 19:00:00",N,NORTE,RR,RORAIMA,"TIPO I",TÉRMICA,Gás,"Jaguatirica II",RRJII,UTE.GN.RR.044619-0.01,6919500000
"2022-12-22 20:00:00",N,NORTE,RR,RORAIMA,"TIPO I",TÉRMICA,Gás,"Jaguatirica II",RRJII,UTE.GN.RR.044619-0.01,6901300000
"2022-12-22 21:00:00",N,NORTE,RR,RORAIMA,"TIPO I",TÉRMICA,Gás,"Jaguatirica II",RRJII,UTE.GN.RR.044619-0.01,6880500000
"2022-12-22 22:00:00",N,NORTE,RR,RORAIMA,"TIPO I",TÉRMICA,Gás,"Jaguatirica II",RRJII,UTE.GN.RR.044619-0.01,6887900000
"2022-12-22 23:00:00",N,NORTE,RR,RORAIMA,"TIPO I",TÉRMICA,Gás,"Jaguatirica II",RRJII,UTE.GN.RR.044619-0.01,6886200000
"2022-12-23 00:00:00",N,NORTE,RR,RORAIMA,"TIPO I",TÉRMICA,Gás,"Jaguatirica II",RRJII,UTE.GN.RR.044619-0.01,6871600000
"2022-12-23 01:00:00",N,NORTE,RR,RORAIMA,"TIPO I",TÉRMICA,Gás,"Jaguatirica II",RRJII,UTE.GN.RR.044619-0.01,6896700000
"2022-12-23 02:00:00",N,NORTE,RR,RORAIMA,"TIPO I",TÉRMICA,Gás,"Jaguatirica II",RRJII,UTE.GN.RR.044619-0.01,6892200000
"2022-12-23 03:00:00",N,NORTE,RR,RORAIMA,"TIPO I",TÉRMICA,Gás,"Jaguatirica II",RRJII,UTE.GN.RR.044619-0.01,6890900000
"2022-12-23 04:00:00",N,NORTE,RR,RORAIMA,"TIPO I",TÉRMICA,Gás,"Jaguatirica II",RRJII,UTE.GN.RR.044619-0.01,6878900000
"2022-12-23 05:00:00",N,NORTE,RR,RORAIMA,"TIPO I",TÉRMICA,Gás,"Jaguatirica II",RRJII,UTE.GN.RR.044619-0.01,6898400000
"2022-12-23 06:00:00",N,NORTE,RR,RORAIMA,"TIPO I",TÉRMICA,Gás,"Jaguatirica II",RRJII,UTE.GN.RR.044619-0.01,6900200000
"2022-12-23 07:00:00",N,NORTE,RR,RORAIMA,"TIPO I",TÉRMICA,Gás,"Jaguatirica II",RRJII,UTE.GN.RR.044619-0.01,6902200000
"2022-12-23 08:00:00",N,NORTE,RR,RORAIMA,"TIPO I",TÉRMICA,Gás,"Jaguatirica II",RRJII,UTE.GN.RR.044619-0.01,6904700000
"2022-12-23 09:00:00",N,NORTE,RR,RORAIMA,"TIPO I",TÉRMICA,Gás,"Jaguatirica II",RRJII,UTE.GN.RR.044619-0.01,6912900000
"2022-12-23 10:00:00",N,NORTE,RR,RORAIMA,"TIPO I",TÉRMICA,Gás,"Jaguatirica II",RRJII,UTE.GN.RR.044619-0.01,6927700000
"2022-12-23 11:00:00",N,NORTE,RR,RORAIMA,"TIPO I",TÉRMICA,Gás,"Jaguatirica II",RRJII,UTE.GN.RR.044619-0.01,6924100000
"2022-12-23 12:00:00",N,NORTE,RR,RORAIMA,"TIPO I",TÉRMICA,Gás,"Jaguatirica II",RRJII,UTE.GN.RR.044619-0.01,6922000000
"2022-12-23 13:00:00",N,NORTE,RR,RORAIMA,"TIPO I",TÉRMICA,Gás,"Jaguatirica II",RRJII,UTE.GN.RR.044619-0.01,6908800000
"2022-12-23 14:00:00",N,NORTE,RR,RORAIMA,"TIPO I",TÉRMICA,Gás,"Jaguatirica II",RRJII,UTE.GN.RR.044619-0.01,6901600000
"2022-12-23 15:00:00",N,NORTE,RR,RORAIMA,"TIPO I",TÉRMICA,Gás,"Jaguatirica II",RRJII,UTE.GN.RR.044619-0.01,6897100000
"2022-12-23 16:00:00",N,NORTE,RR,RORAIMA,"TIPO I",TÉRMICA,Gás,"Jaguatirica II",RRJII,UTE.GN.RR.044619-0.01,6942000000
"2022-12-23 17:00:00",N,NORTE,RR,RORAIMA,"TIPO I",TÉRMICA,Gás,"Jaguatirica II",RRJII,UTE.GN.RR.044619-0.01,7063100000
"2022-12-23 18:00:00",N,NORTE,RR,RORAIMA,"TIPO I",TÉRMICA,Gás,"Jaguatirica II",RRJII,UTE.GN.RR.044619-0.01,6952600000
"2022-12-23 19:00:00",N,NORTE,RR,RORAIMA,"TIPO I",TÉRMICA,Gás,"Jaguatirica II",RRJII,UTE.GN.RR.044619-0.01,6902200000
"2022-12-23 20:00:00",N,NORTE,RR,RORAIMA,"TIPO I",TÉRMICA,Gás,"Jaguatirica II",RRJII,UTE.GN.RR.044619-0.01,6897200000
"2022-12-23 21:00:00",N,NORTE,RR,RORAIMA,"TIPO I",TÉRMICA,Gás,"Jaguatirica II",RRJII,UTE.GN.RR.044619-0.01,6894500000
"2022-12-23 22:00:00",N,NORTE,RR,RORAIMA,"TIPO I",TÉRMICA,Gás,"Jaguatirica II",RRJII,UTE.GN.RR.044619-0.01,6886200000
"2022-12-23 23:00:00",N,NORTE,RR,RORAIMA,"TIPO I",TÉRMICA,Gás,"Jaguatirica II",RRJII,UTE.GN.RR.044619-0.01,6885900000
"2022-12-24 00:00:00",N,NORTE,RR,RORAIMA,"TIPO I",TÉRMICA,Gás,"Jaguatirica II",RRJII,UTE.GN.RR.044619-0.01,6871200000
"2022-12-24 01:00:00",N,NORTE,RR,RORAIMA,"TIPO I",TÉRMICA,Gás,"Jaguatirica II",RRJII,UTE.GN.RR.044619-0.01,6871300000
"2022-12-24 02:00:00",N,NORTE,RR,RORAIMA,"TIPO I",TÉRMICA,Gás,"Jaguatirica II",RRJII,UTE.GN.RR.044619-0.01,6865700000
"2022-12-24 03:00:00",N,NORTE,RR,RORAIMA,"TIPO I",TÉRMICA,Gás,"Jaguatirica II",RRJII,UTE.GN.RR.044619-0.01,6868200000
"2022-12-24 04:00:00",N,NORTE,RR,RORAIMA,"TIPO I",TÉRMICA,Gás,"Jaguatirica II",RRJII,UTE.GN.RR.044619-0.01,6867000000
"2022-12-24 05:00:00",N,NORTE,RR,RORAIMA,"TIPO I",TÉRMICA,Gás,"Jaguatirica II",RRJII,UTE.GN.RR.044619-0.01,6864100000
"2022-12-24 06:00:00",N,NORTE,RR,RORAIMA,"TIPO I",TÉRMICA,Gás,"Jaguatirica II",RRJII,UTE.GN.RR.044619-0.01,6863000000
"2022-12-24 07:00:00",N,NORTE,RR,RORAIMA,"TIPO I",TÉRMICA,Gás,"Jaguatirica II",RRJII,UTE.GN.RR.044619-0.01,6856100000
"2022-12-24 08:00:00",N,NORTE,RR,RORAIMA,"TIPO I",TÉRMICA,Gás,"Jaguatirica II",RRJII,UTE.GN.RR.044619-0.01,6296200000
"2022-12-24 09:00:00",N,NORTE,RR,RORAIMA,"TIPO I",TÉRMICA,Gás,"Jaguatirica II",RRJII,UTE.GN.RR.044619-0.01,6227100000
"2022-12-24 10:00:00",N,NORTE,RR,RORAIMA,"TIPO I",TÉRMICA,Gás,"Jaguatirica II",RRJII,UTE.GN.RR.044619-0.01,6236300000
"2022-12-24 11:00:00",N,NORTE,RR,RORAIMA,"TIPO I",TÉRMICA,Gás,"Jaguatirica II",RRJII,UTE.GN.RR.044619-0.01,6236200000
"2022-12-24 12:00:00",N,NORTE,RR,RORAIMA,"TIPO I",TÉRMICA,Gás,"Jaguatirica II",RRJII,UTE.GN.RR.044619-0.01,6237000000
"2022-12-24 13:00:00",N,NORTE,RR,RORAIMA,"TIPO I",TÉRMICA,Gás,"Jaguatirica II",RRJII,UTE.GN.RR.044619-0.01,6462800000
"2022-12-24 14:00:00",N,NORTE,RR,RORAIMA,"TIPO I",TÉRMICA,Gás,"Jaguatirica II",RRJII,UTE.GN.RR.044619-0.01,6870700000
"2022-12-24 15:00:00",N,NORTE,RR,RORAIMA,"TIPO I",TÉRMICA,Gás,"Jaguatirica II",RRJII,UTE.GN.RR.044619-0.01,6867900000
"2022-12-24 16:00:00",N,NORTE,RR,RORAIMA,"TIPO I",TÉRMICA,Gás,"Jaguatirica II",RRJII,UTE.GN.RR.044619-0.01,6875000000
"2022-12-24 17:00:00",N,NORTE,RR,RORAIMA,"TIPO I",TÉRMICA,Gás,"Jaguatirica II",RRJII,UTE.GN.RR.044619-0.01,6879100000
"2022-12-24 18:00:00",N,NORTE,RR,RORAIMA,"TIPO I",TÉRMICA,Gás,"Jaguatirica II",RRJII,UTE.GN.RR.044619-0.01,6874500000
"2022-12-24 19:00:00",N,NORTE,RR,RORAIMA,"TIPO I",TÉRMICA,Gás,"Jaguatirica II",RRJII,UTE.GN.RR.044619-0.01,6875000000
"2022-12-24 20:00:00",N,NORTE,RR,RORAIMA,"TIPO I",TÉRMICA,Gás,"Jaguatirica II",RRJII,UTE.GN.RR.044619-0.01,6888100000
"2022-12-24 21:00:00",N,NORTE,RR,RORAIMA,"TIPO I",TÉRMICA,Gás,"Jaguatirica II",RRJII,UTE.GN.RR.044619-0.01,6892600000
"2022-12-24 22:00:00",N,NORTE,RR,RORAIMA,"TIPO I",TÉRMICA,Gás,"Jaguatirica II",RRJII,UTE.GN.RR.044619-0.01,6883300000
"2022-12-24 23:00:00",N,NORTE,RR,RORAIMA,"TIPO I",TÉRMICA,Gás,"Jaguatirica II",RRJII,UTE.GN.RR.044619-0.01,6885500000
"2022-12-25 00:00:00",N,NORTE,RR,RORAIMA,"TIPO I",TÉRMICA,Gás,"Jaguatirica II",RRJII,UTE.GN.RR.044619-0.01,6884800000
"2022-12-25 01:00:00",N,NORTE,RR,RORAIMA,"TIPO I",TÉRMICA,Gás,"Jaguatirica II",RRJII,UTE.GN.RR.044619-0.01,6882500000
"2022-12-25 02:00:00",N,NORTE,RR,RORAIMA,"TIPO I",TÉRMICA,Gás,"Jaguatirica II",RRJII,UTE.GN.RR.044619-0.01,6880100000
"2022-12-25 03:00:00",N,NORTE,RR,RORAIMA,"TIPO I",TÉRMICA,Gás,"Jaguatirica II",RRJII,UTE.GN.RR.044619-0.01,6877000000
"2022-12-25 04:00:00",N,NORTE,RR,RORAIMA,"TIPO I",TÉRMICA,Gás,"Jaguatirica II",RRJII,UTE.GN.RR.044619-0.01,6838300000
"2022-12-25 05:00:00",N,NORTE,RR,RORAIMA,"TIPO I",TÉRMICA,Gás,"Jaguatirica II",RRJII,UTE.GN.RR.044619-0.01,6823300000
"2022-12-25 06:00:00",N,NORTE,RR,RORAIMA,"TIPO I",TÉRMICA,Gás,"Jaguatirica II",RRJII,UTE.GN.RR.044619-0.01,6798600000
"2022-12-25 07:00:00",N,NORTE,RR,RORAIMA,"TIPO I",TÉRMICA,Gás,"Jaguatirica II",RRJII,UTE.GN.RR.044619-0.01,6822000000
"2022-12-25 08:00:00",N,NORTE,RR,RORAIMA,"TIPO I",TÉRMICA,Gás,"Jaguatirica II",RRJII,UTE.GN.RR.044619-0.01,6827900000
"2022-12-25 09:00:00",N,NORTE,RR,RORAIMA,"TIPO I",TÉRMICA,Gás,"Jaguatirica II",RRJII,UTE.GN.RR.044619-0.01,6695400000
"2022-12-25 10:00:00",N,NORTE,RR,RORAIMA,"TIPO I",TÉRMICA,Gás,"Jaguatirica II",RRJII,UTE.GN.RR.044619-0.01,6168300000
"2022-12-25 11:00:00",N,NORTE,RR,RORAIMA,"TIPO I",TÉRMICA,Gás,"Jaguatirica II",RRJII,UTE.GN.RR.044619-0.01,6036100000
"2022-12-25 12:00:00",N,NORTE,RR,RORAIMA,"TIPO I",TÉRMICA,Gás,"Jaguatirica II",RRJII,UTE.GN.RR.044619-0.01,6040300000
"2022-12-25 13:00:00",N,NORTE,RR,RORAIMA,"TIPO I",TÉRMICA,Gás,"Jaguatirica II",RRJII,UTE.GN.RR.044619-0.01,5743800000
"2022-12-25 14:00:00",N,NORTE,RR,RORAIMA,"TIPO I",TÉRMICA,Gás,"Jaguatirica II",RRJII,UTE.GN.RR.044619-0.01,5842900000
"2022-12-25 15:00:00",N,NORTE,RR,RORAIMA,"TIPO I",TÉRMICA,Gás,"Jaguatirica II",RRJII,UTE.GN.RR.044619-0.01,6561000000
"2022-12-25 16:00:00",N,NORTE,RR,RORAIMA,"TIPO I",TÉRMICA,Gás,"Jaguatirica II",RRJII,UTE.GN.RR.044619-0.01,6845100000
"2022-12-25 17:00:00",N,NORTE,RR,RORAIMA,"TIPO I",TÉRMICA,Gás,"Jaguatirica II",RRJII,UTE.GN.RR.044619-0.01,6841400000
"2022-12-25 18:00:00",N,NORTE,RR,RORAIMA,"TIPO I",TÉRMICA,Gás,"Jaguatirica II",RRJII,UTE.GN.RR.044619-0.01,6855700000
"2022-12-25 19:00:00",N,NORTE,RR,RORAIMA,"TIPO I",TÉRMICA,Gás,"Jaguatirica II",RRJII,UTE.GN.RR.044619-0.01,6857300000
"2022-12-25 20:00:00",N,NORTE,RR,RORAIMA,"TIPO I",TÉRMICA,Gás,"Jaguatirica II",RRJII,UTE.GN.RR.044619-0.01,6856500000
"2022-12-25 21:00:00",N,NORTE,RR,RORAIMA,"TIPO I",TÉRMICA,Gás,"Jaguatirica II",RRJII,UTE.GN.RR.044619-0.01,6852000000
"2022-12-25 22:00:00",N,NORTE,RR,RORAIMA,"TIPO I",TÉRMICA,Gás,"Jaguatirica II",RRJII,UTE.GN.RR.044619-0.01,6853800000
"2022-12-25 23:00:00",N,NORTE,RR,RORAIMA,"TIPO I",TÉRMICA,Gás,"Jaguatirica II",RRJII,UTE.GN.RR.044619-0.01,6853600000
"2022-12-26 00:00:00",N,NORTE,RR,RORAIMA,"TIPO I",TÉRMICA,Gás,"Jaguatirica II",RRJII,UTE.GN.RR.044619-0.01,6858400000
"2022-12-26 01:00:00",N,NORTE,RR,RORAIMA,"TIPO I",TÉRMICA,Gás,"Jaguatirica II",RRJII,UTE.GN.RR.044619-0.01,6861900000
"2022-12-26 02:00:00",N,NORTE,RR,RORAIMA,"TIPO I",TÉRMICA,Gás,"Jaguatirica II",RRJII,UTE.GN.RR.044619-0.01,6860900000
"2022-12-26 03:00:00",N,NORTE,RR,RORAIMA,"TIPO I",TÉRMICA,Gás,"Jaguatirica II",RRJII,UTE.GN.RR.044619-0.01,6858600000
"2022-12-26 04:00:00",N,NORTE,RR,RORAIMA,"TIPO I",TÉRMICA,Gás,"Jaguatirica II",RRJII,UTE.GN.RR.044619-0.01,6859400000
"2022-12-26 05:00:00",N,NORTE,RR,RORAIMA,"TIPO I",TÉRMICA,Gás,"Jaguatirica II",RRJII,UTE.GN.RR.044619-0.01,6862200000
"2022-12-26 06:00:00",N,NORTE,RR,RORAIMA,"TIPO I",TÉRMICA,Gás,"Jaguatirica II",RRJII,UTE.GN.RR.044619-0.01,6861200000
"2022-12-26 07:00:00",N,NORTE,RR,RORAIMA,"TIPO I",TÉRMICA,Gás,"Jaguatirica II",RRJII,UTE.GN.RR.044619-0.01,6858000000
"2022-12-26 08:00:00",N,NORTE,RR,RORAIMA,"TIPO I",TÉRMICA,Gás,"Jaguatirica II",RRJII,UTE.GN.RR.044619-0.01,6858900000
"2022-12-26 09:00:00",N,NORTE,RR,RORAIMA,"TIPO I",TÉRMICA,Gás,"Jaguatirica II",RRJII,UTE.GN.RR.044619-0.01,6862800000
"2022-12-26 10:00:00",N,NORTE,RR,RORAIMA,"TIPO I",TÉRMICA,Gás,"Jaguatirica II",RRJII,UTE.GN.RR.044619-0.01,6862800000
"2022-12-26 11:00:00",N,NORTE,RR,RORAIMA,"TIPO I",TÉRMICA,Gás,"Jaguatirica II",RRJII,UTE.GN.RR.044619-0.01,6863500000
"2022-12-26 12:00:00",N,NORTE,RR,RORAIMA,"TIPO I",TÉRMICA,Gás,"Jaguatirica II",RRJII,UTE.GN.RR.044619-0.01,6873500000
"2022-12-26 13:00:00",N,NORTE,RR,RORAIMA,"TIPO I",TÉRMICA,Gás,"Jaguatirica II",RRJII,UTE.GN.RR.044619-0.01,6878000000
"2022-12-26 14:00:00",N,NORTE,RR,RORAIMA,"TIPO I",TÉRMICA,Gás,"Jaguatirica II",RRJII,UTE.GN.RR.044619-0.01,6885200000
"2022-12-26 15:00:00",N,NORTE,RR,RORAIMA,"TIPO I",TÉRMICA,Gás,"Jaguatirica II",RRJII,UTE.GN.RR.044619-0.01,6891700000
"2022-12-26 16:00:00",N,NORTE,RR,RORAIMA,"TIPO I",TÉRMICA,Gás,"Jaguatirica II",RRJII,UTE.GN.RR.044619-0.01,6897500000
"2022-12-26 17:00:00",N,NORTE,RR,RORAIMA,"TIPO I",TÉRMICA,Gás,"Jaguatirica II",RRJII,UTE.GN.RR.044619-0.01,6896800000
"2022-12-26 18:00:00",N,NORTE,RR,RORAIMA,"TIPO I",TÉRMICA,Gás,"Jaguatirica II",RRJII,UTE.GN.RR.044619-0.01,6894500000
"2022-12-26 19:00:00",N,NORTE,RR,RORAIMA,"TIPO I",TÉRMICA,Gás,"Jaguatirica II",RRJII,UTE.GN.RR.044619-0.01,6903600000
"2022-12-26 20:00:00",N,NORTE,RR,RORAIMA,"TIPO I",TÉRMICA,Gás,"Jaguatirica II",RRJII,UTE.GN.RR.044619-0.01,6911700000
"2022-12-26 21:00:00",N,NORTE,RR,RORAIMA,"TIPO I",TÉRMICA,Gás,"Jaguatirica II",RRJII,UTE.GN.RR.044619-0.01,6874500000
"2022-12-26 22:00:00",N,NORTE,RR,RORAIMA,"TIPO I",TÉRMICA,Gás,"Jaguatirica II",RRJII,UTE.GN.RR.044619-0.01,6870000000
"2022-12-26 23:00:00",N,NORTE,RR,RORAIMA,"TIPO I",TÉRMICA,Gás,"Jaguatirica II",RRJII,UTE.GN.RR.044619-0.01,6866900000
"2022-12-27 00:00:00",N,NORTE,RR,RORAIMA,"TIPO I",TÉRMICA,Gás,"Jaguatirica II",RRJII,UTE.GN.RR.044619-0.01,6868300000
"2022-12-27 01:00:00",N,NORTE,RR,RORAIMA,"TIPO I",TÉRMICA,Gás,"Jaguatirica II",RRJII,UTE.GN.RR.044619-0.01,6865200000
"2022-12-27 02:00:00",N,NORTE,RR,RORAIMA,"TIPO I",TÉRMICA,Gás,"Jaguatirica II",RRJII,UTE.GN.RR.044619-0.01,6859500000
"2022-12-27 03:00:00",N,NORTE,RR,RORAIMA,"TIPO I",TÉRMICA,Gás,"Jaguatirica II",RRJII,UTE.GN.RR.044619-0.01,6858400000
"2022-12-27 04:00:00",N,NORTE,RR,RORAIMA,"TIPO I",TÉRMICA,Gás,"Jaguatirica II",RRJII,UTE.GN.RR.044619-0.01,6857500000
"2022-12-27 05:00:00",N,NORTE,RR,RORAIMA,"TIPO I",TÉRMICA,Gás,"Jaguatirica II",RRJII,UTE.GN.RR.044619-0.01,6857100000
"2022-12-27 06:00:00",N,NORTE,RR,RORAIMA,"TIPO I",TÉRMICA,Gás,"Jaguatirica II",RRJII,UTE.GN.RR.044619-0.01,6857700000
"2022-12-27 07:00:00",N,NORTE,RR,RORAIMA,"TIPO I",TÉRMICA,Gás,"Jaguatirica II",RRJII,UTE.GN.RR.044619-0.01,6857300000
"2022-12-27 08:00:00",N,NORTE,RR,RORAIMA,"TIPO I",TÉRMICA,Gás,"Jaguatirica II",RRJII,UTE.GN.RR.044619-0.01,6884600000
"2022-12-27 09:00:00",N,NORTE,RR,RORAIMA,"TIPO I",TÉRMICA,Gás,"Jaguatirica II",RRJII,UTE.GN.RR.044619-0.01,6886500000
"2022-12-27 10:00:00",N,NORTE,RR,RORAIMA,"TIPO I",TÉRMICA,Gás,"Jaguatirica II",RRJII,UTE.GN.RR.044619-0.01,6873600000
"2022-12-27 11:00:00",N,NORTE,RR,RORAIMA,"TIPO I",TÉRMICA,Gás,"Jaguatirica II",RRJII,UTE.GN.RR.044619-0.01,6871400000
"2022-12-27 12:00:00",N,NORTE,RR,RORAIMA,"TIPO I",TÉRMICA,Gás,"Jaguatirica II",RRJII,UTE.GN.RR.044619-0.01,6858900000
"2022-12-27 13:00:00",N,NORTE,RR,RORAIMA,"TIPO I",TÉRMICA,Gás,"Jaguatirica II",RRJII,UTE.GN.RR.044619-0.01,6861500000
"2022-12-27 14:00:00",N,NORTE,RR,RORAIMA,"TIPO I",TÉRMICA,Gás,"Jaguatirica II",RRJII,UTE.GN.RR.044619-0.01,6867500000
"2022-12-27 15:00:00",N,NORTE,RR,RORAIMA,"TIPO I",TÉRMICA,Gás,"Jaguatirica II",RRJII,UTE.GN.RR.044619-0.01,6870600000
"2022-12-27 16:00:00",N,NORTE,RR,RORAIMA,"TIPO I",TÉRMICA,Gás,"Jaguatirica II",RRJII,UTE.GN.RR.044619-0.01,6872600000
"2022-12-27 17:00:00",N,NORTE,RR,RORAIMA,"TIPO I",TÉRMICA,Gás,"Jaguatirica II",RRJII,UTE.GN.RR.044619-0.01,6872900000
"2022-12-27 18:00:00",N,NORTE,RR,RORAIMA,"TIPO I",TÉRMICA,Gás,"Jaguatirica II",RRJII,UTE.GN.RR.044619-0.01,6865200000
"2022-12-27 19:00:00",N,NORTE,RR,RORAIMA,"TIPO I",TÉRMICA,Gás,"Jaguatirica II",RRJII,UTE.GN.RR.044619-0.01,6865200000
"2022-12-27 20:00:00",N,NORTE,RR,RORAIMA,"TIPO I",TÉRMICA,Gás,"Jaguatirica II",RRJII,UTE.GN.RR.044619-0.01,6862900000
"2022-12-27 21:00:00",N,NORTE,RR,RORAIMA,"TIPO I",TÉRMICA,Gás,"Jaguatirica II",RRJII,UTE.GN.RR.044619-0.01,6862000000
"2022-12-27 22:00:00",N,NORTE,RR,RORAIMA,"TIPO I",TÉRMICA,Gás,"Jaguatirica II",RRJII,UTE.GN.RR.044619-0.01,6857000000
"2022-12-27 23:00:00",N,NORTE,RR,RORAIMA,"TIPO I",TÉRMICA,Gás,"Jaguatirica II",RRJII,UTE.GN.RR.044619-0.01,6854500000
"2022-12-28 00:00:00",N,NORTE,RR,RORAIMA,"TIPO I",TÉRMICA,Gás,"Jaguatirica II",RRJII,UTE.GN.RR.044619-0.01,6853900000
"2022-12-28 01:00:00",N,NORTE,RR,RORAIMA,"TIPO I",TÉRMICA,Gás,"Jaguatirica II",RRJII,UTE.GN.RR.044619-0.01,6851800000
"2022-12-28 02:00:00",N,NORTE,RR,RORAIMA,"TIPO I",TÉRMICA,Gás,"Jaguatirica II",RRJII,UTE.GN.RR.044619-0.01,6851900000
"2022-12-28 03:00:00",N,NORTE,RR,RORAIMA,"TIPO I",TÉRMICA,Gás,"Jaguatirica II",RRJII,UTE.GN.RR.044619-0.01,6851200000
"2022-12-28 04:00:00",N,NORTE,RR,RORAIMA,"TIPO I",TÉRMICA,Gás,"Jaguatirica II",RRJII,UTE.GN.RR.044619-0.01,6852800000
"2022-12-28 05:00:00",N,NORTE,RR,RORAIMA,"TIPO I",TÉRMICA,Gás,"Jaguatirica II",RRJII,UTE.GN.RR.044619-0.01,6854200000
"2022-12-28 06:00:00",N,NORTE,RR,RORAIMA,"TIPO I",TÉRMICA,Gás,"Jaguatirica II",RRJII,UTE.GN.RR.044619-0.01,6860200000
"2022-12-28 07:00:00",N,NORTE,RR,RORAIMA,"TIPO I",TÉRMICA,Gás,"Jaguatirica II",RRJII,UTE.GN.RR.044619-0.01,6858800000
"2022-12-28 08:00:00",N,NORTE,RR,RORAIMA,"TIPO I",TÉRMICA,Gás,"Jaguatirica II",RRJII,UTE.GN.RR.044619-0.01,6864000000
"2022-12-28 09:00:00",N,NORTE,RR,RORAIMA,"TIPO I",TÉRMICA,Gás,"Jaguatirica II",RRJII,UTE.GN.RR.044619-0.01,6893300000
"2022-12-28 10:00:00",N,NORTE,RR,RORAIMA,"TIPO I",TÉRMICA,Gás,"Jaguatirica II",RRJII,UTE.GN.RR.044619-0.01,6871300000
"2022-12-28 11:00:00",N,NORTE,RR,RORAIMA,"TIPO I",TÉRMICA,Gás,"Jaguatirica II",RRJII,UTE.GN.RR.044619-0.01,6871500000
"2022-12-28 12:00:00",N,NORTE,RR,RORAIMA,"TIPO I",TÉRMICA,Gás,"Jaguatirica II",RRJII,UTE.GN.RR.044619-0.01,6866800000
"2022-12-28 13:00:00",N,NORTE,RR,RORAIMA,"TIPO I",TÉRMICA,Gás,"Jaguatirica II",RRJII,UTE.GN.RR.044619-0.01,6869200000
"2022-12-28 14:00:00",N,NORTE,RR,RORAIMA,"TIPO I",TÉRMICA,Gás,"Jaguatirica II",RRJII,UTE.GN.RR.044619-0.01,6872400000
"2022-12-28 15:00:00",N,NORTE,RR,RORAIMA,"TIPO I",TÉRMICA,Gás,"Jaguatirica II",RRJII,UTE.GN.RR.044619-0.01,6860900000
"2022-12-28 16:00:00",N,NORTE,RR,RORAIMA,"TIPO I",TÉRMICA,Gás,"Jaguatirica II",RRJII,UTE.GN.RR.044619-0.01,6843200000
"2022-12-28 17:00:00",N,NORTE,RR,RORAIMA,"TIPO I",TÉRMICA,Gás,"Jaguatirica II",RRJII,UTE.GN.RR.044619-0.01,6854000000
"2022-12-28 18:00:00",N,NORTE,RR,RORAIMA,"TIPO I",TÉRMICA,Gás,"Jaguatirica II",RRJII,UTE.GN.RR.044619-0.01,6883700000
"2022-12-28 19:00:00",N,NORTE,RR,RORAIMA,"TIPO I",TÉRMICA,Gás,"Jaguatirica II",RRJII,UTE.GN.RR.044619-0.01,6876700000
"2022-12-28 20:00:00",N,NORTE,RR,RORAIMA,"TIPO I",TÉRMICA,Gás,"Jaguatirica II",RRJII,UTE.GN.RR.044619-0.01,6873500000
"2022-12-28 21:00:00",N,NORTE,RR,RORAIMA,"TIPO I",TÉRMICA,Gás,"Jaguatirica II",RRJII,UTE.GN.RR.044619-0.01,6849000000
"2022-12-28 22:00:00",N,NORTE,RR,RORAIMA,"TIPO I",TÉRMICA,Gás,"Jaguatirica II",RRJII,UTE.GN.RR.044619-0.01,6859500000
"2022-12-28 23:00:00",N,NORTE,RR,RORAIMA,"TIPO I",TÉRMICA,Gás,"Jaguatirica II",RRJII,UTE.GN.RR.044619-0.01,6857000000
"2022-12-29 00:00:00",N,NORTE,RR,RORAIMA,"TIPO I",TÉRMICA,Gás,"Jaguatirica II",RRJII,UTE.GN.RR.044619-0.01,6831700000
"2022-12-29 01:00:00",N,NORTE,RR,RORAIMA,"TIPO I",TÉRMICA,Gás,"Jaguatirica II",RRJII,UTE.GN.RR.044619-0.01,6861400000
"2022-12-29 02:00:00",N,NORTE,RR,RORAIMA,"TIPO I",TÉRMICA,Gás,"Jaguatirica II",RRJII,UTE.GN.RR.044619-0.01,6862800000
"2022-12-29 03:00:00",N,NORTE,RR,RORAIMA,"TIPO I",TÉRMICA,Gás,"Jaguatirica II",RRJII,UTE.GN.RR.044619-0.01,6858100000
"2022-12-29 04:00:00",N,NORTE,RR,RORAIMA,"TIPO I",TÉRMICA,Gás,"Jaguatirica II",RRJII,UTE.GN.RR.044619-0.01,6857200000
"2022-12-29 05:00:00",N,NORTE,RR,RORAIMA,"TIPO I",TÉRMICA,Gás,"Jaguatirica II",RRJII,UTE.GN.RR.044619-0.01,6861400000
"2022-12-29 06:00:00",N,NORTE,RR,RORAIMA,"TIPO I",TÉRMICA,Gás,"Jaguatirica II",RRJII,UTE.GN.RR.044619-0.01,6886000000
"2022-12-29 07:00:00",N,NORTE,RR,RORAIMA,"TIPO I",TÉRMICA,Gás,"Jaguatirica II",RRJII,UTE.GN.RR.044619-0.01,6885200000
"2022-12-29 08:00:00",N,NORTE,RR,RORAIMA,"TIPO I",TÉRMICA,Gás,"Jaguatirica II",RRJII,UTE.GN.RR.044619-0.01,6888500000
"2022-12-29 09:00:00",N,NORTE,RR,RORAIMA,"TIPO I",TÉRMICA,Gás,"Jaguatirica II",RRJII,UTE.GN.RR.044619-0.01,6891700000
"2022-12-29 10:00:00",N,NORTE,RR,RORAIMA,"TIPO I",TÉRMICA,Gás,"Jaguatirica II",RRJII,UTE.GN.RR.044619-0.01,6888300000
"2022-12-29 11:00:00",N,NORTE,RR,RORAIMA,"TIPO I",TÉRMICA,Gás,"Jaguatirica II",RRJII,UTE.GN.RR.044619-0.01,6870100000
"2022-12-29 12:00:00",N,NORTE,RR,RORAIMA,"TIPO I",TÉRMICA,Gás,"Jaguatirica II",RRJII,UTE.GN.RR.044619-0.01,6871600000
"2022-12-29 13:00:00",N,NORTE,RR,RORAIMA,"TIPO I",TÉRMICA,Gás,"Jaguatirica II",RRJII,UTE.GN.RR.044619-0.01,6875900000
"2022-12-29 14:00:00",N,NORTE,RR,RORAIMA,"TIPO I",TÉRMICA,Gás,"Jaguatirica II",RRJII,UTE.GN.RR.044619-0.01,6885800000
"2022-12-29 15:00:00",N,NORTE,RR,RORAIMA,"TIPO I",TÉRMICA,Gás,"Jaguatirica II",RRJII,UTE.GN.RR.044619-0.01,6891800000
"2022-12-29 16:00:00",N,NORTE,RR,RORAIMA,"TIPO I",TÉRMICA,Gás,"Jaguatirica II",RRJII,UTE.GN.RR.044619-0.01,6877200000
"2022-12-29 17:00:00",N,NORTE,RR,RORAIMA,"TIPO I",TÉRMICA,Gás,"Jaguatirica II",RRJII,UTE.GN.RR.044619-0.01,6879900000
"2022-12-29 18:00:00",N,NORTE,RR,RORAIMA,"TIPO I",TÉRMICA,Gás,"Jaguatirica II",RRJII,UTE.GN.RR.044619-0.01,6874400000
"2022-12-29 19:00:00",N,NORTE,RR,RORAIMA,"TIPO I",TÉRMICA,Gás,"Jaguatirica II",RRJII,UTE.GN.RR.044619-0.01,6878900000
"2022-12-29 20:00:00",N,NORTE,RR,RORAIMA,"TIPO I",TÉRMICA,Gás,"Jaguatirica II",RRJII,UTE.GN.RR.044619-0.01,6882000000
"2022-12-29 21:00:00",N,NORTE,RR,RORAIMA,"TIPO I",TÉRMICA,Gás,"Jaguatirica II",RRJII,UTE.GN.RR.044619-0.01,6879900000
"2022-12-29 22:00:00",N,NORTE,RR,RORAIMA,"TIPO I",TÉRMICA,Gás,"Jaguatirica II",RRJII,UTE.GN.RR.044619-0.01,6884900000
"2022-12-29 23:00:00",N,NORTE,RR,RORAIMA,"TIPO I",TÉRMICA,Gás,"Jaguatirica II",RRJII,UTE.GN.RR.044619-0.01,6893900000
"2022-12-30 00:00:00",N,NORTE,RR,RORAIMA,"TIPO I",TÉRMICA,Gás,"Jaguatirica II",RRJII,UTE.GN.RR.044619-0.01,6892900000
"2022-12-30 01:00:00",N,NORTE,RR,RORAIMA,"TIPO I",TÉRMICA,Gás,"Jaguatirica II",RRJII,UTE.GN.RR.044619-0.01,6892600000
"2022-12-30 02:00:00",N,NORTE,RR,RORAIMA,"TIPO I",TÉRMICA,Gás,"Jaguatirica II",RRJII,UTE.GN.RR.044619-0.01,6888100000
"2022-12-30 03:00:00",N,NORTE,RR,RORAIMA,"TIPO I",TÉRMICA,Gás,"Jaguatirica II",RRJII,UTE.GN.RR.044619-0.01,6886400000
"2022-12-30 04:00:00",N,NORTE,RR,RORAIMA,"TIPO I",TÉRMICA,Gás,"Jaguatirica II",RRJII,UTE.GN.RR.044619-0.01,6882000000
"2022-12-30 05:00:00",N,NORTE,RR,RORAIMA,"TIPO I",TÉRMICA,Gás,"Jaguatirica II",RRJII,UTE.GN.RR.044619-0.01,6885500000
"2022-12-30 06:00:00",N,NORTE,RR,RORAIMA,"TIPO I",TÉRMICA,Gás,"Jaguatirica II",RRJII,UTE.GN.RR.044619-0.01,6884600000
"2022-12-30 07:00:00",N,NORTE,RR,RORAIMA,"TIPO I",TÉRMICA,Gás,"Jaguatirica II",RRJII,UTE.GN.RR.044619-0.01,6887000000
"2022-12-30 08:00:00",N,NORTE,RR,RORAIMA,"TIPO I",TÉRMICA,Gás,"Jaguatirica II",RRJII,UTE.GN.RR.044619-0.01,6889900000
"2022-12-30 09:00:00",N,NORTE,RR,RORAIMA,"TIPO I",TÉRMICA,Gás,"Jaguatirica II",RRJII,UTE.GN.RR.044619-0.01,6886300000
"2022-12-30 10:00:00",N,NORTE,RR,RORAIMA,"TIPO I",TÉRMICA,Gás,"Jaguatirica II",RRJII,UTE.GN.RR.044619-0.01,6890100000
"2022-12-30 11:00:00",N,NORTE,RR,RORAIMA,"TIPO I",TÉRMICA,Gás,"Jaguatirica II",RRJII,UTE.GN.RR.044619-0.01,6890200000
"2022-12-30 12:00:00",N,NORTE,RR,RORAIMA,"TIPO I",TÉRMICA,Gás,"Jaguatirica II",RRJII,UTE.GN.RR.044619-0.01,6887200000
"2022-12-30 13:00:00",N,NORTE,RR,RORAIMA,"TIPO I",TÉRMICA,Gás,"Jaguatirica II",RRJII,UTE.GN.RR.044619-0.01,6879700000
"2022-12-30 14:00:00",N,NORTE,RR,RORAIMA,"TIPO I",TÉRMICA,Gás,"Jaguatirica II",RRJII,UTE.GN.RR.044619-0.01,6863600000
"2022-12-30 15:00:00",N,NORTE,RR,RORAIMA,"TIPO I",TÉRMICA,Gás,"Jaguatirica II",RRJII,UTE.GN.RR.044619-0.01,6872300000
"2022-12-30 16:00:00",N,NORTE,RR,RORAIMA,"TIPO I",TÉRMICA,Gás,"Jaguatirica II",RRJII,UTE.GN.RR.044619-0.01,6874600000
"2022-12-30 17:00:00",N,NORTE,RR,RORAIMA,"TIPO I",TÉRMICA,Gás,"Jaguatirica II",RRJII,UTE.GN.RR.044619-0.01,6866900000
"2022-12-30 18:00:00",N,NORTE,RR,RORAIMA,"TIPO I",TÉRMICA,Gás,"Jaguatirica II",RRJII,UTE.GN.RR.044619-0.01,6874700000
"2022-12-30 19:00:00",N,NORTE,RR,RORAIMA,"TIPO I",TÉRMICA,Gás,"Jaguatirica II",RRJII,UTE.GN.RR.044619-0.01,6895100000
"2022-12-30 20:00:00",N,NORTE,RR,RORAIMA,"TIPO I",TÉRMICA,Gás,"Jaguatirica II",RRJII,UTE.GN.RR.044619-0.01,6896500000
"2022-12-30 21:00:00",N,NORTE,RR,RORAIMA,"TIPO I",TÉRMICA,Gás,"Jaguatirica II",RRJII,UTE.GN.RR.044619-0.01,6892400000
"2022-12-30 22:00:00",N,NORTE,RR,RORAIMA,"TIPO I",TÉRMICA,Gás,"Jaguatirica II",RRJII,UTE.GN.RR.044619-0.01,6893500000
"2022-12-30 23:00:00",N,NORTE,RR,RORAIMA,"TIPO I",TÉRMICA,Gás,"Jaguatirica II",RRJII,UTE.GN.RR.044619-0.01,6891600000
"2022-12-31 00:00:00",N,NORTE,RR,RORAIMA,"TIPO I",TÉRMICA,Gás,"Jaguatirica II",RRJII,UTE.GN.RR.044619-0.01,6888800000
"2022-12-31 01:00:00",N,NORTE,RR,RORAIMA,"TIPO I",TÉRMICA,Gás,"Jaguatirica II",RRJII,UTE.GN.RR.044619-0.01,6887800000
"2022-12-31 02:00:00",N,NORTE,RR,RORAIMA,"TIPO I",TÉRMICA,Gás,"Jaguatirica II",RRJII,UTE.GN.RR.044619-0.01,6888900000
"2022-12-31 03:00:00",N,NORTE,RR,RORAIMA,"TIPO I",TÉRMICA,Gás,"Jaguatirica II",RRJII,UTE.GN.RR.044619-0.01,6886700000
"2022-12-31 04:00:00",N,NORTE,RR,RORAIMA,"TIPO I",TÉRMICA,Gás,"Jaguatirica II",RRJII,UTE.GN.RR.044619-0.01,6882700000
"2022-12-31 05:00:00",N,NORTE,RR,RORAIMA,"TIPO I",TÉRMICA,Gás,"Jaguatirica II",RRJII,UTE.GN.RR.044619-0.01,6885400000
"2022-12-31 06:00:00",N,NORTE,RR,RORAIMA,"TIPO I",TÉRMICA,Gás,"Jaguatirica II",RRJII,UTE.GN.RR.044619-0.01,6884600000
"2022-12-31 07:00:00",N,NORTE,RR,RORAIMA,"TIPO I",TÉRMICA,Gás,"Jaguatirica II",RRJII,UTE.GN.RR.044619-0.01,6885900000
"2022-12-31 08:00:00",N,NORTE,RR,RORAIMA,"TIPO I",TÉRMICA,Gás,"Jaguatirica II",RRJII,UTE.GN.RR.044619-0.01,6885400000
"2022-12-31 09:00:00",N,NORTE,RR,RORAIMA,"TIPO I",TÉRMICA,Gás,"Jaguatirica II",RRJII,UTE.GN.RR.044619-0.01,6886000000
"2022-12-31 10:00:00",N,NORTE,RR,RORAIMA,"TIPO I",TÉRMICA,Gás,"Jaguatirica II",RRJII,UTE.GN.RR.044619-0.01,6888400000
"2022-12-31 11:00:00",N,NORTE,RR,RORAIMA,"TIPO I",TÉRMICA,Gás,"Jaguatirica II",RRJII,UTE.GN.RR.044619-0.01,6877100000
"2022-12-31 12:00:00",N,NORTE,RR,RORAIMA,"TIPO I",TÉRMICA,Gás,"Jaguatirica II",RRJII,UTE.GN.RR.044619-0.01,6872900000
"2022-12-31 13:00:00",N,NORTE,RR,RORAIMA,"TIPO I",TÉRMICA,Gás,"Jaguatirica II",RRJII,UTE.GN.RR.044619-0.01,6874500000
"2022-12-31 14:00:00",N,NORTE,RR,RORAIMA,"TIPO I",TÉRMICA,Gás,"Jaguatirica II",RRJII,UTE.GN.RR.044619-0.01,6872700000
"2022-12-31 15:00:00",N,NORTE,RR,RORAIMA,"TIPO I",TÉRMICA,Gás,"Jaguatirica II",RRJII,UTE.GN.RR.044619-0.01,6866400000
"2022-12-31 16:00:00",N,NORTE,RR,RORAIMA,"TIPO I",TÉRMICA,Gás,"Jaguatirica II",RRJII,UTE.GN.RR.044619-0.01,6861400000
"2022-12-31 17:00:00",N,NORTE,RR,RORAIMA,"TIPO I",TÉRMICA,Gás,"Jaguatirica II",RRJII,UTE.GN.RR.044619-0.01,6856200000
"2022-12-31 18:00:00",N,NORTE,RR,RORAIMA,"TIPO I",TÉRMICA,Gás,"Jaguatirica II",RRJII,UTE.GN.RR.044619-0.01,6878700000
"2022-12-31 19:00:00",N,NORTE,RR,RORAIMA,"TIPO I",TÉRMICA,Gás,"Jaguatirica II",RRJII,UTE.GN.RR.044619-0.01,6882900000
"2022-12-31 20:00:00",N,NORTE,RR,RORAIMA,"TIPO I",TÉRMICA,Gás,"Jaguatirica II",RRJII,UTE.GN.RR.044619-0.01,6880900000
"2022-12-31 21:00:00",N,NORTE,RR,RORAIMA,"TIPO I",TÉRMICA,Gás,"Jaguatirica II",RRJII,UTE.GN.RR.044619-0.01,6888900000
"2022-12-31 22:00:00",N,NORTE,RR,RORAIMA,"TIPO I",TÉRMICA,Gás,"Jaguatirica II",RRJII,UTE.GN.RR.044619-0.01,6885400000
"2022-12-31 23:00:00",N,NORTE,RR,RORAIMA,"TIPO I",TÉRMICA,Gás,"Jaguatirica II",RRJII,UTE.GN.RR.044619-0.01,6887600000
